  0.00       0.00    1500.00     3.14927   0.180     4.16181     7.28180     2.41556
  0.10       5.74    1500.00     3.15503   0.180     4.17021     7.29812     2.41420
  0.20       9.64    1500.00     3.16122   0.180     4.17948     7.31480     2.41284
  0.30      13.55    1500.00     3.16800   0.180     4.18992     7.33204     2.41146
  0.40      17.22    1500.00     3.17557   0.180     4.20196     7.35010     2.41005
  0.50      20.74    1500.00     3.18425   0.180     4.21626     7.36939     2.40860
  0.60      24.26    1500.00     3.19459   0.180     4.23390     7.39062     2.40707
  0.70      27.30    1500.00     3.20751   0.180     4.25687     7.41504     2.40540
  0.80      30.33    1500.00     3.24029   0.180     4.32034     7.46961     2.40179
  0.90      33.35    1500.00     3.24391   0.180     4.32433     7.48409     2.40041
  1.00      36.37    1500.00     3.24750   0.180     4.32827     7.49842     2.39904
  1.10      39.40    1500.00     3.25107   0.180     4.33217     7.51259     2.39770
  1.20      42.39    1500.00     3.25461   0.180     4.33603     7.52661     2.39637
  1.30      45.37    1500.00     3.25812   0.180     4.33986     7.54048     2.39505
  1.40      48.36    1500.00     3.26161   0.180     4.34365     7.55422     2.39375
  1.50      51.34    1500.00     3.26508   0.180     4.34740     7.56783     2.39246
  1.60      54.33    1500.00     3.26852   0.180     4.35112     7.58131     2.39119
  1.70      57.31    1500.00     3.27194   0.180     4.35480     7.59466     2.38993
  1.80      60.30    1500.00     3.29202   0.180     4.38632     7.68890     2.38782
  1.90      63.33    1500.00     3.30000   0.180     4.39752     7.72497     2.38607
  2.00      66.36    1500.00     3.30692   0.180     4.40708     7.75569     2.38449
  2.10      69.39    1500.00     3.31308   0.180     4.41546     7.78252     2.38302
  2.20      72.42    1500.00     3.31868   0.180     4.42294     7.80644     2.38164
  2.30      75.45    1500.00     3.32383   0.180     4.42974     7.82810     2.38033
  2.40      78.48    1500.00     3.32864   0.180     4.43600     7.84798     2.37907
  2.50      81.50    1500.00     3.33318   0.180     4.44182     7.86643     2.37785
  2.60      84.49    1500.00     3.33749   0.180     4.44729     7.88371     2.37667
  2.70      87.48    1500.00     3.34152   0.180     4.45229     7.89956     2.37552
  2.80      90.47    1500.00     3.34510   0.180     4.45651     7.91321     2.37441
  2.90      93.46    1500.00     3.34859   0.180     4.46059     7.92638     2.37332
  3.00      96.45    1500.00     3.35201   0.180     4.46455     7.93914     2.37225
  3.10      99.44    1500.00     3.35536   0.180     4.46842     7.95154     2.37119
  3.20     102.44    1500.00     3.35865   0.180     4.47219     7.96362     2.37015
  3.30     105.43    1500.00     3.36189   0.180     4.47588     7.97543     2.36912
  3.40     108.42    1500.00     3.36508   0.180     4.47951     7.98700     2.36810
  3.50     111.41    1500.00     3.36824   0.180     4.48308     7.99835     2.36709
  3.60     114.40    1500.00     3.37136   0.180     4.48659     8.00951     2.36609
  3.70     117.41    1500.00     3.37444   0.180     4.49004     8.02049     2.36510
  3.80     120.43    1500.00     3.37750   0.180     4.49346     8.03132     2.36411
  3.90     123.45    1500.00     3.38053   0.180     4.49683     8.04201     2.36314
  4.00     126.47    1500.00     3.38353   0.180     4.50017     8.05256     2.36217
  4.10     129.48    1500.00     3.38651   0.180     4.50347     8.06300     2.36121
  4.20     132.50    1500.00     3.38947   0.180     4.50674     8.07333     2.36026
  4.30     135.52    1500.00     3.39241   0.180     4.50998     8.08356     2.35932
  4.40     138.53    1500.00     3.39533   0.180     4.51319     8.09369     2.35838
  4.50     141.55    1500.00     3.39823   0.180     4.51637     8.10374     2.35745
  4.60     144.57    1500.00     3.40112   0.180     4.51954     8.11371     2.35652
  4.70     147.59    1500.00     3.40399   0.180     4.52267     8.12360     2.35560
  4.80     150.60    1500.00     3.40685   0.180     4.52579     8.13342     2.35469
  4.90     153.62    1500.00     3.40970   0.180     4.52889     8.14317     2.35378
  5.00     156.64    1500.00     3.41253   0.180     4.53197     8.15286     2.35288
  5.10     159.66    1500.00     3.41535   0.180     4.53503     8.16250     2.35198
  5.20     162.67    1500.00     3.41816   0.180     4.53808     8.17207     2.35109
  5.30     165.69    1500.00     3.42095   0.180     4.54110     8.18159     2.35021
  5.40     168.71    1500.00     3.42374   0.180     4.54412     8.19106     2.34932
  5.50     171.72    1500.00     3.42652   0.180     4.54712     8.20049     2.34845
  5.60     174.74    1500.00     3.42928   0.180     4.55010     8.20986     2.34758
  5.70     177.76    1500.00     3.43204   0.180     4.55307     8.21920     2.34671
  5.80     180.78    1500.00     3.43479   0.180     4.55603     8.22849     2.34585
  5.90     183.79    1500.00     3.43753   0.180     4.55898     8.23774     2.34499
  6.00     186.79    1500.00     3.44026   0.180     4.56191     8.24695     2.34414
  6.10     189.79    1500.00     3.44299   0.180     4.56484     8.25613     2.34329
  6.20     192.78    1500.00     3.44571   0.180     4.56775     8.26527     2.34245
  6.30     195.77    1500.00     3.44842   0.180     4.57066     8.27437     2.34161
  6.40     198.76    1500.00     3.45112   0.180     4.57355     8.28344     2.34077
  6.50     201.75    1500.00     3.45382   0.180     4.57644     8.29249     2.33994
  6.60     204.74    1500.00     3.45651   0.180     4.57932     8.30150     2.33912
  6.70     207.74    1500.00     3.45920   0.180     4.58219     8.31048     2.33829
  6.80     210.73    1500.00     3.46188   0.180     4.58505     8.31943     2.33747
  6.90     213.72    1500.00     3.46455   0.180     4.58790     8.32836     2.33666
  7.00     216.71    1500.00     3.46723   0.180     4.59075     8.33726     2.33585
  7.10     219.70    1500.00     3.46989   0.180     4.59359     8.34613     2.33504
  7.20     222.63    1500.00     3.47255   0.180     4.59643     8.35498     2.33423
  7.30     225.55    1500.00     3.47521   0.180     4.59926     8.36381     2.33343
  7.40     228.47    1500.00     3.47787   0.180     4.60208     8.37262     2.33264
  7.50     231.40    1500.00     3.48052   0.180     4.60490     8.38140     2.33184
  7.60     234.32    1500.00     3.48316   0.180     4.60771     8.39017     2.33105
  7.70     237.24    1500.00     3.48581   0.180     4.61053     8.39891     2.33026
  7.80     240.16    1500.00     3.48845   0.180     4.61333     8.40764     2.32948
  7.90     243.08    1500.00     3.49109   0.180     4.61614     8.41635     2.32870
  8.00     246.01    1500.00     3.49373   0.180     4.61894     8.42505     2.32792
  8.10     248.93    1500.00     3.49637   0.180     4.62174     8.43372     2.32714
  8.20     251.85    1500.00     3.49900   0.180     4.62454     8.44239     2.32637
  8.30     254.77    1500.00     3.50164   0.180     4.62734     8.45104     2.32560
  8.40     257.69    1500.00     3.50427   0.180     4.63014     8.45968     2.32483
  8.50     260.62    1500.00     3.50691   0.180     4.63293     8.46830     2.32406
  8.60     263.54    1500.00     3.50954   0.180     4.63573     8.47692     2.32330
  8.70     266.45    1500.00     3.51218   0.180     4.63853     8.48553     2.32254
  8.80     269.36    1500.00     3.51482   0.180     4.64133     8.49413     2.32178
  8.90     272.26    1500.00     3.51745   0.180     4.64414     8.50272     2.32102
  9.00     275.16    1500.00     3.52009   0.180     4.64694     8.51130     2.32027
  9.10     278.06    1500.00     3.52274   0.180     4.64975     8.51989     2.31952
  9.20     280.97    1500.00     3.52538   0.180     4.65257     8.52846     2.31877
  9.30     283.87    1500.00     3.52803   0.180     4.65539     8.53704     2.31802
  9.40     286.77    1500.00     3.53525   0.180     4.69164     8.58177     2.31551
  9.50     289.68    1500.00     3.53783   0.180     4.69436     8.58991     2.31474
  9.60     292.58    1500.00     3.54041   0.180     4.69708     8.59803     2.31397
  9.70     295.48    1500.00     3.54300   0.180     4.69978     8.60614     2.31321
  9.80     298.39    1500.00     3.54558   0.180     4.70248     8.61423     2.31245
  9.90     301.29    1500.00     3.54816   0.180     4.70517     8.62232     2.31169
 10.00     304.19    1500.00     3.55074   0.180     4.70785     8.63038     2.31093
 10.10     307.10    1500.00     3.55333   0.180     4.71052     8.63844     2.31018
 10.20     310.00    1500.00     3.55592   0.180     4.71318     8.64649     2.30943
 10.30     312.81    1500.00     3.55851   0.180     4.71583     8.65452     2.30868
 10.40     315.62    1500.00     3.56110   0.180     4.71848     8.66254     2.30794
 10.50     318.44    1500.00     3.56369   0.180     4.72112     8.67056     2.30720
 10.60     321.25    1500.00     3.56629   0.180     4.72375     8.67857     2.30646
 10.70     324.06    1500.00     3.56889   0.180     4.72637     8.68656     2.30572
 10.80     326.88    1500.00     3.57150   0.180     4.72899     8.69456     2.30499
 10.90     329.69    1500.00     3.57411   0.180     4.73160     8.70254     2.30425
 11.00     332.50    1500.00     3.57673   0.180     4.73420     8.71052     2.30352
 11.10     335.31    1500.00     3.57936   0.180     4.73679     8.71850     2.30280
 11.20     338.13    1500.00     3.58199   0.180     4.73938     8.72647     2.30207
 11.30     340.94    1500.00     3.58463   0.180     4.74196     8.73444     2.30135
 11.40     343.75    1500.00     3.58728   0.180     4.74454     8.74241     2.30063
 11.50     346.56    1500.00     3.58994   0.180     4.74710     8.75038     2.29991
 11.60     349.38    1500.00     3.59260   0.180     4.74967     8.75835     2.29919
 11.70     352.19    1500.00     3.59528   0.180     4.75222     8.76632     2.29848
 11.80     355.00    1500.00     3.59797   0.180     4.75477     8.77429     2.29777
 11.90     357.81    1500.00     3.60068   0.180     4.75732     8.78227     2.29706
 12.00     360.62    1500.00     3.60340   0.180     4.75986     8.79026     2.29635
 12.10     363.44    1500.00     3.60613   0.180     4.76239     8.79825     2.29564
 12.20     366.25    1500.00     3.60888   0.180     4.76492     8.80625     2.29494
 12.30     369.06    1500.00     3.61165   0.180     4.76744     8.81427     2.29423
 12.40     371.88    1500.00     3.61691   0.180     4.77649     8.83210     2.29263
 12.50     374.69    1500.00     3.63296   0.180     4.81408     8.89288     2.28723
 12.60     377.50    1500.00     3.64994   0.180     4.85454     8.95802     2.28168
 12.70     380.31    1500.00     3.66819   0.180     4.89885     9.02903     2.27592
 12.80     383.12    1500.00     3.68814   0.180     4.94838     9.10794     2.26981
 12.90     385.94    1500.00     3.71038   0.180     5.00497     9.19754     2.26322
 13.00     388.75    1500.00     3.73572   0.180     5.07134     9.30189     2.25595
 13.10     391.56    1500.00     3.74947   0.180     5.10540     9.35752     2.25214
 13.20     394.38    1500.00     3.75220   0.180     5.10772     9.36533     2.25147
 13.30     397.19    1500.00     3.75496   0.180     5.11004     9.37317     2.25079
 13.40     400.00    1500.00     3.75776   0.180     5.11236     9.38105     2.25012
 13.50     402.78    1500.00     3.76059   0.180     5.11468     9.38897     2.24945
 13.60     405.56    1500.00     3.76346   0.180     5.11699     9.39693     2.24879
 13.70     408.33    1500.00     3.76638   0.180     5.11931     9.40495     2.24812
 13.80     411.11    1500.00     3.76935   0.180     5.12162     9.41301     2.24746
 13.90     413.89    1500.00     3.77236   0.180     5.12394     9.42114     2.24680
 14.00     416.67    1500.00     3.77544   0.180     5.12625     9.42933     2.24615
 14.10     419.44    1500.00     3.77857   0.180     5.12857     9.43759     2.24549
 14.20     422.22    1500.00     3.78177   0.180     5.13089     9.44593     2.24484
 14.30     425.00    1500.00     3.78498   0.180     5.13328     9.45431     2.24418
 14.40     427.78    1500.00     3.78735   0.180     5.13647     9.46206     2.24349
 14.50     430.56    1500.00     3.78971   0.180     5.13969     9.46983     2.24279
 14.60     433.33    1500.00     3.79209   0.180     5.14294     9.47763     2.24209
 14.70     436.11    1500.00     3.79447   0.180     5.14623     9.48546     2.24139
 14.80     438.89    1500.00     3.79685   0.180     5.14955     9.49331     2.24069
 14.90     441.67    1500.00     3.79924   0.180     5.15291     9.50119     2.23999
 15.00     444.44    1500.00     3.80164   0.180     5.15631     9.50911     2.23928
 15.10     447.22    1500.00     3.80405   0.180     5.15975     9.51706     2.23858
 15.20     450.00    1500.00     3.80647   0.180     5.16323     9.52504     2.23788
 15.30     452.63    1500.00     3.80889   0.180     5.16675     9.53306     2.23717
 15.40     455.26    1500.00     3.81133   0.180     5.17032     9.54112     2.23647
 15.50     457.89    1500.00     3.81377   0.180     5.17393     9.54922     2.23576
 15.60     460.53    1500.00     3.81623   0.180     5.17759     9.55736     2.23505
 15.70     463.16    1500.00     3.81871   0.180     5.18131     9.56555     2.23434
 15.80     465.79    1500.00     3.82119   0.180     5.18507     9.57378     2.23362
 15.90     468.42    1500.00     3.82369   0.180     5.18889     9.58207     2.23291
 16.00     471.05    1500.00     3.82621   0.180     5.19277     9.59040     2.23219
 16.10     473.68    1500.00     3.82875   0.180     5.19671     9.59879     2.23147
 16.20     476.32    1500.00     3.83130   0.180     5.20071     9.60724     2.23075
 16.30     478.95    1500.00     3.83387   0.180     5.20478     9.61574     2.23003
 16.40     481.58    1500.00     3.83646   0.180     5.20891     9.62431     2.22930
 16.50     484.21    1500.00     3.83908   0.180     5.21312     9.63294     2.22857
 16.60     486.84    1500.00     3.84172   0.180     5.21740     9.64163     2.22784
 16.70     489.47    1500.00     3.84438   0.180     5.22176     9.65040     2.22711
 16.80     492.11    1500.00     3.84707   0.180     5.22621     9.65923     2.22638
 16.90     494.74    1500.00     3.84979   0.180     5.23074     9.66814     2.22564
 17.00     497.37    1500.00     3.85255   0.180     5.23535     9.67713     2.22490
 17.10     500.00    1500.00     3.85533   0.180     5.24006     9.68619     2.22415
 17.20     502.50    1500.00     3.85806   0.180     5.24461     9.69500     2.22342
 17.30     505.00    1500.00     3.85986   0.180     5.24639     9.70043     2.22288
 17.40     507.50    1500.00     3.86166   0.180     5.24817     9.70585     2.22233
 17.50     510.00    1500.00     3.86345   0.180     5.24994     9.71126     2.22179
 17.60     512.50    1500.00     3.86525   0.180     5.25171     9.71665     2.22125
 17.70     515.00    1500.00     3.86704   0.180     5.25348     9.72204     2.22070
 17.80     517.50    1500.00     3.86882   0.180     5.25524     9.72742     2.22017
 17.90     520.00    1500.00     3.87085   0.180     5.25844     9.73431     2.21943
 18.00     522.50    1500.00     3.87326   0.180     5.26401     9.74371     2.21839
 18.10     525.00    1500.00     3.87564   0.180     5.26946     9.75297     2.21736
 18.20     527.50    1500.00     3.88989   0.180     5.30707     9.80917     2.21413
 18.30     530.00    1500.00     3.90510   0.180     5.34632     9.86709     2.21023
 18.40     532.50    1500.00     3.92433   0.180     5.39519     9.93809     2.20493
 18.50     535.00    1500.00     3.93386   0.180     5.41933     9.97337     2.20191
 18.60     537.50    1500.00     3.93696   0.180     5.42713     9.98538     2.20071
 18.70     540.00    1500.00     3.94152   0.180     5.43773    10.00087     2.19961
 18.80     542.50    1500.00     3.94585   0.180     5.44762    10.01553     2.19856
 18.90     545.00    1500.00     3.94997   0.180     5.45688    10.02945     2.19755
 19.00     547.50    1500.00     3.95392   0.180     5.46558    10.04269     2.19658
 19.10     550.00    1500.00     3.95770   0.180     5.47377    10.05534     2.19565
 19.20     552.63    1500.00     3.96133   0.180     5.48150    10.06744     2.19474
 19.30     555.26    1500.00     3.96482   0.180     5.48883    10.07906     2.19387
 19.40     557.90    1500.00     3.96820   0.180     5.49578    10.09023     2.19303
 19.50     560.53    1500.00     3.97147   0.180     5.50238    10.10099     2.19220
 19.60     563.16    1500.00     3.97463   0.180     5.50868    10.11139     2.19140
 19.70     565.79    1500.00     3.97770   0.180     5.51469    10.12144     2.19062
 19.80     568.42    1500.00     3.98069   0.180     5.52043    10.13118     2.18986
 19.90     571.05    1500.00     3.98360   0.180     5.52594    10.14064     2.18912
 20.00     573.68    1500.00     3.98643   0.180     5.53123    10.14983     2.18839
 20.10     576.32    1500.00     3.98920   0.180     5.53630    10.15877     2.18767
 20.20     578.95    1500.00     3.99191   0.180     5.54119    10.16748     2.18697
 20.30     581.58    1500.00     3.99456   0.180     5.54590    10.17599     2.18629
 20.40     584.21    1500.00     3.99716   0.180     5.55045    10.18429     2.18561
 20.50     586.84    1500.00     3.99971   0.180     5.55484    10.19241     2.18495
 20.60     589.47    1500.00     4.00221   0.180     5.55909    10.20036     2.18429
 20.70     592.11    1500.00     4.00467   0.180     5.56321    10.20815     2.18365
 20.80     594.74    1500.00     4.00708   0.180     5.56720    10.21579     2.18301
 20.90     597.37    1500.00     4.01143   0.180     5.56743    10.22515     2.18213
 21.00     600.00    1500.00     4.02077   0.180     5.55898    10.23974     2.18053
 21.10     602.50    1500.00     4.02346   0.180     5.56331    10.24848     2.17975
 21.20     605.00    1500.00     4.02611   0.180     5.56753    10.25706     2.17899
 21.30     607.50    1500.00     4.02871   0.180     5.57165    10.26552     2.17823
 21.40     610.00    1500.00     4.03127   0.180     5.57569    10.27386     2.17749
 21.50     612.50    1500.00     4.03380   0.180     5.57964    10.28208     2.17675
 21.60     615.00    1500.00     4.03630   0.180     5.58352    10.29021     2.17601
 21.70     617.50    1500.00     4.03877   0.180     5.58733    10.29824     2.17529
 21.80     620.00    1500.00     4.04121   0.180     5.59108    10.30620     2.17456
 21.90     622.50    1500.00     4.04363   0.180     5.59477    10.31408     2.17385
 22.00     625.00    1500.00     4.04602   0.180     5.59842    10.32189     2.17313
 22.10     627.50    1500.00     4.04839   0.180     5.60202    10.32964     2.17242
 22.20     630.00    1500.00     4.05075   0.180     5.60558    10.33734     2.17172
 22.30     632.50    1500.00     4.05309   0.180     5.60910    10.34500     2.17101
 22.40     635.00    1500.00     4.05541   0.180     5.61260    10.35262     2.17031
 22.50     637.50    1500.00     4.05772   0.180     5.61607    10.36022     2.16960
 22.60     640.00    1500.00     4.06002   0.180     5.61952    10.36778     2.16890
 22.70     642.50    1500.00     4.06231   0.180     5.62296    10.37533     2.16819
 22.80     645.00    1500.00     4.06459   0.180     5.62639    10.38288     2.16749
 22.90     647.50    1500.00     4.06687   0.180     5.62981    10.39041     2.16678
 23.00     650.00    1500.00     4.06914   0.180     5.63324    10.39796     2.16607
 23.10     652.50    1500.00     4.07141   0.180     5.63667    10.40551     2.16536
 23.20     655.00    1500.00     4.07367   0.180     5.64011    10.41309     2.16464
 23.30     657.50    1500.00     4.07594   0.180     5.64357    10.42070     2.16391
 23.40     660.00    1500.00     4.07822   0.180     5.64705    10.42834     2.16318
 23.50     662.50    1500.00     4.08050   0.180     5.65056    10.43602     2.16245
 23.60     665.00    1500.00     4.08278   0.180     5.65410    10.44377     2.16170
 23.70     667.50    1500.00     4.16843   0.180     5.69911    10.56072     2.15328
 23.80     670.00    1500.00     4.21362   0.180     5.72114    10.62159     2.14937
 23.90     672.22    1500.00     4.21618   0.180     5.72611    10.63162     2.14841
 24.00     674.43    1500.00     4.21869   0.180     5.73094    10.64143     2.14747
 24.10     676.65    1500.00     4.22112   0.180     5.73560    10.65098     2.14657
 24.20     678.87    1500.00     4.25526   0.180     5.79964    10.68941     2.15345
 24.30     681.09    1500.00     4.32553   0.180     5.92386    10.74125     2.17316
 24.40     683.30    1500.00     4.35460   0.180     5.97213    10.75846     2.18194
 24.50     685.52    1500.00     4.35784   0.180     5.97814    10.76779     2.18114
 24.60     687.74    1500.00     4.36110   0.180     5.98421    10.77718     2.18034
 24.70     689.96    1500.00     4.36438   0.180     5.99035    10.78665     2.17952
 24.80     692.17    1500.00     4.36770   0.180     5.99657    10.79620     2.17870
 24.90     694.39    1500.00     4.37105   0.180     6.00288    10.80586     2.17787
 25.00     696.61    1500.00     4.37443   0.180     6.00929    10.81563     2.17704
 25.10     698.83    1500.00     4.37786   0.180     6.01582    10.82552     2.17619
 25.20     701.04    1500.00     4.38311   0.180     6.02605    10.83954     2.17505
 25.30     703.26    1500.00     4.38897   0.180     6.03763    10.85512     2.17380
 25.40     705.48    1500.00     4.39491   0.180     6.04956    10.87112     2.17253
 25.50     707.70    1500.00     4.40099   0.180     6.06193    10.88764     2.17124
 25.60     709.91    1500.00     4.40723   0.180     6.07482    10.90480     2.16990
 25.70     712.13    1500.00     4.41368   0.180     6.08834    10.92271     2.16853
 25.80     714.35    1500.00     4.42039   0.180     6.10262    10.94152     2.16710
 25.90     716.57    1500.00     4.42742   0.180     6.11780    10.96139     2.16562
 26.00     718.78    1500.00     4.43485   0.180     6.13408    10.98256     2.16406
 26.10     721.00    1500.00     4.44277   0.180     6.15171    11.00530     2.16241
 26.20     723.27    1500.00     4.44958   0.180     6.16751    11.02730     2.16057
 26.30     725.54    1500.00     4.45200   0.180     6.17094    11.03225     2.16023
 26.40     727.82    1500.00     4.45361   0.180     6.17295    11.03661     2.15973
 26.50     730.09    1500.00     4.45509   0.180     6.17475    11.04089     2.15921
 26.60     732.36    1500.00     4.45658   0.180     6.17656    11.04516     2.15870
 26.70     734.64    1500.00     4.45806   0.180     6.17836    11.04943     2.15818
 26.80     736.91    1500.00     4.45954   0.180     6.18015    11.05369     2.15766
 26.90     739.18    1500.00     4.46102   0.180     6.18195    11.05795     2.15715
 27.00     741.46    1500.00     4.46250   0.180     6.18374    11.06220     2.15664
 27.10     743.73    1500.00     4.46398   0.180     6.18553    11.06645     2.15612
 27.20     746.00    1500.00     4.46545   0.180     6.18731    11.07069     2.15561
 27.30     748.27    1500.00     4.46693   0.180     6.18909    11.07492     2.15510
 27.40     750.55    1500.00     4.46840   0.180     6.19087    11.07915     2.15459
 27.50     752.82    1500.00     4.46987   0.180     6.19265    11.08338     2.15408
 27.60     755.09    1500.00     4.47134   0.180     6.19443    11.08759     2.15357
 27.70     757.36    1500.00     4.47281   0.180     6.19620    11.09181     2.15307
 27.80     759.64    1500.00     4.47428   0.180     6.19797    11.09601     2.15256
 27.90     761.91    1500.00     4.47574   0.180     6.19973    11.10022     2.15205
 28.00     764.18    1500.00     4.47721   0.180     6.20150    11.10441     2.15155
 28.10     766.46    1500.00     4.47867   0.180     6.20326    11.10860     2.15104
 28.20     768.73    1500.00     4.48013   0.180     6.20502    11.11279     2.15054
 28.30     771.00    1500.00     4.48159   0.180     6.20677    11.11697     2.15004
 28.40     773.22    1500.00     4.48305   0.180     6.20852    11.12115     2.14954
 28.50     775.44    1500.00     4.48451   0.180     6.21027    11.12532     2.14904
 28.60     777.67    1500.00     4.48596   0.180     6.21202    11.12948     2.14854
 28.70     779.89    1500.00     4.48742   0.180     6.21377    11.13364     2.14804
 28.80     782.11    1500.00     4.48887   0.180     6.21551    11.13779     2.14754
 28.90     784.33    1500.00     4.49032   0.180     6.21725    11.14194     2.14704
 29.00     786.56    1500.00     4.49177   0.180     6.21899    11.14609     2.14655
 29.10     788.78    1500.00     4.49322   0.180     6.22072    11.15023     2.14605
 29.20     791.00    1500.00     4.49467   0.180     6.22245    11.15436     2.14555
 29.30     793.22    1500.00     4.49611   0.180     6.22418    11.15849     2.14506
 29.40     795.44    1500.00     4.49756   0.180     6.22591    11.16261     2.14457
 29.50     797.67    1500.00     4.49900   0.180     6.22763    11.16673     2.14408
 29.60     799.89    1500.00     4.50044   0.180     6.22935    11.17084     2.14358
 29.70     802.11    1500.00     4.50188   0.180     6.23107    11.17495     2.14309
 29.80     804.33    1500.00     4.50332   0.180     6.23279    11.17905     2.14260
 29.90     806.56    1500.00     4.50476   0.180     6.23450    11.18315     2.14211
 30.00     808.78    1500.00     4.50620   0.180     6.23621    11.18724     2.14163
 30.10     811.00    1500.00     4.50763   0.180     6.23792    11.19133     2.14114
 30.20     813.22    1500.00     4.50907   0.180     6.23963    11.19541     2.14065
 30.30     815.44    1500.00     4.51050   0.180     6.24133    11.19949     2.14016
 30.40     817.67    1500.00     4.51193   0.180     6.24303    11.20356     2.13968
 30.50     819.89    1500.00     4.51336   0.180     6.24473    11.20763     2.13919
 30.60     822.11    1500.00     4.51479   0.180     6.24643    11.21169     2.13871
 30.70     824.33    1500.00     4.51621   0.180     6.24812    11.21575     2.13823
 30.80     826.56    1500.00     4.51764   0.180     6.24981    11.21980     2.13775
 30.90     828.78    1500.00     4.51906   0.180     6.25150    11.22385     2.13726
 31.00     831.00    1500.00     4.52049   0.180     6.25319    11.22790     2.13678
 31.10     833.22    1500.00     4.52191   0.180     6.25487    11.23193     2.13630
 31.20     835.44    1500.00     4.52333   0.180     6.25655    11.23597     2.13583
 31.30     837.67    1500.00     4.52475   0.180     6.25823    11.24000     2.13535
 31.40     839.89    1500.00     4.52617   0.180     6.25991    11.24402     2.13487
 31.50     842.11    1500.00     4.52758   0.180     6.26158    11.24804     2.13439
 31.60     844.33    1500.00     4.52900   0.180     6.26326    11.25205     2.13392
 31.70     846.56    1500.00     4.53041   0.180     6.26493    11.25606     2.13344
 31.80     848.78    1500.00     4.53183   0.180     6.26659    11.26007     2.13297
 31.90     851.00    1500.00     4.53324   0.180     6.26826    11.26407     2.13249
 32.00     853.22    1500.00     4.53465   0.180     6.26992    11.26806     2.13202
 32.10     855.44    1500.00     4.53606   0.180     6.27158    11.27205     2.13155
 32.20     857.67    1500.00     4.53746   0.180     6.27324    11.27604     2.13108
 32.30     859.89    1500.00     4.53887   0.180     6.27489    11.28002     2.13061
 32.40     862.11    1500.00     4.54027   0.180     6.27655    11.28400     2.13014
 32.50     864.33    1500.00     4.54168   0.180     6.27820    11.28797     2.12967
 32.60     866.56    1500.00     4.54308   0.180     6.27985    11.29193     2.12920
 32.70     868.78    1500.00     4.54448   0.180     6.28149    11.29590     2.12873
 32.80     871.00    1500.00     4.54588   0.180     6.28313    11.29985     2.12826
 32.90     873.22    1500.00     4.54728   0.180     6.28478    11.30381     2.12780
 33.00     875.44    1500.00     4.54868   0.180     6.28642    11.30776     2.12733
 33.10     877.67    1500.00     4.55007   0.180     6.28805    11.31170     2.12687
 33.20     879.89    1500.00     4.55147   0.180     6.28969    11.31564     2.12640
 33.30     882.11    1500.00     4.55286   0.180     6.29132    11.31957     2.12594
 33.40     884.33    1500.00     4.55425   0.180     6.29295    11.32350     2.12548
 33.50     886.56    1500.00     4.55565   0.180     6.29458    11.32743     2.12501
 33.60     888.78    1500.00     4.55704   0.180     6.29620    11.33135     2.12455
 33.70     891.00    1500.00     4.55842   0.180     6.29783    11.33527     2.12409
 33.80     893.22    1500.00     4.55981   0.180     6.29945    11.33918     2.12363
 33.90     895.45    1500.00     4.56120   0.180     6.30107    11.34309     2.12317
 34.00     897.67    1500.00     4.56258   0.180     6.30268    11.34699     2.12271
 34.10     899.89    1500.00     4.56397   0.180     6.30430    11.35089     2.12226
 34.20     902.11    1500.00     4.56535   0.180     6.30591    11.35478     2.12180
 34.30     904.33    1500.00     4.56673   0.180     6.30752    11.35867     2.12134
 34.40     906.56    1500.00     4.56811   0.180     6.30913    11.36256     2.12089
 34.50     908.78    1500.00     4.56949   0.180     6.31073    11.36644     2.12043
 34.60     911.00    1500.00     4.57087   0.180     6.31234    11.37032     2.11998
 34.70     913.22    1500.00     4.57224   0.180     6.31394    11.37419     2.11952
 34.80     915.44    1500.00     4.57362   0.180     6.31554    11.37806     2.11907
 34.90     917.67    1500.00     4.57499   0.180     6.31714    11.38192     2.11862
 35.00     919.89    1500.00     4.57637   0.180     6.31873    11.38578     2.11817
 35.10     922.11    1500.00     4.57774   0.180     6.32032    11.38964     2.11772
 35.20     924.33    1500.00     4.57911   0.180     6.32192    11.39349     2.11727
 35.30     926.56    1500.00     4.58048   0.180     6.32350    11.39733     2.11682
 35.40     928.78    1500.00     4.58185   0.180     6.32509    11.40118     2.11637
 35.50     931.00    1500.00     4.58321   0.180     6.32667    11.40501     2.11592
 35.60     933.22    1500.00     4.58458   0.180     6.32826    11.40885     2.11547
 35.70     935.44    1500.00     4.58594   0.180     6.32984    11.41268     2.11502
 35.80     937.67    1500.00     4.58731   0.180     6.33142    11.41650     2.11458
 35.90     939.89    1500.00     4.58867   0.180     6.33299    11.42032     2.11413
 36.00     942.11    1500.00     4.59003   0.180     6.33457    11.42414     2.11369
 36.10     944.33    1500.00     4.59139   0.180     6.33614    11.42795     2.11324
 36.20     946.56    1500.00     4.59275   0.180     6.33771    11.43176     2.11280
 36.30     948.78    1500.00     4.59411   0.180     6.33928    11.43556     2.11236
 36.40     951.00    1500.00     4.59547   0.180     6.34084    11.43936     2.11191
 36.50     953.22    1500.00     4.59682   0.180     6.34240    11.44316     2.11147
 36.60     955.44    1500.00     4.59817   0.180     6.34397    11.44695     2.11103
 36.70     957.67    1500.00     4.59953   0.180     6.34553    11.45074     2.11059
 36.80     959.89    1500.00     4.60088   0.180     6.34708    11.45452     2.11015
 36.90     962.11    1500.00     4.60223   0.180     6.34864    11.45830     2.10971
 37.00     964.33    1500.00     4.60358   0.180     6.35019    11.46208     2.10927
 37.10     966.56    1500.00     4.60493   0.180     6.35174    11.46585     2.10884
 37.20     968.78    1500.00     4.60628   0.180     6.35329    11.46961     2.10840
 37.30     971.00    1500.00     4.60762   0.180     6.35484    11.47338     2.10796
 37.40     973.17    1500.00     4.60897   0.180     6.35639    11.47714     2.10753
 37.50     975.35    1500.00     4.61031   0.180     6.35793    11.48089     2.10709
 37.60     977.52    1500.00     4.61166   0.180     6.35947    11.48464     2.10666
 37.70     979.70    1500.00     4.61300   0.180     6.36101    11.48839     2.10622
 37.80     981.87    1500.00     4.61434   0.180     6.36255    11.49213     2.10579
 37.90     984.04    1500.00     4.61568   0.180     6.36409    11.49587     2.10536
 38.00     986.22    1500.00     4.61702   0.180     6.36562    11.49960     2.10492
 38.10     988.39    1500.00     4.61835   0.180     6.36715    11.50334     2.10449
 38.20     990.57    1500.00     4.61969   0.180     6.36868    11.50706     2.10406
 38.30     992.74    1500.00     4.62103   0.180     6.37021    11.51079     2.10363
 38.40     994.91    1500.00     4.62236   0.180     6.37174    11.51450     2.10320
 38.50     997.09    1500.00     4.62369   0.180     6.37326    11.51822     2.10277
 38.60     999.26    1500.00     4.62503   0.180     6.37478    11.52193     2.10234
 38.70    1001.43    1500.00     4.62636   0.180     6.37630    11.52564     2.10192
 38.80    1003.61    1500.00     4.62769   0.180     6.37782    11.52934     2.10149
 38.90    1005.78    1500.00     4.62901   0.180     6.37934    11.53304     2.10106
 39.00    1007.96    1500.00     4.63034   0.180     6.38085    11.53674     2.10064
