41.5 -124.0 -0.7707   797.4   398.7   265.8   199.3   159.5   132.9   113.9    99.7    88.6   234.8    65.6
42.0 -124.0 -0.9666   849.4   424.7   283.1   212.4   169.9   141.6   121.3   106.2    94.4   233.7    66.7
42.5 -124.0 -0.8146  1068.0   534.0   356.0   267.0   213.6   178.0   152.6   133.5   118.7   229.0    70.0
45.0 -124.0 -0.5004   276.9   138.5    92.3    69.2    55.4    46.2    39.6    34.6    30.8   245.9    43.0
46.0 -124.0 -0.2333   465.2   232.6   155.1   116.3    93.0    77.5    66.5    58.1    51.7   241.9    43.0
41.0 -123.5 -1.0226   193.6    96.8    64.5    48.4    38.7    32.3    27.7    24.2    21.5   247.7    72.2
41.5 -123.5 -1.3436   320.9   160.5   107.0    80.2    64.2    53.5    45.8    40.1    35.7   244.9    73.6
42.0 -123.5 -0.8918   271.7   135.9    90.6    67.9    54.3    45.3    38.8    34.0    30.2   246.0    73.9
45.0 -123.5 -0.5991   202.9   101.5    67.6    50.7    40.6    33.8    29.0    25.4    22.5   247.5    33.0
45.5 -123.5 -0.4994   235.3   117.6    78.4    58.8    47.1    39.2    33.6    29.4    26.1   246.8    30.3
46.0 -123.5 -0.3367   344.6   172.3   114.9    86.1    68.9    57.4    49.2    43.1    38.3   244.4    40.2
41.0 -123.0 -0.8177   577.4   288.7   192.5   144.3   115.5    96.2    82.5    72.2    64.2   239.5    83.2
41.5 -123.0 -0.9626   594.4   297.2   198.1   148.6   118.9    99.1    84.9    74.3    66.0   239.1    82.2
42.0 -123.0 -0.7181   620.9   310.5   207.0   155.2   124.2   103.5    88.7    77.6    69.0   238.5    83.5
44.5 -123.0 -0.9764    21.4    10.7     7.1     5.4     4.3     3.6     3.1     2.7     2.4   251.3    34.7
45.0 -123.0 -0.5906   124.4    62.2    41.5    31.1    24.9    20.7    17.8    15.5    13.8   249.1    36.9
45.5 -123.0 -0.5720    -4.1    -2.1    -1.4    -1.0    -0.8    -0.7    -0.6    -0.5    -0.5   251.9    36.1
46.0 -123.0 -0.5022   219.7   109.8    73.2    54.9    43.9    36.6    31.4    27.5    24.4   247.1    40.2
42.5 -122.5 -0.5885   271.7   135.9    90.6    67.9    54.3    45.3    38.8    34.0    30.2   246.0    88.9
43.0 -122.5 -0.5969   386.4   193.2   128.8    96.6    77.3    64.4    55.2    48.3    42.9   243.6    89.4
44.0 -122.5 -0.7478   -87.4   -43.7   -29.1   -21.9   -17.5   -14.6   -12.5   -10.9    -9.7   253.7    33.6
44.5 -122.5 -1.1490    32.3    16.2    10.8     8.1     6.5     5.4     4.6     4.0     3.6   251.1    34.1
45.0 -122.5 -0.9220    94.8    47.4    31.6    23.7    19.0    15.8    13.5    11.8    10.5   249.8    35.5
45.5 -122.5 -0.7412   -66.6   -33.3   -22.2   -16.6   -13.3   -11.1    -9.5    -8.3    -7.4   253.2    34.7
46.0 -122.5 -0.7661   157.2    78.6    52.4    39.3    31.4    26.2    22.5    19.7    17.5   248.4    34.7
46.5 -122.5 -0.5035   -87.4   -43.7   -29.1   -21.9   -17.5   -14.6   -12.5   -10.9    -9.7   253.7    30.8
49.0 -122.5 -0.7581   183.2    91.6    61.1    45.8    36.6    30.5    26.2    22.9    20.4   247.9    30.2
42.0 -122.0 -0.3971   355.0   177.5   118.3    88.7    71.0    59.2    50.7    44.4    39.4   244.2    98.3
42.5 -122.0 -0.5408    27.1    13.5     9.0     6.8     5.4     4.5     3.9     3.4     3.0   251.2    96.6
43.0 -122.0 -0.6708   -87.4   -43.7   -29.1   -21.9   -17.5   -14.6   -12.5   -10.9    -9.7   253.7    98.8
43.5 -122.0 -0.3577  -248.8  -124.4   -82.9   -62.2   -49.8   -41.5   -35.5   -31.1   -27.6   257.1    96.0
45.0 -122.0 -1.0017    23.0    11.5     7.7     5.8     4.6     3.8     3.3     2.9     2.6   251.3    35.2
45.5 -122.0 -0.9905     4.6     2.3     1.5     1.2     0.9     0.8     0.7     0.6     0.5   251.7    34.1
46.0 -122.0 -0.6813   183.2    91.6    61.1    45.8    36.6    30.5    26.2    22.9    20.4   247.9    35.2
46.5 -122.0 -0.5694   -61.4   -30.7   -20.5   -15.3   -12.3   -10.2    -8.8    -7.7    -6.8   253.1    31.4
47.5 -122.0 -0.5101  -191.5   -95.8   -63.8   -47.9   -38.3   -31.9   -27.4   -23.9   -21.3   255.9    33.5
48.0 -122.0 -0.4493   100.0    50.0    33.3    25.0    20.0    16.7    14.3    12.5    11.1   249.7    32.4
48.5 -122.0 -0.4923   105.2    52.6    35.1    26.3    21.0    17.5    15.0    13.1    11.7   249.6    31.9
49.0 -122.0 -0.8429   136.4    68.2    45.5    34.1    27.3    22.7    19.5    17.0    15.2   248.9    34.6
38.0 -121.5 -0.9032 -1367.8  -683.9  -455.9  -341.9  -273.6  -228.0  -195.4  -171.0  -152.0   281.0    20.7
38.5 -121.5 -0.7085  -500.8  -250.4  -166.9  -125.2  -100.2   -83.5   -71.5   -62.6   -55.6   262.5    39.9
39.0 -121.5 -0.5770    16.7     8.3     5.6     4.2     3.3     2.8     2.4     2.1     1.9   251.4    46.3
44.0 -121.5 -0.3941  -175.9   -87.9   -58.6   -44.0   -35.2   -29.3   -25.1   -22.0   -19.5   255.6    36.9
44.5 -121.5 -0.8335  -123.8   -61.9   -41.3   -31.0   -24.8   -20.6   -17.7   -15.5   -13.8   254.4    34.7
45.0 -121.5 -0.9972  -130.8   -65.4   -43.6   -32.7   -26.2   -21.8   -18.7   -16.3   -14.5   254.6    35.8
45.5 -121.5 -1.1593  -134.2   -67.1   -44.7   -33.6   -26.8   -22.4   -19.2   -16.8   -14.9   254.7    33.8
46.0 -121.5 -0.7580   136.4    68.2    45.5    34.1    27.3    22.7    19.5    17.0    15.2   248.9    36.9
46.5 -121.5 -0.6539   -14.5    -7.3    -4.8    -3.6    -2.9    -2.4    -2.1    -1.8    -1.6   252.1    33.0
48.0 -121.5 -0.4621   -30.2   -15.1   -10.1    -7.5    -6.0    -5.0    -4.3    -3.8    -3.4   252.4    33.0
48.5 -121.5 -0.4892  -144.7   -72.3   -48.2   -36.2   -28.9   -24.1   -20.7   -18.1   -16.1   254.9    37.4
49.0 -121.5 -0.7699    37.5    18.8    12.5     9.4     7.5     6.3     5.4     4.7     4.2   251.0    35.2
41.0 -121.0 -0.4389   433.1   216.5   144.4   108.3    86.6    72.2    61.9    54.1    48.1   242.6    28.1
41.5 -121.0 -0.4500   594.4   297.2   198.1   148.6   118.9    99.1    84.9    74.3    66.0   239.1    30.9
42.0 -121.0 -0.2568   396.6   198.3   132.2    99.2    79.3    66.1    56.7    49.6    44.1   243.3    28.7
42.5 -121.0 -0.1209   167.6    83.8    55.9    41.9    33.5    27.9    23.9    21.0    18.6   248.2    32.8
43.0 -121.0 -0.1338   -25.0   -12.5    -8.3    -6.2    -5.0    -4.2    -3.6    -3.1    -2.8   252.3    41.7
43.5 -121.0 -0.1579  -244.7  -122.4   -81.6   -61.2   -48.9   -40.8   -35.0   -30.6   -27.2   257.0    46.2
44.5 -121.0 -0.4893   292.5   146.3    97.5    73.1    58.5    48.8    41.8    36.6    32.5   245.6    39.7
45.0 -121.0 -0.7560   110.4    55.2    36.8    27.6    22.1    18.4    15.8    13.8    12.3   249.4    37.2
45.5 -121.0 -1.0082    27.1    13.5     9.0     6.8     5.4     4.5     3.9     3.4     3.0   251.2    34.7
46.0 -121.0 -0.5779   198.9    99.4    66.3    49.7    39.8    33.1    28.4    24.9    22.1   247.6    35.0
46.5 -121.0 -0.4272   146.8    73.4    48.9    36.7    29.4    24.5    21.0    18.4    16.3   248.7    33.8
47.5 -121.0 -0.5577   -77.0   -38.5   -25.7   -19.2   -15.4   -12.8   -11.0    -9.6    -8.6   253.4    34.6
48.0 -121.0 -0.4035  -116.2   -58.1   -38.7   -29.1   -23.2   -19.4   -16.6   -14.5   -12.9   254.3    37.9
48.5 -121.0 -0.5394  -201.9  -101.0   -67.3   -50.5   -40.4   -33.7   -28.8   -25.2   -22.4   256.1    31.3
49.0 -121.0 -0.7119   -61.4   -30.7   -20.5   -15.3   -12.3   -10.2    -8.8    -7.7    -6.8   253.1    35.7
43.0 -120.5 -0.2052  -170.7   -85.3   -56.9   -42.7   -34.1   -28.4   -24.4   -21.3   -19.0   255.4    52.9
45.0 -120.5 -0.5281   -25.0   -12.5    -8.3    -6.2    -5.0    -4.2    -3.6    -3.1    -2.8   252.3    39.1
45.5 -120.5 -0.7439  -148.4   -74.2   -49.5   -37.1   -29.7   -24.7   -21.2   -18.5   -16.5   255.0    39.1
46.0 -120.5 -0.5280    84.3    42.2    28.1    21.1    16.9    14.1    12.0    10.5     9.4   250.0    38.0
46.5 -120.5 -0.5778    37.5    18.8    12.5     9.4     7.5     6.3     5.4     4.7     4.2   251.0    37.7
47.0 -120.5 -0.4697    -9.3    -4.7    -3.1    -2.3    -1.9    -1.6    -1.3    -1.2    -1.0   252.0    37.4
47.5 -120.5 -0.3790  -227.9  -114.0   -76.0   -57.0   -45.6   -38.0   -32.6   -28.5   -25.3   256.7    34.9
48.0 -120.5 -0.3733  -165.5   -82.7   -55.2   -41.4   -33.1   -27.6   -23.6   -20.7   -18.4   255.3    39.0
48.5 -120.5 -0.3719  -300.8  -150.4  -100.3   -75.2   -60.2   -50.1   -43.0   -37.6   -33.4   258.2    39.6
40.5 -120.0 -0.4243   276.9   138.5    92.3    69.2    55.4    46.2    39.6    34.6    30.8   245.9    33.1
41.0 -120.0 -0.5212   474.7   237.4   158.2   118.7    94.9    79.1    67.8    59.3    52.7   241.7    72.6
41.5 -120.0 -0.3225   573.6   286.8   191.2   143.4   114.7    95.6    81.9    71.7    63.7   239.6    69.8
42.0 -120.0 -0.3991   459.1   229.5   153.0   114.8    91.8    76.5    65.6    57.4    51.0   242.0    35.6
45.0 -120.0 -0.3157    -0.7    -0.3    -0.2    -0.2    -0.1    -0.1    -0.1    -0.1    -0.1   251.8    44.6
45.5 -120.0 -0.6445  -139.5   -69.7   -46.5   -34.9   -27.9   -23.2   -19.9   -17.4   -15.5   254.8    44.1
46.0 -120.0 -0.7099   131.2    65.6    43.7    32.8    26.2    21.9    18.7    16.4    14.6   249.0    41.9
46.5 -120.0 -0.5460   120.8    60.4    40.3    30.2    24.2    20.1    17.3    15.1    13.4   249.2    36.9
47.0 -120.0 -0.5476   -30.2   -15.1   -10.1    -7.5    -6.0    -5.0    -4.3    -3.8    -3.4   252.4    35.7
47.5 -120.0 -0.3682   -97.8   -48.9   -32.6   -24.5   -19.6   -16.3   -14.0   -12.2   -10.9   253.9    35.7
48.0 -120.0 -0.3683   -25.0   -12.5    -8.3    -6.2    -5.0    -4.2    -3.6    -3.1    -2.8   252.3    40.7
40.0 -119.5 -0.3838    58.3    29.2    19.4    14.6    11.7     9.7     8.3     7.3     6.5   250.6    32.5
40.5 -119.5 -0.4339     6.3     3.1     2.1     1.6     1.3     1.0     0.9     0.8     0.7   251.7    31.4
41.0 -119.5 -0.4606   256.1   128.1    85.4    64.0    51.2    42.7    36.6    32.0    28.5   246.3    70.6
41.5 -119.5 -0.4718   318.2   159.1   106.1    79.6    63.6    53.0    45.5    39.8    35.4   245.0    35.4
42.0 -119.5 -0.4696   485.1   242.6   161.7   121.3    97.0    80.9    69.3    60.6    53.9   241.4    38.3
42.5 -119.5 -0.5029   -45.8   -22.9   -15.3   -11.4    -9.2    -7.6    -6.5    -5.7    -5.1   252.8    35.8
43.0 -119.5 -0.2710   -71.8   -35.9   -23.9   -17.9   -14.4   -12.0   -10.3    -9.0    -8.0   253.3    38.0
45.0 -119.5 -0.3357    -4.1    -2.1    -1.4    -1.0    -0.8    -0.7    -0.6    -0.5    -0.5   251.9    45.7
45.5 -119.5 -0.4748  -269.6  -134.8   -89.9   -67.4   -53.9   -44.9   -38.5   -33.7   -30.0   257.6    44.1
46.0 -119.5 -0.3891   107.8    53.9    35.9    27.0    21.6    18.0    15.4    13.5    12.0   249.5    41.6
46.5 -119.5 -0.3323   -35.4   -17.7   -11.8    -8.8    -7.1    -5.9    -5.1    -4.4    -3.9   252.6    34.9
47.0 -119.5 -0.3195  -227.9  -114.0   -76.0   -57.0   -45.6   -38.0   -32.6   -28.5   -25.3   256.7    36.3
47.5 -119.5 -0.3336   -51.6   -25.8   -17.2   -12.9   -10.3    -8.6    -7.4    -6.4    -5.7   252.9    38.5
48.0 -119.5 -0.2984   -51.0   -25.5   -17.0   -12.7   -10.2    -8.5    -7.3    -6.4    -5.7   252.9    42.9
48.5 -119.5 -0.2704    21.9    10.9     7.3     5.5     4.4     3.6     3.1     2.7     2.4   251.3    52.9
40.0 -119.0 -0.4058    -4.1    -2.1    -1.4    -1.0    -0.8    -0.7    -0.6    -0.5    -0.5   251.9    34.7
41.5 -119.0 -0.3517   384.5   192.2   128.2    96.1    76.9    64.1    54.9    48.1    42.7   243.6    36.9
42.0 -119.0 -0.3941   448.7   224.3   149.6   112.2    89.7    74.8    64.1    56.1    49.9   242.2    42.4
42.5 -119.0 -0.4768    11.5     5.7     3.8     2.9     2.3     1.9     1.6     1.4     1.3   251.6    40.5
45.0 -119.0 -0.4377  -228.3  -114.1   -76.1   -57.1   -45.7   -38.0   -32.6   -28.5   -25.4   256.7    43.6
45.5 -119.0 -0.4962  -508.0  -254.0  -169.3  -127.0  -101.6   -84.7   -72.6   -63.5   -56.4   262.6    41.0
46.5 -119.0 -0.2582  -206.4  -103.2   -68.8   -51.6   -41.3   -34.4   -29.5   -25.8   -22.9   256.2    28.5
47.0 -119.0 -0.3647  -159.3   -79.7   -53.1   -39.8   -31.9   -26.6   -22.8   -19.9   -17.7   255.2    28.5
47.5 -119.0 -0.1786   -19.7    -9.9    -6.6    -4.9    -3.9    -3.3    -2.8    -2.5    -2.2   252.2    28.5
42.0 -118.5 -0.4943   152.0    76.0    50.7    38.0    30.4    25.3    21.7    19.0    16.9   248.6    40.2
42.5 -118.5 -0.5169   -36.7   -18.3   -12.2    -9.2    -7.3    -6.1    -5.2    -4.6    -4.1   252.6    38.8
43.5 -118.5 -0.3776   -51.0   -25.5   -17.0   -12.7   -10.2    -8.5    -7.3    -6.4    -5.7   252.9    52.9
44.0 -118.5 -0.4249    16.7     8.3     5.6     4.2     3.3     2.8     2.4     2.1     1.9   251.4    52.4
44.5 -118.5 -0.5101  -566.2  -283.1  -188.7  -141.6  -113.2   -94.4   -80.9   -70.8   -62.9   263.9    52.6
45.0 -118.5 -0.5037  -904.5  -452.3  -301.5  -226.1  -180.9  -150.8  -129.2  -113.1  -100.5   271.1    48.7
45.5 -118.5 -0.6276 -1175.9  -587.9  -392.0  -294.0  -235.2  -196.0  -168.0  -147.0  -130.7   276.9    40.1
46.0 -118.5 -0.4602     1.1     0.5     0.4     0.3     0.2     0.2     0.2     0.1     0.1   251.8    39.3
46.5 -118.5 -0.3881  -113.4   -56.7   -37.8   -28.4   -22.7   -18.9   -16.2   -14.2   -12.6   254.2    36.8
47.0 -118.5 -0.3588    16.7     8.3     5.6     4.2     3.3     2.8     2.4     2.1     1.9   251.4    36.3
41.5 -118.0 -0.2068  -248.8  -124.4   -82.9   -62.2   -49.8   -41.5   -35.5   -31.1   -27.6   257.1    66.1
42.0 -118.0 -0.4045  -215.5  -107.8   -71.8   -53.9   -43.1   -35.9   -30.8   -26.9   -23.9   256.4    39.2
42.5 -118.0 -0.4131     1.1     0.5     0.4     0.3     0.2     0.2     0.2     0.1     0.1   251.8    47.9
43.0 -118.0 -0.4540   349.8   174.9   116.6    87.4    70.0    58.3    50.0    43.7    38.9   244.3    67.9
43.5 -118.0 -0.4901   266.5   133.3    88.8    66.6    53.3    44.4    38.1    33.3    29.6   246.1    68.7
44.5 -118.0 -0.9338  -624.7  -312.4  -208.2  -156.2  -124.9  -104.1   -89.2   -78.1   -69.4   265.1    52.1
45.0 -118.0 -0.8632  -982.6  -491.3  -327.5  -245.7  -196.5  -163.8  -140.4  -122.8  -109.2   272.8    45.7
45.5 -118.0 -0.7647 -1554.3  -777.1  -518.1  -388.6  -310.9  -259.0  -222.0  -194.3  -172.7   285.0    38.5
46.0 -118.0 -0.5950   -97.8   -48.9   -32.6   -24.5   -19.6   -16.3   -14.0   -12.2   -10.9   253.9    37.9
46.5 -118.0 -0.3816  -118.6   -59.3   -39.5   -29.7   -23.7   -19.8   -16.9   -14.8   -13.2   254.3    38.2
47.0 -118.0 -0.3582   -25.0   -12.5    -8.3    -6.2    -5.0    -4.2    -3.6    -3.1    -2.8   252.3    36.8
48.5 -118.0 -0.4416   592.2   296.1   197.4   148.0   118.4    98.7    84.6    74.0    65.8   239.2    64.7
43.0 -117.5 -0.6158   355.0   177.5   118.3    88.7    71.0    59.2    50.7    44.4    39.4   244.2    67.3
43.5 -117.5 -0.8056   204.1   102.0    68.0    51.0    40.8    34.0    29.2    25.5    22.7   247.4    67.3
44.0 -117.5 -0.8592  -300.8  -150.4  -100.3   -75.2   -60.2   -50.1   -43.0   -37.6   -33.4   258.2    48.8
44.5 -117.5 -1.2926  -838.4  -419.2  -279.5  -209.6  -167.7  -139.7  -119.8  -104.8   -93.2   269.7    47.4
45.0 -117.5 -1.0033 -1206.4  -603.2  -402.1  -301.6  -241.3  -201.1  -172.3  -150.8  -134.0   277.6    39.3
45.5 -117.5 -0.9612  -712.0  -356.0  -237.3  -178.0  -142.4  -118.7  -101.7   -89.0   -79.1   267.0    40.1
46.0 -117.5 -0.7067   115.6    57.8    38.5    28.9    23.1    19.3    16.5    14.4    12.8   249.3    38.5
46.5 -117.5 -0.5089   178.0    89.0    59.3    44.5    35.6    29.7    25.4    22.3    19.8   248.0    44.0
41.5 -117.0 -0.2458  -410.1  -205.0  -136.7  -102.5   -82.0   -68.3   -58.6   -51.3   -45.6   260.6    32.4
42.0 -117.0 -0.2706  -222.7  -111.4   -74.2   -55.7   -44.5   -37.1   -31.8   -27.8   -24.7   256.6    38.5
42.5 -117.0 -0.5198   -14.5    -7.3    -4.8    -3.6    -2.9    -2.4    -2.1    -1.8    -1.6   252.1    47.1
43.0 -117.0 -0.7224   126.0    63.0    42.0    31.5    25.2    21.0    18.0    15.7    14.0   249.1    59.0
43.5 -117.0 -1.0028   -71.8   -35.9   -23.9   -17.9   -14.4   -12.0   -10.3    -9.0    -8.0   253.3    56.5
44.0 -117.0 -0.9956  -618.3  -309.1  -206.1  -154.6  -123.7  -103.0   -88.3   -77.3   -68.7   265.0    41.9
44.5 -117.0 -1.1434 -1112.7  -556.4  -370.9  -278.2  -222.5  -185.5  -159.0  -139.1  -123.6   275.6    40.7
45.0 -117.0 -0.9720 -1154.4  -577.2  -384.8  -288.6  -230.9  -192.4  -164.9  -144.3  -128.3   276.4    37.7
45.5 -117.0 -1.0370 -1502.8  -751.4  -500.9  -375.7  -300.6  -250.5  -214.7  -187.8  -167.0   283.9    39.9
46.0 -117.0 -0.8588   282.1   141.1    94.0    70.5    56.4    47.0    40.3    35.3    31.3   245.8    37.9
46.5 -117.0 -0.6515   297.7   148.9    99.2    74.4    59.5    49.6    42.5    37.2    33.1   245.4    40.4
47.0 -117.0 -0.5702    68.2    34.1    22.7    17.0    13.6    11.4     9.7     8.5     7.6   250.3    34.1
41.5 -116.5 -0.2644  -410.1  -205.0  -136.7  -102.5   -82.0   -68.3   -58.6   -51.3   -45.6   260.6    32.4
42.0 -116.5 -0.3884  -410.1  -205.0  -136.7  -102.5   -82.0   -68.3   -58.6   -51.3   -45.6   260.6    32.4
42.5 -116.5 -0.5972  -227.9  -114.0   -76.0   -57.0   -45.6   -38.0   -32.6   -28.5   -25.3   256.7    39.0
43.0 -116.5 -0.8833   -92.6   -46.3   -30.9   -23.2   -18.5   -15.4   -13.2   -11.6   -10.3   253.8    38.5
43.5 -116.5 -1.1307  -290.4  -145.2   -96.8   -72.6   -58.1   -48.4   -41.5   -36.3   -32.3   258.0    47.1
44.0 -116.5 -0.8564  -587.1  -293.5  -195.7  -146.8  -117.4   -97.8   -83.9   -73.4   -65.2   264.3    41.3
44.5 -116.5 -0.8158  -925.4  -462.7  -308.5  -231.3  -185.1  -154.2  -132.2  -115.7  -102.8   271.6    40.7
45.0 -116.5 -0.6481  -722.4  -361.2  -240.8  -180.6  -144.5  -120.4  -103.2   -90.3   -80.3   267.2    42.4
45.5 -116.5 -0.6993  -557.1  -278.6  -185.7  -139.3  -111.4   -92.9   -79.6   -69.6   -61.9   263.7    41.8
46.0 -116.5 -0.9143   282.1   141.1    94.0    70.5    56.4    47.0    40.3    35.3    31.3   245.8    35.2
46.5 -116.5 -0.7458    89.6    44.8    29.9    22.4    17.9    14.9    12.8    11.2    10.0   249.9    37.3
41.0 -116.0 -0.1374  -608.6  -304.3  -202.9  -152.1  -121.7  -101.4   -86.9   -76.1   -67.6   264.8    34.1
41.5 -116.0 -0.3133  -535.0  -267.5  -178.3  -133.8  -107.0   -89.2   -76.4   -66.9   -59.4   263.2    32.4
42.0 -116.0 -0.4122  -477.8  -238.9  -159.3  -119.4   -95.6   -79.6   -68.3   -59.7   -53.1   262.0    35.7
42.5 -116.0 -0.5014  -436.1  -218.1  -145.4  -109.0   -87.2   -72.7   -62.3   -54.5   -48.5   261.1    42.1
43.0 -116.0 -0.6492  -373.7  -186.8  -124.6   -93.4   -74.7   -62.3   -53.4   -46.7   -41.5   259.8    45.4
43.5 -116.0 -0.8672  -561.0  -280.5  -187.0  -140.3  -112.2   -93.5   -80.1   -70.1   -62.3   263.8    50.1
44.0 -116.0 -0.6845  -597.5  -298.7  -199.2  -149.4  -119.5   -99.6   -85.4   -74.7   -66.4   264.6    45.2
44.5 -116.0 -0.6151  -727.6  -363.8  -242.5  -181.9  -145.5  -121.3  -103.9   -90.9   -80.8   267.3    44.3
45.0 -116.0 -0.4453  -581.9  -290.9  -194.0  -145.5  -116.4   -97.0   -83.1   -72.7   -64.7   264.2    39.9
45.5 -116.0 -0.4926  -503.8  -251.9  -167.9  -125.9  -100.8   -84.0   -72.0   -63.0   -56.0   262.6    42.4
46.0 -116.0 -0.5780    58.3    29.2    19.4    14.6    11.7     9.7     8.3     7.3     6.5   250.6    38.5
46.5 -116.0 -0.5842   -40.6   -20.3   -13.5   -10.1    -8.1    -6.8    -5.8    -5.1    -4.5   252.7    35.1
41.5 -115.5 -0.3061  -191.5   -95.8   -63.8   -47.9   -38.3   -31.9   -27.4   -23.9   -21.3   255.9    34.3
42.0 -115.5 -0.4183  -248.8  -124.4   -82.9   -62.2   -49.8   -41.5   -35.5   -31.1   -27.6   257.1    35.2
42.5 -115.5 -0.5215  -373.7  -186.8  -124.6   -93.4   -74.7   -62.3   -53.4   -46.7   -41.5   259.8    35.2
43.0 -115.5 -0.6244  -231.6  -115.8   -77.2   -57.9   -46.3   -38.6   -33.1   -28.9   -25.7   256.7    38.5
43.5 -115.5 -0.7651  -436.3  -218.2  -145.4  -109.1   -87.3   -72.7   -62.3   -54.5   -48.5   261.1    44.6
44.0 -115.5 -0.6087  -493.4  -246.7  -164.5  -123.3   -98.7   -82.2   -70.5   -61.7   -54.8   262.3    38.5
44.5 -115.5 -0.4953  -410.1  -205.0  -136.7  -102.5   -82.0   -68.3   -58.6   -51.3   -45.6   260.6    39.6
45.0 -115.5 -0.3666  -118.6   -59.3   -39.5   -29.7   -23.7   -19.8   -16.9   -14.8   -13.2   254.3    38.5
45.5 -115.5 -0.3109   384.9   192.5   128.3    96.2    77.0    64.2    55.0    48.1    42.8   243.6    42.7
46.0 -115.5 -0.2730   120.8    60.4    40.3    30.2    24.2    20.1    17.3    15.1    13.4   249.2    38.5
46.5 -115.5 -0.3809    63.5    31.8    21.2    15.9    12.7    10.6     9.1     7.9     7.1   250.4    37.4
47.0 -115.5 -0.3012  -290.4  -145.2   -96.8   -72.6   -58.1   -48.4   -41.5   -36.3   -32.3   258.0    31.2
41.5 -115.0 -0.2510   -10.2    -5.1    -3.4    -2.6    -2.0    -1.7    -1.5    -1.3    -1.1   252.0    40.9
42.0 -115.0 -0.3864  -248.8  -124.4   -82.9   -62.2   -49.8   -41.5   -35.5   -31.1   -27.6   257.1    38.5
42.5 -115.0 -0.4946  -352.8  -176.4  -117.6   -88.2   -70.6   -58.8   -50.4   -44.1   -39.2   259.3    38.2
43.0 -115.0 -0.5656  -189.8   -94.9   -63.3   -47.5   -38.0   -31.6   -27.1   -23.7   -21.1   255.9    41.1
43.5 -115.0 -0.6247  -316.4  -158.2  -105.5   -79.1   -63.3   -52.7   -45.2   -39.6   -35.2   258.6    46.5
44.0 -115.0 -0.5448  -342.4  -171.2  -114.1   -85.6   -68.5   -57.1   -48.9   -42.8   -38.0   259.1    41.8
44.5 -115.0 -0.4515  -108.9   -54.5   -36.3   -27.2   -21.8   -18.2   -15.6   -13.6   -12.1   254.1    45.2
45.0 -115.0 -0.4057   115.6    57.8    38.5    28.9    23.1    19.3    16.5    14.4    12.8   249.3    42.4
45.5 -115.0 -0.2810   152.0    76.0    50.7    38.0    30.4    25.3    21.7    19.0    16.9   248.6    37.1
46.0 -115.0 -0.2165    47.9    24.0    16.0    12.0     9.6     8.0     6.8     6.0     5.3   250.8    34.9
46.5 -115.0 -0.2913   -82.2   -41.1   -27.4   -20.6   -16.4   -13.7   -11.7   -10.3    -9.1   253.6    36.2
38.5 -114.5 -0.3843  -459.3  -229.6  -153.1  -114.8   -91.9   -76.5   -65.6   -57.4   -51.0   261.6    36.9
39.5 -114.5 -0.3938  -282.7  -141.3   -94.2   -70.7   -56.5   -47.1   -40.4   -35.3   -31.4   257.8    34.6
40.0 -114.5 -0.2055  -181.1   -90.5   -60.4   -45.3   -36.2   -30.2   -25.9   -22.6   -20.1   255.7    31.9
40.5 -114.5 -0.1468  -118.6   -59.3   -39.5   -29.7   -23.7   -19.8   -16.9   -14.8   -13.2   254.3    58.2
41.0 -114.5 -0.0938  -113.4   -56.7   -37.8   -28.4   -22.7   -18.9   -16.2   -14.2   -12.6   254.2    31.4
41.5 -114.5 -0.2152  -251.9  -126.0   -84.0   -63.0   -50.4   -42.0   -36.0   -31.5   -28.0   257.2    37.7
42.0 -114.5 -0.2458  -550.4  -275.2  -183.5  -137.6  -110.1   -91.7   -78.6   -68.8   -61.2   263.6    29.1
42.5 -114.5 -0.3412  -644.3  -322.2  -214.8  -161.1  -128.9  -107.4   -92.0   -80.5   -71.6   265.6    33.8
43.0 -114.5 -0.3267  -436.1  -218.1  -145.4  -109.0   -87.2   -72.7   -62.3   -54.5   -48.5   261.1    33.5
43.5 -114.5 -0.4026  -384.1  -192.0  -128.0   -96.0   -76.8   -64.0   -54.9   -48.0   -42.7   260.0    44.3
44.0 -114.5 -0.4931  -271.8  -135.9   -90.6   -67.9   -54.4   -45.3   -38.8   -34.0   -30.2   257.6    42.4
44.5 -114.5 -0.5090    32.3    16.2    10.8     8.1     6.5     5.4     4.6     4.0     3.6   251.1    47.4
45.0 -114.5 -0.3631   -19.7    -9.9    -6.6    -4.9    -3.9    -3.3    -2.8    -2.5    -2.2   252.2    40.2
45.5 -114.5 -0.2469   -66.6   -33.3   -22.2   -16.6   -13.3   -11.1    -9.5    -8.3    -7.4   253.2    35.2
46.5 -114.5 -0.2054   -87.4   -43.7   -29.1   -21.9   -17.5   -14.6   -12.5   -10.9    -9.7   253.7    31.3
34.0 -114.0 -0.4305    32.3    16.2    10.8     8.1     6.5     5.4     4.6     4.0     3.6   251.1    38.6
39.5 -114.0 -0.3368    16.7     8.3     5.6     4.2     3.3     2.8     2.4     2.1     1.9   251.4    36.9
40.0 -114.0 -0.1916    -9.3    -4.7    -3.1    -2.3    -1.9    -1.6    -1.3    -1.2    -1.0   252.0    30.8
40.5 -114.0 -0.1482   -30.9   -15.4   -10.3    -7.7    -6.2    -5.1    -4.4    -3.9    -3.4   252.5    59.3
41.0 -114.0 -0.1265   -56.2   -28.1   -18.7   -14.0   -11.2    -9.4    -8.0    -7.0    -6.2   253.0    31.9
41.5 -114.0 -0.2106  -103.0   -51.5   -34.3   -25.8   -20.6   -17.2   -14.7   -12.9   -11.4   254.0    43.5
42.0 -114.0 -0.2615  -212.3  -106.2   -70.8   -53.1   -42.5   -35.4   -30.3   -26.5   -23.6   256.3    31.6
42.5 -114.0 -0.3330  -274.8  -137.4   -91.6   -68.7   -55.0   -45.8   -39.3   -34.3   -30.5   257.7    35.8
43.0 -114.0 -0.3289    29.1    14.6     9.7     7.3     5.8     4.9     4.2     3.6     3.2   251.2    38.5
43.5 -114.0 -0.3471   -25.0   -12.5    -8.3    -6.2    -5.0    -4.2    -3.6    -3.1    -2.8   252.3    42.7
44.0 -114.0 -0.3746  -311.2  -155.6  -103.7   -77.8   -62.2   -51.9   -44.5   -38.9   -34.6   258.4    38.5
44.5 -114.0 -0.3605  -129.0   -64.5   -43.0   -32.3   -25.8   -21.5   -18.4   -16.1   -14.3   254.6    37.1
45.5 -114.0 -0.2872  -311.2  -155.6  -103.7   -77.8   -62.2   -51.9   -44.5   -38.9   -34.6   258.4    34.0
47.5 -114.0 -0.2639  -149.9   -74.9   -50.0   -37.5   -30.0   -25.0   -21.4   -18.7   -16.7   255.0    39.6
34.0 -113.5 -0.3960   -25.0   -12.5    -8.3    -6.2    -5.0    -4.2    -3.6    -3.1    -2.8   252.3    32.5
38.5 -113.5 -0.3001  -311.2  -155.6  -103.7   -77.8   -62.2   -51.9   -44.5   -38.9   -34.6   258.4    38.0
39.0 -113.5 -0.4135   -30.2   -15.1   -10.1    -7.5    -6.0    -5.0    -4.3    -3.8    -3.4   252.4    38.0
39.5 -113.5 -0.3774    63.5    31.8    21.2    15.9    12.7    10.6     9.1     7.9     7.1   250.4    41.4
40.5 -113.5 -0.1686   100.0    50.0    33.3    25.0    20.0    16.7    14.3    12.5    11.1   249.7    87.8
41.5 -113.5 -0.2723  -201.9  -101.0   -67.3   -50.5   -40.4   -33.7   -28.8   -25.2   -22.4   256.1    44.1
42.0 -113.5 -0.3207  -285.2  -142.6   -95.1   -71.3   -57.0   -47.5   -40.7   -35.6   -31.7   257.9    36.9
42.5 -113.5 -0.2617  -129.0   -64.5   -43.0   -32.3   -25.8   -21.5   -18.4   -16.1   -14.3   254.6    36.9
43.0 -113.5 -0.2858   417.4   208.7   139.1   104.4    83.5    69.6    59.6    52.2    46.4   242.9    44.1
43.5 -113.5 -0.3056   412.2   206.1   137.4   103.1    82.4    68.7    58.9    51.5    45.8   243.0    46.0
44.0 -113.5 -0.3992  -352.1  -176.0  -117.4   -88.0   -70.4   -58.7   -50.3   -44.0   -39.1   259.3    40.4
44.5 -113.5 -0.4337  -404.9  -202.4  -135.0  -101.2   -81.0   -67.5   -57.8   -50.6   -45.0   260.4    38.7
45.0 -113.5 -0.4469  -286.6  -143.3   -95.5   -71.7   -57.3   -47.8   -40.9   -35.8   -31.8   257.9    39.2
45.5 -113.5 -0.2514  -378.9  -189.4  -126.3   -94.7   -75.8   -63.1   -54.1   -47.4   -42.1   259.9    36.0
47.5 -113.5 -0.3377  -160.3   -80.1   -53.4   -40.1   -32.1   -26.7   -22.9   -20.0   -17.8   255.2    39.3
48.0 -113.5 -0.2928  -389.3  -194.6  -129.8   -97.3   -77.9   -64.9   -55.6   -48.7   -43.3   260.1    37.1
34.0 -113.0 -0.3867    27.1    13.5     9.0     6.8     5.4     4.5     3.9     3.4     3.0   251.2    36.4
34.5 -113.0 -0.3001   100.0    50.0    33.3    25.0    20.0    16.7    14.3    12.5    11.1   249.7    30.3
39.0 -113.0 -0.2646   -99.6   -49.8   -33.2   -24.9   -19.9   -16.6   -14.2   -12.4   -11.1   253.9    41.3
39.5 -113.0 -0.2439   188.4    94.2    62.8    47.1    37.7    31.4    26.9    23.6    20.9   247.8    42.7
41.5 -113.0 -0.4069  -311.2  -155.6  -103.7   -77.8   -62.2   -51.9   -44.5   -38.9   -34.6   258.4    42.4
42.0 -113.0 -0.3968  -540.2  -270.1  -180.1  -135.1  -108.0   -90.0   -77.2   -67.5   -60.0   263.3    39.6
44.0 -113.0 -0.3895   -71.8   -35.9   -23.9   -17.9   -14.4   -12.0   -10.3    -9.0    -8.0   253.3    39.0
44.5 -113.0 -0.3727  -191.5   -95.8   -63.8   -47.9   -38.3   -31.9   -27.4   -23.9   -21.3   255.9    37.9
45.0 -113.0 -0.5395  -170.7   -85.3   -56.9   -42.7   -34.1   -28.4   -24.4   -21.3   -19.0   255.4    36.3
47.0 -113.0 -0.2167    79.1    39.6    26.4    19.8    15.8    13.2    11.3     9.9     8.8   250.1    47.9
47.5 -113.0 -0.3474  -149.9   -74.9   -50.0   -37.5   -30.0   -25.0   -21.4   -18.7   -16.7   255.0    39.6
48.0 -113.0 -0.3492  -358.1  -179.0  -119.4   -89.5   -71.6   -59.7   -51.2   -44.8   -39.8   259.4    37.1
48.5 -113.0 -0.4060  -456.9  -228.5  -152.3  -114.2   -91.4   -76.2   -65.3   -57.1   -50.8   261.6    30.2
34.0 -112.5 -0.3717    58.3    29.2    19.4    14.6    11.7     9.7     8.3     7.3     6.5   250.6    30.9
35.0 -112.5 -0.3824   178.0    89.0    59.3    44.5    35.6    29.7    25.4    22.3    19.8   248.0    43.0
35.5 -112.5 -0.3467   318.6   159.3   106.2    79.6    63.7    53.1    45.5    39.8    35.4   245.0    41.9
36.0 -112.5 -0.3039   334.2   167.1   111.4    83.5    66.8    55.7    47.7    41.8    37.1   244.7    43.6
38.5 -112.5 -0.3872  -441.3  -220.7  -147.1  -110.3   -88.3   -73.6   -63.0   -55.2   -49.0   261.2    49.1
39.0 -112.5 -0.3693  -451.7  -225.9  -150.6  -112.9   -90.3   -75.3   -64.5   -56.5   -50.2   261.4    50.2
39.5 -112.5 -0.3818    47.9    24.0    16.0    12.0     9.6     8.0     6.8     6.0     5.3   250.8    65.1
41.5 -112.5 -0.5958  -524.5  -262.3  -174.8  -131.1  -104.9   -87.4   -74.9   -65.6   -58.3   263.0    40.6
42.0 -112.5 -0.4781  -611.9  -306.0  -204.0  -153.0  -122.4  -102.0   -87.4   -76.5   -68.0   264.9    36.7
42.5 -112.5 -0.2982  -389.3  -194.6  -129.8   -97.3   -77.9   -64.9   -55.6   -48.7   -43.3   260.1    36.3
44.0 -112.5 -0.4180   198.9    99.4    66.3    49.7    39.8    33.1    28.4    24.9    22.1   247.6    43.5
44.5 -112.5 -0.2909   250.9   125.4    83.6    62.7    50.2    41.8    35.8    31.4    27.9   246.4    47.4
45.0 -112.5 -0.5128   172.4    86.2    57.5    43.1    34.5    28.7    24.6    21.5    19.2   248.1    44.3
47.0 -112.5 -0.2372   204.1   102.0    68.0    51.0    40.8    34.0    29.2    25.5    22.7   247.4    51.2
47.5 -112.5 -0.3490  -170.7   -85.3   -56.9   -42.7   -34.1   -28.4   -24.4   -21.3   -19.0   255.4    39.0
48.0 -112.5 -0.3620  -488.2  -244.1  -162.7  -122.0   -97.6   -81.4   -69.7   -61.0   -54.2   262.2    36.2
48.5 -112.5 -0.3740  -555.8  -277.9  -185.3  -139.0  -111.2   -92.6   -79.4   -69.5   -61.8   263.7    32.1
37.0 -112.0 -0.2957   318.6   159.3   106.2    79.6    63.7    53.1    45.5    39.8    35.4   245.0    64.0
37.5 -112.0 -0.3349   -86.5   -43.3   -28.8   -21.6   -17.3   -14.4   -12.4   -10.8    -9.6   253.6    57.9
38.0 -112.0 -0.3642  -344.5  -172.2  -114.8   -86.1   -68.9   -57.4   -49.2   -43.1   -38.3   259.2    51.5
38.5 -112.0 -0.3629  -384.1  -192.0  -128.0   -96.0   -76.8   -64.0   -54.9   -48.0   -42.7   260.0    52.4
39.0 -112.0 -0.2894  -358.1  -179.0  -119.4   -89.5   -71.6   -59.7   -51.2   -44.8   -39.8   259.4    52.9
39.5 -112.0 -0.4193     6.3     3.1     2.1     1.6     1.3     1.0     0.9     0.8     0.7   251.7    67.0
40.0 -112.0 -0.4429   -19.7    -9.9    -6.6    -4.9    -3.9    -3.3    -2.8    -2.5    -2.2   252.2    65.1
40.5 -112.0 -0.3523  -415.3  -207.7  -138.4  -103.8   -83.1   -69.2   -59.3   -51.9   -46.1   260.7    62.9
41.0 -112.0 -0.4224  -295.6  -147.8   -98.5   -73.9   -59.1   -49.3   -42.2   -36.9   -32.8   258.1    52.4
41.5 -112.0 -0.6525  -826.5  -413.2  -275.5  -206.6  -165.3  -137.7  -118.1  -103.3   -91.8   269.4    34.1
42.0 -112.0 -0.5974  -963.3  -481.6  -321.1  -240.8  -192.7  -160.5  -137.6  -120.4  -107.0   272.4    31.9
42.5 -112.0 -0.4418  -696.4  -348.2  -232.1  -174.1  -139.3  -116.1   -99.5   -87.0   -77.4   266.7    45.4
43.0 -112.0 -0.3696   149.3    74.6    49.8    37.3    29.9    24.9    21.3    18.7    16.6   248.6    40.2
43.5 -112.0 -0.4014   688.9   344.4   229.6   172.2   137.8   114.8    98.4    86.1    76.5   237.1    45.2
44.0 -112.0 -0.3825   552.8   276.4   184.3   138.2   110.6    92.1    79.0    69.1    61.4   240.0    45.7
44.5 -112.0 -0.3235   708.9   354.5   236.3   177.2   141.8   118.2   101.3    88.6    78.8   236.7    49.0
45.0 -112.0 -0.2332   766.2   383.1   255.4   191.5   153.2   127.7   109.5    95.8    85.1   235.4    52.9
45.5 -112.0 -0.1871   636.0   318.0   212.0   159.0   127.2   106.0    90.9    79.5    70.7   238.2    50.2
46.0 -112.0 -0.1846   505.9   253.0   168.6   126.5   101.2    84.3    72.3    63.2    56.2   241.0    47.4
46.5 -112.0 -0.3418   287.3   143.7    95.8    71.8    57.5    47.9    41.0    35.9    31.9   245.7    30.2
47.0 -112.0 -0.3195   313.4   156.7   104.5    78.3    62.7    52.2    44.8    39.2    34.8   245.1    41.8
47.5 -112.0 -0.3801  -191.5   -95.8   -63.8   -47.9   -38.3   -31.9   -27.4   -23.9   -21.3   255.9    30.2
48.0 -112.0 -0.3888  -493.4  -246.7  -164.5  -123.3   -98.7   -82.2   -70.5   -61.7   -54.8   262.3    32.7
36.5 -111.5 -0.4616   485.1   242.6   161.7   121.3    97.0    80.9    69.3    60.6    53.9   241.4    68.5
37.0 -111.5 -0.5766   270.1   135.0    90.0    67.5    54.0    45.0    38.6    33.8    30.0   246.0    63.8
37.5 -111.5 -0.5335  -186.3   -93.1   -62.1   -46.6   -37.3   -31.0   -26.6   -23.3   -20.7   255.8    54.6
38.0 -111.5 -0.4121  -541.5  -270.8  -180.5  -135.4  -108.3   -90.3   -77.4   -67.7   -60.2   263.4    47.7
38.5 -111.5 -0.3784  -576.6  -288.3  -192.2  -144.2  -115.3   -96.1   -82.4   -72.1   -64.1   264.1    51.0
39.5 -111.5 -0.7234  -332.0  -166.0  -110.7   -83.0   -66.4   -55.3   -47.4   -41.5   -36.9   258.9    67.9
40.5 -111.5 -0.4650  -410.1  -205.0  -136.7  -102.5   -82.0   -68.3   -58.6   -51.3   -45.6   260.6    53.4
41.0 -111.5 -0.5901  -264.4  -132.2   -88.1   -66.1   -52.9   -44.1   -37.8   -33.0   -29.4   257.4    49.0
41.5 -111.5 -0.7782  -883.7  -441.9  -294.6  -220.9  -176.7  -147.3  -126.2  -110.5   -98.2   270.7    32.9
42.0 -111.5 -0.7187  -930.6  -465.3  -310.2  -232.6  -186.1  -155.1  -132.9  -116.3  -103.4   271.7    27.1
42.5 -111.5 -0.6171  -632.0  -316.0  -210.7  -158.0  -126.4  -105.3   -90.3   -79.0   -70.2   265.3    28.2
43.0 -111.5 -0.3103   370.6   185.3   123.5    92.7    74.1    61.8    52.9    46.3    41.2   243.9    28.0
43.5 -111.5 -0.2862   787.0   393.5   262.3   196.7   157.4   131.2   112.4    98.4    87.4   235.0    36.9
44.0 -111.5 -0.3559   729.7   364.9   243.2   182.4   145.9   121.6   104.2    91.2    81.1   236.2    36.3
44.5 -111.5 -0.4166   776.6   388.3   258.9   194.1   155.3   129.4   110.9    97.1    86.3   235.2    38.0
45.0 -111.5 -0.2818   823.4   411.7   274.5   205.9   164.7   137.2   117.6   102.9    91.5   234.2    36.9
45.5 -111.5 -0.1788   703.7   351.9   234.6   175.9   140.7   117.3   100.5    88.0    78.2   236.8    27.5
46.0 -111.5 -0.2684   629.1   314.5   209.7   157.3   125.8   104.8    89.9    78.6    69.9   238.4    26.6
46.5 -111.5 -0.3982   318.6   159.3   106.2    79.6    63.7    53.1    45.5    39.8    35.4   245.0    31.6
47.0 -111.5 -0.3677   198.9    99.4    66.3    49.7    39.8    33.1    28.4    24.9    22.1   247.6    32.4
47.5 -111.5 -0.3270  -134.2   -67.1   -44.7   -33.6   -26.8   -22.4   -19.2   -16.8   -14.9   254.7    25.2
48.0 -111.5 -0.3693  -447.3  -223.7  -149.1  -111.8   -89.5   -74.6   -63.9   -55.9   -49.7   261.4    28.8
48.5 -111.5 -0.4853  -592.3  -296.1  -197.4  -148.1  -118.5   -98.7   -84.6   -74.0   -65.8   264.4    29.9
49.0 -111.5 -0.5054  -129.8   -64.9   -43.3   -32.5   -26.0   -21.6   -18.5   -16.2   -14.4   254.6    26.9
34.0 -111.0 -0.3356   313.4   156.7   104.5    78.3    62.7    52.2    44.8    39.2    34.8   245.1    77.8
35.0 -111.0 -0.2524   224.9   112.4    75.0    56.2    45.0    37.5    32.1    28.1    25.0   247.0    66.2
35.5 -111.0 -0.2686   365.4   182.7   121.8    91.4    73.1    60.9    52.2    45.7    40.6   244.0    67.9
36.0 -111.0 -0.3620   339.4   169.7   113.1    84.8    67.9    56.6    48.5    42.4    37.7   244.6    67.3
36.5 -111.0 -0.4735   334.2   167.1   111.4    83.5    66.8    55.7    47.7    41.8    37.1   244.7    61.8
37.0 -111.0 -0.4737   141.6    70.8    47.2    35.4    28.3    23.6    20.2    17.7    15.7   248.8    53.5
37.5 -111.0 -0.3708  -238.3  -119.2   -79.4   -59.6   -47.7   -39.7   -34.0   -29.8   -26.5   256.9    41.9
38.0 -111.0 -0.3440  -280.0  -140.0   -93.3   -70.0   -56.0   -46.7   -40.0   -35.0   -31.1   257.8    47.9
38.5 -111.0 -0.3852  -509.0  -254.5  -169.7  -127.2  -101.8   -84.8   -72.7   -63.6   -56.6   262.7    53.2
39.0 -111.0 -0.4146  -441.3  -220.7  -147.1  -110.3   -88.3   -73.6   -63.0   -55.2   -49.0   261.2    57.3
39.5 -111.0 -0.5943  -321.6  -160.8  -107.2   -80.4   -64.3   -53.6   -45.9   -40.2   -35.7   258.7    65.4
40.0 -111.0 -0.5661  -352.8  -176.4  -117.6   -88.2   -70.6   -58.8   -50.4   -44.1   -39.2   259.3    60.7
41.0 -111.0 -0.4769  -566.9  -283.5  -189.0  -141.7  -113.4   -94.5   -81.0   -70.9   -63.0   263.9    36.9
41.5 -111.0 -0.7004  -857.7  -428.9  -285.9  -214.4  -171.5  -143.0  -122.5  -107.2   -95.3   270.1    28.0
42.0 -111.0 -0.7302  -748.4  -374.2  -249.5  -187.1  -149.7  -124.7  -106.9   -93.6   -83.2   267.8    27.7
42.5 -111.0 -0.6694  -483.0  -241.5  -161.0  -120.7   -96.6   -80.5   -69.0   -60.4   -53.7   262.1    30.7
43.0 -111.0 -0.5716   261.3   130.7    87.1    65.3    52.3    43.6    37.3    32.7    29.0   246.2    36.0
43.5 -111.0 -0.4480   672.5   336.2   224.2   168.1   134.5   112.1    96.1    84.1    74.7   237.4    38.5
44.5 -111.0 -0.3979   748.5   374.3   249.5   187.1   149.7   124.8   106.9    93.6    83.2   235.8    37.5
45.0 -111.0 -0.3430   792.2   396.1   264.1   198.0   158.4   132.0   113.2    99.0    88.0   234.9    36.9
45.5 -111.0 -0.2762   603.8   301.9   201.3   151.0   120.8   100.6    86.3    75.5    67.1   238.9    31.6
46.0 -111.0 -0.3317   599.6   299.8   199.9   149.9   119.9    99.9    85.7    75.0    66.6   239.0    30.8
46.5 -111.0 -0.4352   474.7   237.4   158.2   118.7    94.9    79.1    67.8    59.3    52.7   241.7    30.2
47.0 -111.0 -0.3438   240.5   120.2    80.2    60.1    48.1    40.1    34.4    30.1    26.7   246.7    34.1
47.5 -111.0 -0.4003   -61.4   -30.7   -20.5   -15.3   -12.3   -10.2    -8.8    -7.7    -6.8   253.1    24.1
48.0 -111.0 -0.3419  -399.7  -199.8  -133.2   -99.9   -79.9   -66.6   -57.1   -50.0   -44.4   260.3    28.5
48.5 -111.0 -0.5110  -389.3  -194.6  -129.8   -97.3   -77.9   -64.9   -55.6   -48.7   -43.3   260.1    28.8
49.0 -111.0 -0.5996  -238.3  -119.2   -79.4   -59.6   -47.7   -39.7   -34.0   -29.8   -26.5   256.9    24.6
34.0 -110.5 -0.4033   204.1   102.0    68.0    51.0    40.8    34.0    29.2    25.5    22.7   247.4    70.6
34.5 -110.5 -0.3789   115.6    57.8    38.5    28.9    23.1    19.3    16.5    14.4    12.8   249.3    67.3
39.0 -110.5 -0.3964     1.1     0.5     0.4     0.3     0.2     0.2     0.2     0.1     0.1   251.8    71.7
39.5 -110.5 -0.4713  -196.7   -98.4   -65.6   -49.2   -39.3   -32.8   -28.1   -24.6   -21.9   256.0    66.8
40.0 -110.5 -0.5331  -342.4  -171.2  -114.1   -85.6   -68.5   -57.1   -48.9   -42.8   -38.0   259.1    56.8
40.5 -110.5 -0.4781  -540.2  -270.1  -180.1  -135.1  -108.0   -90.0   -77.2   -67.5   -60.0   263.3    35.5
41.0 -110.5 -0.4850  -503.8  -251.9  -167.9  -125.9  -100.8   -84.0   -72.0   -63.0   -56.0   262.6    36.3
42.0 -110.5 -0.6340  -696.4  -348.2  -232.1  -174.1  -139.3  -116.1   -99.5   -87.0   -77.4   266.7    26.0
42.5 -110.5 -0.6040  -462.1  -231.1  -154.0  -115.5   -92.4   -77.0   -66.0   -57.8   -51.3   261.7    29.1
43.0 -110.5 -0.4866   162.4    81.2    54.1    40.6    32.5    27.1    23.2    20.3    18.0   248.3    31.0
43.5 -110.5 -0.3089   589.2   294.6   196.4   147.3   117.8    98.2    84.2    73.7    65.5   239.2    37.4
44.0 -110.5 -0.3058   568.4   284.2   189.5   142.1   113.7    94.7    81.2    71.0    63.2   239.7    39.1
44.5 -110.5 -0.4576   610.0   305.0   203.3   152.5   122.0   101.7    87.1    76.3    67.8   238.8    38.5
45.5 -110.5 -0.3837   552.8   276.4   184.3   138.2   110.6    92.1    79.0    69.1    61.4   240.0    35.2
46.0 -110.5 -0.3718   532.0   266.0   177.3   133.0   106.4    88.7    76.0    66.5    59.1   240.4    31.4
46.5 -110.5 -0.4852   349.8   174.9   116.6    87.4    70.0    58.3    50.0    43.7    38.9   244.3    28.8
47.0 -110.5 -0.4567   318.6   159.3   106.2    79.6    63.7    53.1    45.5    39.8    35.4   245.0    34.4
47.5 -110.5 -0.4531    68.7    34.4    22.9    17.2    13.7    11.5     9.8     8.6     7.6   250.3    26.9
48.0 -110.5 -0.3923  -222.1  -111.1   -74.0   -55.5   -44.4   -37.0   -31.7   -27.8   -24.7   256.5    26.8
48.5 -110.5 -0.4955  -291.5  -145.7   -97.2   -72.9   -58.3   -48.6   -41.6   -36.4   -32.4   258.0    28.8
34.5 -110.0 -0.3465   -19.7    -9.9    -6.6    -4.9    -3.9    -3.3    -2.8    -2.5    -2.2   252.2    60.2
35.0 -110.0 -0.2210   162.4    81.2    54.1    40.6    32.5    27.1    23.2    20.3    18.0   248.3    60.7
35.5 -110.0 -0.1894   313.4   156.7   104.5    78.3    62.7    52.2    44.8    39.2    34.8   245.1    66.8
38.5 -110.0 -0.4011  -306.0  -153.0  -102.0   -76.5   -61.2   -51.0   -43.7   -38.3   -34.0   258.3    59.0
39.0 -110.0 -0.3816   -35.4   -17.7   -11.8    -8.8    -7.1    -5.9    -5.1    -4.4    -3.9   252.6    63.4
39.5 -110.0 -0.3813  -280.0  -140.0   -93.3   -70.0   -56.0   -46.7   -40.0   -35.0   -31.1   257.8    56.8
40.0 -110.0 -0.3896  -426.4  -213.2  -142.1  -106.6   -85.3   -71.1   -60.9   -53.3   -47.4   260.9    48.2
40.5 -110.0 -0.3816  -592.3  -296.1  -197.4  -148.1  -118.5   -98.7   -84.6   -74.0   -65.8   264.4    35.7
41.0 -110.0 -0.3950  -529.8  -264.9  -176.6  -132.5  -106.0   -88.3   -75.7   -66.2   -58.9   263.1    38.5
41.5 -110.0 -0.5636  -477.8  -238.9  -159.3  -119.4   -95.6   -79.6   -68.3   -59.7   -53.1   262.0    34.9
42.0 -110.0 -0.6467  -430.9  -215.5  -143.6  -107.7   -86.2   -71.8   -61.6   -53.9   -47.9   261.0    29.1
42.5 -110.0 -0.6516  -210.5  -105.2   -70.2   -52.6   -42.1   -35.1   -30.1   -26.3   -23.4   256.3    31.9
43.0 -110.0 -0.5371   276.9   138.5    92.3    69.2    55.4    46.2    39.6    34.6    30.8   245.9    30.8
43.5 -110.0 -0.4153   505.9   253.0   168.6   126.5   101.2    84.3    72.3    63.2    56.2   241.0    30.8
44.0 -110.0 -0.3919   641.3   320.6   213.8   160.3   128.3   106.9    91.6    80.2    71.3   238.1    37.2
44.5 -110.0 -0.5646   427.9   213.9   142.6   107.0    85.6    71.3    61.1    53.5    47.5   242.7    32.5
45.0 -110.0 -0.4328   485.1   242.6   161.7   121.3    97.0    80.9    69.3    60.6    53.9   241.4    59.3
45.5 -110.0 -0.4654   412.2   206.1   137.4   103.1    82.4    68.7    58.9    51.5    45.8   243.0    36.3
46.0 -110.0 -0.3637   412.6   206.3   137.5   103.1    82.5    68.8    58.9    51.6    45.8   243.0    32.5
46.5 -110.0 -0.5146   313.4   156.7   104.5    78.3    62.7    52.2    44.8    39.2    34.8   245.1    32.2
47.0 -110.0 -0.5402   287.3   143.7    95.8    71.8    57.5    47.9    41.0    35.9    31.9   245.7    35.8
47.5 -110.0 -0.5548    63.5    31.8    21.2    15.9    12.7    10.6     9.1     7.9     7.1   250.4    27.5
48.0 -110.0 -0.5568  -129.0   -64.5   -43.0   -32.3   -25.8   -21.5   -18.4   -16.1   -14.3   254.6    27.4
48.5 -110.0 -0.5146  -160.3   -80.1   -53.4   -40.1   -32.1   -26.7   -22.9   -20.0   -17.8   255.2    31.6
34.0 -109.5 -0.3801   105.2    52.6    35.1    26.3    21.0    17.5    15.0    13.1    11.7   249.6    71.2
34.5 -109.5 -0.4059     6.3     3.1     2.1     1.6     1.3     1.0     0.9     0.8     0.7   251.7    71.8
35.0 -109.5 -0.2918   193.6    96.8    64.5    48.4    38.7    32.3    27.7    24.2    21.5   247.7    71.8
38.0 -109.5 -0.6012   -77.0   -38.5   -25.7   -19.2   -15.4   -12.8   -11.0    -9.6    -8.6   253.4    53.7
38.5 -109.5 -0.5513  -316.4  -158.2  -105.5   -79.1   -63.3   -52.7   -45.2   -39.6   -35.2   258.6    52.6
39.0 -109.5 -0.3115  -222.7  -111.4   -74.2   -55.7   -44.5   -37.1   -31.8   -27.8   -24.7   256.6    54.6
39.5 -109.5 -0.3479  -467.3  -233.7  -155.8  -116.8   -93.5   -77.9   -66.8   -58.4   -51.9   261.8    50.7
40.0 -109.5 -0.2735  -446.5  -223.3  -148.8  -111.6   -89.3   -74.4   -63.8   -55.8   -49.6   261.3    51.2
40.5 -109.5 -0.2654  -456.9  -228.5  -152.3  -114.2   -91.4   -76.2   -65.3   -57.1   -50.8   261.6    39.3
41.0 -109.5 -0.3757  -550.6  -275.3  -183.5  -137.7  -110.1   -91.8   -78.7   -68.8   -61.2   263.6    38.8
41.5 -109.5 -0.4532  -456.9  -228.5  -152.3  -114.2   -91.4   -76.2   -65.3   -57.1   -50.8   261.6    40.2
42.0 -109.5 -0.4722  -384.1  -192.0  -128.0   -96.0   -76.8   -64.0   -54.9   -48.0   -42.7   260.0    31.6
42.5 -109.5 -0.4192   -97.8   -48.9   -32.6   -24.5   -19.6   -16.3   -14.0   -12.2   -10.9   253.9    33.0
43.0 -109.5 -0.4496    89.6    44.8    29.9    22.4    17.9    14.9    12.8    11.2    10.0   249.9    30.2
43.5 -109.5 -0.4814   261.3   130.7    87.1    65.3    52.3    43.6    37.3    32.7    29.0   246.2    29.7
44.0 -109.5 -0.3082   547.6   273.8   182.5   136.9   109.5    91.3    78.2    68.4    60.8   240.1    35.8
44.5 -109.5 -0.4957   511.1   255.6   170.4   127.8   102.2    85.2    73.0    63.9    56.8   240.9    36.3
45.0 -109.5 -0.3768   511.1   255.6   170.4   127.8   102.2    85.2    73.0    63.9    56.8   240.9    64.0
45.5 -109.5 -0.4932   417.4   208.7   139.1   104.4    83.5    69.6    59.6    52.2    46.4   242.9    37.2
46.0 -109.5 -0.4017   375.8   187.9   125.3    94.0    75.2    62.6    53.7    47.0    41.8   243.8    32.2
46.5 -109.5 -0.4264   308.4   154.2   102.8    77.1    61.7    51.4    44.1    38.6    34.3   245.2    29.3
47.0 -109.5 -0.4865   240.5   120.2    80.2    60.1    48.1    40.1    34.4    30.1    26.7   246.7    34.1
47.5 -109.5 -0.4273   152.0    76.0    50.7    38.0    30.4    25.3    21.7    19.0    16.9   248.6    22.5
48.0 -109.5 -0.3893    -9.3    -4.7    -3.1    -2.3    -1.9    -1.6    -1.3    -1.2    -1.0   252.0    22.5
48.5 -109.5 -0.4957   141.6    70.8    47.2    35.4    28.3    23.6    20.2    17.7    15.7   248.8    34.1
38.0 -109.0 -0.5899   -56.2   -28.1   -18.7   -14.0   -11.2    -9.4    -8.0    -7.0    -6.2   253.0    59.6
38.5 -109.0 -0.6645  -196.7   -98.4   -65.6   -49.2   -39.3   -32.8   -28.1   -24.6   -21.9   256.0    57.9
39.0 -109.0 -0.5030  -144.7   -72.3   -48.2   -36.2   -28.9   -24.1   -20.7   -18.1   -16.1   254.9    60.4
39.5 -109.0 -0.3621  -399.7  -199.8  -133.2   -99.9   -79.9   -66.6   -57.1   -50.0   -44.4   260.3    50.1
41.0 -109.0 -0.2573  -623.5  -311.7  -207.8  -155.9  -124.7  -103.9   -89.1   -77.9   -69.3   265.1    37.1
41.5 -109.0 -0.3419  -423.7  -211.8  -141.2  -105.9   -84.7   -70.6   -60.5   -53.0   -47.1   260.8    36.9
42.0 -109.0 -0.3627  -399.7  -199.8  -133.2   -99.9   -79.9   -66.6   -57.1   -50.0   -44.4   260.3    29.1
42.5 -109.0 -0.3518   -14.5    -7.3    -4.8    -3.6    -2.9    -2.4    -2.1    -1.8    -1.6   252.1    31.3
43.0 -109.0 -0.4737    58.3    29.2    19.4    14.6    11.7     9.7     8.3     7.3     6.5   250.6    28.8
43.5 -109.0 -0.5038   188.4    94.2    62.8    47.1    37.7    31.4    26.9    23.6    20.9   247.8    30.2
44.0 -109.0 -0.3738   313.4   156.7   104.5    78.3    62.7    52.2    44.8    39.2    34.8   245.1    36.3
44.5 -109.0 -0.4379   526.7   263.4   175.6   131.7   105.3    87.8    75.2    65.8    58.5   240.6    34.7
45.5 -109.0 -0.4627   610.0   305.0   203.3   152.5   122.0   101.7    87.1    76.3    67.8   238.8    38.5
46.0 -109.0 -0.5495   521.5   260.8   173.8   130.4   104.3    86.9    74.5    65.2    57.9   240.7    36.0
46.5 -109.0 -0.5794   287.3   143.7    95.8    71.8    57.5    47.9    41.0    35.9    31.9   245.7    28.3
47.0 -109.0 -0.5912   219.7   109.8    73.2    54.9    43.9    36.6    31.4    27.5    24.4   247.1    31.6
47.5 -109.0 -0.4906   126.0    63.0    42.0    31.5    25.2    21.0    18.0    15.7    14.0   249.1    24.7
48.0 -109.0 -0.3179   -98.4   -49.2   -32.8   -24.6   -19.7   -16.4   -14.1   -12.3   -10.9   253.9    22.6
37.0 -108.5 -0.5681  -934.1  -467.1  -311.4  -233.5  -186.8  -155.7  -133.4  -116.8  -103.8   271.7    30.4
37.5 -108.5 -0.7196  -583.9  -292.0  -194.6  -146.0  -116.8   -97.3   -83.4   -73.0   -64.9   264.3    45.2
38.0 -108.5 -0.7027  -196.7   -98.4   -65.6   -49.2   -39.3   -32.8   -28.1   -24.6   -21.9   256.0    52.9
38.5 -108.5 -0.7343  -191.5   -95.8   -63.8   -47.9   -38.3   -31.9   -27.4   -23.9   -21.3   255.9    53.8
39.0 -108.5 -0.7846  -144.7   -72.3   -48.2   -36.2   -28.9   -24.1   -20.7   -18.1   -16.1   254.9    61.8
39.5 -108.5 -0.4417  -196.7   -98.4   -65.6   -49.2   -39.3   -32.8   -28.1   -24.6   -21.9   256.0    51.8
40.0 -108.5 -0.2736  -316.4  -158.2  -105.5   -79.1   -63.3   -52.7   -45.2   -39.6   -35.2   258.6    50.7
41.0 -108.5 -0.3197  -607.9  -303.9  -202.6  -152.0  -121.6  -101.3   -86.8   -76.0   -67.5   264.8    31.3
41.5 -108.5 -0.2947  -498.6  -249.3  -166.2  -124.6   -99.7   -83.1   -71.2   -62.3   -55.4   262.4    34.4
42.0 -108.5 -0.2749  -305.4  -152.7  -101.8   -76.4   -61.1   -50.9   -43.6   -38.2   -33.9   258.3    26.4
43.0 -108.5 -0.2581    42.7    21.4    14.2    10.7     8.5     7.1     6.1     5.3     4.7   250.9    36.8
43.5 -108.5 -0.5028   105.2    52.6    35.1    26.3    21.0    17.5    15.0    13.1    11.7   249.6    23.0
44.0 -108.5 -0.4334   131.2    65.6    43.7    32.8    26.2    21.9    18.7    16.4    14.6   249.0    32.4
44.5 -108.5 -0.3706   381.0   190.5   127.0    95.3    76.2    63.5    54.4    47.6    42.3   243.7    30.2
45.5 -108.5 -0.3681   401.8   200.9   133.9   100.5    80.4    67.0    57.4    50.2    44.6   243.2    35.5
46.0 -108.5 -0.4963   282.1   141.1    94.0    70.5    56.4    47.0    40.3    35.3    31.3   245.8    33.0
46.5 -108.5 -0.3751   115.6    57.8    38.5    28.9    23.1    19.3    16.5    14.4    12.8   249.3    28.0
47.0 -108.5 -0.4669    79.1    39.6    26.4    19.8    15.8    13.2    11.3     9.9     8.8   250.1    28.5
47.5 -108.5 -0.5688   105.2    52.6    35.1    26.3    21.0    17.5    15.0    13.1    11.7   249.6    23.6
48.0 -108.5 -0.4734  -134.2   -67.1   -44.7   -33.6   -26.8   -22.4   -19.2   -16.8   -14.9   254.7    23.8
35.5 -108.0 -0.3695  -113.4   -56.7   -37.8   -28.4   -22.7   -18.9   -16.2   -14.2   -12.6   254.2    35.2
36.0 -108.0 -0.4926  -931.1  -465.6  -310.4  -232.8  -186.2  -155.2  -133.0  -116.4  -103.5   271.7    21.3
36.5 -108.0 -0.5800 -1205.0  -602.5  -401.7  -301.2  -241.0  -200.8  -172.1  -150.6  -133.9   277.5    23.5
38.0 -108.0 -0.6998  -134.2   -67.1   -44.7   -33.6   -26.8   -22.4   -19.2   -16.8   -14.9   254.7    64.6
38.5 -108.0 -0.8345  -181.1   -90.5   -60.4   -45.3   -36.2   -30.2   -25.9   -22.6   -20.1   255.7    58.8
39.0 -108.0 -0.8514  -201.9  -101.0   -67.3   -50.5   -40.4   -33.7   -28.8   -25.2   -22.4   256.1    58.5
39.5 -108.0 -0.5043  -321.6  -160.8  -107.2   -80.4   -64.3   -53.6   -45.9   -40.2   -35.7   258.7    50.4
40.5 -108.0 -0.2814  -389.3  -194.6  -129.8   -97.3   -77.9   -64.9   -55.6   -48.7   -43.3   260.1    37.4
41.0 -108.0 -0.3481  -712.0  -356.0  -237.3  -178.0  -142.4  -118.7  -101.7   -89.0   -79.1   267.0    31.9
41.5 -108.0 -0.2751  -490.6  -245.3  -163.5  -122.7   -98.1   -81.8   -70.1   -61.3   -54.5   262.3    32.7
42.0 -108.0 -0.2758  -430.9  -215.5  -143.6  -107.7   -86.2   -71.8   -61.6   -53.9   -47.9   261.0    27.1
42.5 -108.0 -0.3300  -280.0  -140.0   -93.3   -70.0   -56.0   -46.7   -40.0   -35.0   -31.1   257.8    30.5
43.0 -108.0 -0.4473  -347.6  -173.8  -115.9   -86.9   -69.5   -57.9   -49.7   -43.5   -38.6   259.2    30.4
43.5 -108.0 -0.4687  -332.0  -166.0  -110.7   -83.0   -66.4   -55.3   -47.4   -41.5   -36.9   258.9    19.1
44.0 -108.0 -0.3941  -191.5   -95.8   -63.8   -47.9   -38.3   -31.9   -27.4   -23.9   -21.3   255.9    26.9
44.5 -108.0 -0.0552    21.9    10.9     7.3     5.5     4.4     3.6     3.1     2.7     2.4   251.3    22.5
45.5 -108.0 -0.2751   235.3   117.6    78.4    58.8    47.1    39.2    33.6    29.4    26.1   246.8    29.1
46.0 -108.0 -0.3620   245.7   122.8    81.9    61.4    49.1    40.9    35.1    30.7    27.3   246.6    25.2
46.5 -108.0 -0.3661   167.6    83.8    55.9    41.9    33.5    27.9    23.9    21.0    18.6   248.2    25.0
47.0 -108.0 -0.4239   162.4    81.2    54.1    40.6    32.5    27.1    23.2    20.3    18.0   248.3    26.9
47.5 -108.0 -0.3570   188.4    94.2    62.8    47.1    37.7    31.4    26.9    23.6    20.9   247.8    21.9
48.0 -108.0 -0.3505   -25.0   -12.5    -8.3    -6.2    -5.0    -4.2    -3.6    -3.1    -2.8   252.3    24.1
37.0 -107.5 -0.5825  -906.4  -453.2  -302.1  -226.6  -181.3  -151.1  -129.5  -113.3  -100.7   271.2    35.1
37.5 -107.5 -0.7583  -285.2  -142.6   -95.1   -71.3   -57.0   -47.5   -40.7   -35.6   -31.7   257.9    52.4
38.0 -107.5 -0.5939     1.1     0.5     0.4     0.3     0.2     0.2     0.2     0.1     0.1   251.8    69.6
38.5 -107.5 -0.6548   -45.8   -22.9   -15.3   -11.4    -9.2    -7.6    -6.5    -5.7    -5.1   252.8    61.0
39.0 -107.5 -0.6656    94.8    47.4    31.6    23.7    19.0    15.8    13.5    11.8    10.5   249.8    63.5
39.5 -107.5 -0.3856   146.8    73.4    48.9    36.7    29.4    24.5    21.0    18.4    16.3   248.7    54.3
40.5 -107.5 -0.3121  -254.0  -127.0   -84.7   -63.5   -50.8   -42.3   -36.3   -31.7   -28.2   257.2    34.9
41.0 -107.5 -0.3760  -691.2  -345.6  -230.4  -172.8  -138.2  -115.2   -98.7   -86.4   -76.8   266.6    33.0
41.5 -107.5 -0.2965  -524.6  -262.3  -174.9  -131.2  -104.9   -87.4   -74.9   -65.6   -58.3   263.0    32.4
42.0 -107.5 -0.2245  -561.0  -280.5  -187.0  -140.3  -112.2   -93.5   -80.1   -70.1   -62.3   263.8    29.1
42.5 -107.5 -0.3925  -394.5  -197.2  -131.5   -98.6   -78.9   -65.7   -56.4   -49.3   -43.8   260.2    30.7
43.0 -107.5 -0.4881  -363.3  -181.6  -121.1   -90.8   -72.7   -60.5   -51.9   -45.4   -40.4   259.6    32.1
43.5 -107.5 -0.4874  -259.2  -129.6   -86.4   -64.8   -51.8   -43.2   -37.0   -32.4   -28.8   257.3    28.2
44.0 -107.5 -0.4386  -201.9  -101.0   -67.3   -50.5   -40.4   -33.7   -28.8   -25.2   -22.4   256.1    32.9
44.5 -107.5 -0.2874  -222.7  -111.4   -74.2   -55.7   -44.5   -37.1   -31.8   -27.8   -24.7   256.6    28.2
46.5 -107.5 -0.2694    53.1    26.6    17.7    13.3    10.6     8.9     7.6     6.6     5.9   250.7    25.2
47.0 -107.5 -0.3769   131.2    65.6    43.7    32.8    26.2    21.9    18.7    16.4    14.6   249.0    26.9
48.0 -107.5 -0.2928    21.9    10.9     7.3     5.5     4.4     3.6     3.1     2.7     2.4   251.3    31.3
34.5 -107.0 -0.6937    27.1    13.5     9.0     6.8     5.4     4.5     3.9     3.4     3.0   251.2    36.3
35.0 -107.0 -0.6100    -9.3    -4.7    -3.1    -2.3    -1.9    -1.6    -1.3    -1.2    -1.0   252.0    33.5
38.0 -107.0 -0.5975   521.4   260.7   173.8   130.4   104.3    86.9    74.5    65.2    57.9   240.7    77.0
38.5 -107.0 -0.6725   396.6   198.3   132.2    99.2    79.3    66.1    56.7    49.6    44.1   243.3    72.0
39.0 -107.0 -0.5937   532.0   266.0   177.3   133.0   106.4    88.7    76.0    66.5    59.1   240.4    73.7
39.5 -107.0 -0.3847   355.0   177.5   118.3    88.7    71.0    59.2    50.7    44.4    39.4   244.2    73.4
40.5 -107.0 -0.4083  -108.2   -54.1   -36.1   -27.1   -21.6   -18.0   -15.5   -13.5   -12.0   254.1    34.6
41.0 -107.0 -0.4217  -358.1  -179.0  -119.4   -89.5   -71.6   -59.7   -51.2   -44.8   -39.8   259.4    36.8
41.5 -107.0 -0.4071  -373.7  -186.8  -124.6   -93.4   -74.7   -62.3   -53.4   -46.7   -41.5   259.8    33.0
42.0 -107.0 -0.3746  -420.5  -210.3  -140.2  -105.1   -84.1   -70.1   -60.1   -52.6   -46.7   260.8    33.5
42.5 -107.0 -0.4776  -389.3  -194.6  -129.8   -97.3   -77.9   -64.9   -55.6   -48.7   -43.3   260.1    30.2
43.0 -107.0 -0.5625  -430.9  -215.5  -143.6  -107.7   -86.2   -71.8   -61.6   -53.9   -47.9   261.0    32.7
43.5 -107.0 -0.5457  -316.4  -158.2  -105.5   -79.1   -63.3   -52.7   -45.2   -39.6   -35.2   258.6    30.4
44.0 -107.0 -0.4722  -228.3  -114.1   -76.1   -57.1   -45.7   -38.0   -32.6   -28.5   -25.4   256.7    30.7
46.0 -107.0 -0.5329    84.3    42.2    28.1    21.1    16.9    14.1    12.0    10.5     9.4   250.0    75.0
46.5 -107.0 -0.2583   -66.6   -33.3   -22.2   -16.6   -13.3   -11.1    -9.5    -8.3    -7.4   253.2    24.7
47.0 -107.0 -0.3222   193.6    96.8    64.5    48.4    38.7    32.3    27.7    24.2    21.5   247.7    26.9
48.0 -107.0 -0.5318    73.9    37.0    24.6    18.5    14.8    12.3    10.6     9.2     8.2   250.2    32.4
34.5 -106.5 -0.5901  -378.9  -189.4  -126.3   -94.7   -75.8   -63.1   -54.1   -47.4   -42.1   259.9    35.7
35.0 -106.5 -0.5785   -35.4   -17.7   -11.8    -8.8    -7.1    -5.9    -5.1    -4.4    -3.9   252.6    33.5
38.5 -106.5 -0.7586   565.8   282.9   188.6   141.4   113.2    94.3    80.8    70.7    62.9   239.7    70.7
39.0 -106.5 -0.5753   776.6   388.3   258.9   194.1   155.3   129.4   110.9    97.1    86.3   235.2    70.1
40.5 -106.5 -0.5307  -103.0   -51.5   -34.3   -25.8   -20.6   -17.2   -14.7   -12.9   -11.4   254.0    34.1
41.0 -106.5 -0.5600  -342.3  -171.1  -114.1   -85.6   -68.5   -57.0   -48.9   -42.8   -38.0   259.1    33.7
41.5 -106.5 -0.5711  -259.2  -129.6   -86.4   -64.8   -51.8   -43.2   -37.0   -32.4   -28.8   257.3    34.1
42.0 -106.5 -0.4151  -404.9  -202.4  -135.0  -101.2   -81.0   -67.5   -57.8   -50.6   -45.0   260.4    31.0
42.5 -106.5 -0.4195  -404.9  -202.4  -135.0  -101.2   -81.0   -67.5   -57.8   -50.6   -45.0   260.4    29.1
43.0 -106.5 -0.6024  -483.0  -241.5  -161.0  -120.7   -96.6   -80.5   -69.0   -60.4   -53.7   262.1    30.7
43.5 -106.5 -0.5265  -384.1  -192.0  -128.0   -96.0   -76.8   -64.0   -54.9   -48.0   -42.7   260.0    31.6
44.0 -106.5 -0.4451   -14.5    -7.3    -4.8    -3.6    -2.9    -2.4    -2.1    -1.8    -1.6   252.1    28.0
44.5 -106.5 -0.5180  -378.9  -189.4  -126.3   -94.7   -75.8   -63.1   -54.1   -47.4   -42.1   259.9    29.6
47.0 -106.5 -0.4099   401.8   200.9   133.9   100.5    80.4    67.0    57.4    50.2    44.6   243.2    28.6
35.0 -106.0 -0.4085   136.4    68.2    45.5    34.1    27.3    22.7    19.5    17.0    15.2   248.9    51.8
35.5 -106.0 -0.4469   492.4   246.2   164.1   123.1    98.5    82.1    70.3    61.6    54.7   241.3    71.7
37.5 -106.0 -0.4579   823.4   411.7   274.5   205.9   164.7   137.2   117.6   102.9    91.5   234.2    70.2
38.0 -106.0 -0.4972  1234.6   617.3   411.5   308.6   246.9   205.8   176.4   154.3   137.2   225.4    69.6
38.5 -106.0 -0.3845  1297.0   648.5   432.3   324.3   259.4   216.2   185.3   162.1   144.1   224.1    69.6
39.0 -106.0 -0.5356  1109.7   554.8   369.9   277.4   221.9   184.9   158.5   138.7   123.3   228.1    38.1
39.5 -106.0 -0.5605   948.3   474.2   316.1   237.1   189.7   158.1   135.5   118.5   105.4   231.6    38.1
40.0 -106.0 -0.3661   853.6   426.8   284.5   213.4   170.7   142.3   121.9   106.7    94.8   233.6    39.7
40.5 -106.0 -0.4229   556.9   278.5   185.6   139.2   111.4    92.8    79.6    69.6    61.9   239.9    41.5
41.0 -106.0 -0.5524     1.1     0.5     0.4     0.3     0.2     0.2     0.2     0.1     0.1   251.8    36.3
41.5 -106.0 -0.5718    73.9    37.0    24.6    18.5    14.8    12.3    10.6     9.2     8.2   250.2    38.0
42.0 -106.0 -0.3995  -144.7   -72.3   -48.2   -36.2   -28.9   -24.1   -20.7   -18.1   -16.1   254.9    34.6
43.5 -106.0 -0.5704   -78.1   -39.1   -26.0   -19.5   -15.6   -13.0   -11.2    -9.8    -8.7   253.5    33.8
44.0 -106.0 -0.7234   577.1   288.6   192.4   144.3   115.4    96.2    82.4    72.1    64.1   239.5    29.9
38.0 -105.5 -0.5783   953.4   476.7   317.8   238.4   190.7   158.9   136.2   119.2   105.9   231.4    70.7
38.5 -105.5 -0.5419   932.7   466.4   310.9   233.2   186.5   155.5   133.2   116.6   103.6   231.9    70.7
39.5 -105.5 -0.6683   620.4   310.2   206.8   155.1   124.1   103.4    88.6    77.6    68.9   238.6    47.4
40.5 -105.5 -0.4094   370.6   185.3   123.5    92.7    74.1    61.8    52.9    46.3    41.2   243.9    40.8
41.0 -105.5 -0.6358    66.9    33.4    22.3    16.7    13.4    11.1     9.6     8.4     7.4   250.4    43.2
41.5 -105.5 -0.4828   100.0    50.0    33.3    25.0    20.0    16.7    14.3    12.5    11.1   249.7    41.3
34.0 -105.0 -0.3923  -155.1   -77.5   -51.7   -38.8   -31.0   -25.8   -22.2   -19.4   -17.2   255.1    58.4
34.5 -105.0 -0.6318  -160.3   -80.1   -53.4   -40.1   -32.1   -26.7   -22.9   -20.0   -17.8   255.2    55.6
35.0 -105.0 -0.5994   -66.6   -33.3   -22.2   -16.6   -13.3   -11.1    -9.5    -8.3    -7.4   253.2    59.0
35.5 -105.0 -0.3590   252.9   126.4    84.3    63.2    50.6    42.1    36.1    31.6    28.1   246.4    64.5
37.5 -105.0 -0.4384   318.6   159.3   106.2    79.6    63.7    53.1    45.5    39.8    35.4   245.0    32.5
38.5 -105.0 -0.7179   537.2   268.6   179.1   134.3   107.4    89.5    76.7    67.1    59.7   240.3    43.6
39.0 -105.0 -0.6700   630.8   315.4   210.3   157.7   126.2   105.1    90.1    78.9    70.1   238.3    46.3
39.5 -105.0 -1.0233   427.9   213.9   142.6   107.0    85.6    71.3    61.1    53.5    47.5   242.7    41.3
40.0 -105.0 -0.3785   547.6   273.8   182.5   136.9   109.5    91.3    78.2    68.4    60.8   240.1    34.2
40.5 -105.0 -0.4125   329.0   164.5   109.7    82.2    65.8    54.8    47.0    41.1    36.6   244.8    31.6
41.0 -105.0 -0.6704   238.5   119.2    79.5    59.6    47.7    39.7    34.1    29.8    26.5   246.7    33.0
41.5 -105.0 -0.7903   339.4   169.7   113.1    84.8    67.9    56.6    48.5    42.4    37.7   244.6    34.7
42.0 -105.0 -0.8285   132.5    66.3    44.2    33.1    26.5    22.1    18.9    16.6    14.7   249.0    28.6
42.5 -105.0 -0.7329   224.9   112.4    75.0    56.2    45.0    37.5    32.1    28.1    25.0   247.0    37.1
43.5 -105.0 -0.8321   237.3   118.6    79.1    59.3    47.5    39.5    33.9    29.7    26.4   246.7    30.7
34.0 -104.5 -0.4014  -144.7   -72.3   -48.2   -36.2   -28.9   -24.1   -20.7   -18.1   -16.1   254.9    49.0
34.5 -104.5 -0.5531  -113.4   -56.7   -37.8   -28.4   -22.7   -18.9   -16.2   -14.2   -12.6   254.2    51.8
35.0 -104.5 -0.3979   -35.8   -17.9   -11.9    -9.0    -7.2    -6.0    -5.1    -4.5    -4.0   252.6    58.4
36.0 -104.5 -0.3254   310.5   155.2   103.5    77.6    62.1    51.7    44.4    38.8    34.5   245.2    38.5
39.5 -104.5 -0.8321   568.4   284.2   189.5   142.1   113.7    94.7    81.2    71.0    63.2   239.7    46.3
40.0 -104.5 -0.4834   412.2   206.1   137.4   103.1    82.4    68.7    58.9    51.5    45.8   243.0    32.5
40.5 -104.5 -0.5260   287.3   143.7    95.8    71.8    57.5    47.9    41.0    35.9    31.9   245.7    31.4
34.5 -104.0 -0.4972  -342.4  -171.2  -114.1   -85.6   -68.5   -57.1   -48.9   -42.8   -38.0   259.1    52.3
35.0 -104.0 -0.3602  -269.6  -134.8   -89.9   -67.4   -53.9   -44.9   -38.5   -33.7   -30.0   257.6    60.6
36.0 -104.0 -0.3162   474.7   237.4   158.2   118.7    94.9    79.1    67.8    59.3    52.7   241.7    42.4
36.5 -104.0 -0.4414   448.7   224.3   149.6   112.2    89.7    74.8    64.1    56.1    49.9   242.2    41.9
34.0 -103.5 -0.4377  -254.0  -127.0   -84.7   -63.5   -50.8   -42.3   -36.3   -31.7   -28.2   257.2    38.5
34.5 -103.5 -0.3374  -191.5   -95.8   -63.8   -47.9   -38.3   -31.9   -27.4   -23.9   -21.3   255.9    41.8
35.0 -103.5 -0.2429  -134.2   -67.1   -44.7   -33.6   -26.8   -22.4   -19.2   -16.8   -14.9   254.7    45.7
36.0 -103.5 -0.3328   214.5   107.2    71.5    53.6    42.9    35.7    30.6    26.8    23.8   247.2    46.3
36.5 -103.5 -0.4363   453.9   226.9   151.3   113.5    90.8    75.6    64.8    56.7    50.4   242.1    41.9
34.0 -103.0 -0.7041  -181.1   -90.5   -60.4   -45.3   -36.2   -30.2   -25.9   -22.6   -20.1   255.7    40.7
34.5 -103.0 -0.5805  -352.8  -176.4  -117.6   -88.2   -70.6   -58.8   -50.4   -44.1   -39.2   259.3    36.9
35.0 -103.0 -0.3874  -196.7   -98.4   -65.6   -49.2   -39.3   -32.8   -28.1   -24.6   -21.9   256.0    40.2
35.5 -103.0 -0.3285   -35.4   -17.7   -11.8    -8.8    -7.1    -5.9    -5.1    -4.4    -3.9   252.6    43.0
34.0 -102.5 -0.4724  -149.9   -74.9   -50.0   -37.5   -30.0   -25.0   -21.4   -18.7   -16.7   255.0    30.2