     21.25000    164.00000      0.00000
     21.50000    164.00000      0.00000
     21.75000    164.00000      0.00000
     22.00000    164.00000      0.00000
     22.25000    164.00000      0.00000
     22.50000    164.00000      0.00000
     22.75000    164.00000      0.00000
     23.00000    164.00000      0.00000
     23.25000    164.00000      0.00000
     23.50000    164.00000      0.00000
     20.75000    163.80000      0.00000
     21.00000    163.80000      0.00000
     21.25000    163.80000      0.00000
     21.50000    163.80000      0.00000
     21.75000    163.80000      0.00000
     22.00000    163.80000      0.00000
     22.25000    163.80000      0.00000
     22.50000    163.80000      0.00000
     22.75000    163.80000      0.00000
     23.00000    163.80000      0.00000
     23.25000    163.80000      0.00000
     23.50000    163.80000      0.00000
     23.75000    163.80000      0.00000
     24.00000    163.80000      0.00000
     24.25000    163.80000      0.00000
     20.50000    163.50000      0.00000
     20.75000    163.50000      0.00000
     21.00000    163.50000      0.00000
     21.25000    163.50000      0.00000
     21.50000    163.50000      0.00000
     21.75000    163.50000      0.00000
     22.00000    163.50000      0.00000
     22.25000    163.50000      0.00000
     22.50000    163.50000      0.00000
     22.75000    163.50000      0.00000
     23.00000    163.50000      0.00000
     23.25000    163.50000      0.00000
     23.50000    163.50000      0.00000
     23.75000    163.50000      0.00000
     24.00000    163.50000      0.00000
     24.25000    163.50000      0.00000
     20.25000    163.20000      0.00000
     20.50000    163.20000      0.00000
     20.75000    163.20000      0.00000
     21.00000    163.20000      0.00000
     21.25000    163.20000      0.00000
     21.50000    163.20000      0.00000
     21.75000    163.20000      0.00000
     22.00000    163.20000      0.00000
     22.25000    163.20000      0.00000
     22.50000    163.20000      0.00000
     22.75000    163.20000      0.00000
     23.00000    163.20000      0.00000
     23.25000    163.20000      0.00000
     23.50000    163.20000      0.00000
     23.75000    163.20000      0.00000
     24.00000    163.20000      0.00000
     24.25000    163.20000      0.00000
     19.75000    163.00000      0.00000
     20.00000    163.00000      0.00000
     20.25000    163.00000      0.00000
     20.50000    163.00000      0.00000
     20.75000    163.00000      0.00000
     21.00000    163.00000      0.00000
     21.25000    163.00000      0.00000
     21.50000    163.00000      0.00000
     21.75000    163.00000      0.00000
     22.00000    163.00000      0.00000
     22.25000    163.00000      0.00000
     22.50000    163.00000      0.00000
     22.75000    163.00000      0.00000
     23.00000    163.00000      0.00000
     23.25000    163.00000      0.00000
     23.50000    163.00000      0.00000
     23.75000    163.00000      0.00000
     24.00000    163.00000      0.00000
     24.25000    163.00000      0.00000
     19.50000    162.80000      0.00000
     19.75000    162.80000      0.00000
     20.00000    162.80000      0.00000
     20.25000    162.80000      0.00000
     20.50000    162.80000      0.00000
     20.75000    162.80000      0.00000
     21.00000    162.80000      0.00000
     21.25000    162.80000      0.00000
     21.50000    162.80000      0.00000
     21.75000    162.80000      0.00000
     22.00000    162.80000      0.00000
     22.25000    162.80000      0.00000
     22.50000    162.80000      0.00000
     22.75000    162.80000      0.00000
     23.00000    162.80000      0.00000
     23.25000    162.80000      0.00000
     23.50000    162.80000      0.00000
     23.75000    162.80000      0.00000
     24.00000    162.80000      0.00000
     24.25000    162.80000      0.00000
     19.25000    162.50000      0.00000
     19.50000    162.50000      0.00000
     19.75000    162.50000      0.00000
     20.00000    162.50000      0.00000
     20.25000    162.50000      0.00000
     20.50000    162.50000      0.00000
     20.75000    162.50000      0.00000
     21.00000    162.50000      0.00000
     21.25000    162.50000      0.00000
     21.50000    162.50000      0.00000
     21.75000    162.50000      0.00000
     22.00000    162.50000      0.00000
     22.25000    162.50000      0.00000
     22.50000    162.50000      0.00000
     22.75000    162.50000      0.00000
     23.00000    162.50000      0.00000
     23.25000    162.50000      0.00000
     23.50000    162.50000      0.00000
     23.75000    162.50000      0.00000
     24.00000    162.50000      0.00000
     24.25000    162.50000      0.00000
     24.50000    162.50000      0.00000
     19.00000    162.20000      0.00000
     19.25000    162.20000      0.00000
     19.50000    162.20000      0.00000
     19.75000    162.20000      0.00000
     20.00000    162.20000      0.00000
     20.25000    162.20000      0.00000
     20.50000    162.20000      0.00000
     20.75000    162.20000      0.00000
     21.00000    162.20000      0.00000
     21.25000    162.20000      0.00000
     21.50000    162.20000      0.00000
     21.75000    162.20000      0.00000
     22.00000    162.20000      0.00000
     22.25000    162.20000      0.00000
     22.50000    162.20000      0.00000
     22.75000    162.20000      0.00000
     23.00000    162.20000      0.00000
     23.25000    162.20000      0.00000
     23.50000    162.20000      0.00000
     23.75000    162.20000      0.00000
     24.00000    162.20000      0.00000
     24.25000    162.20000      0.00000
     24.50000    162.20000      0.00000
     19.00000    162.00000      0.00000
     19.25000    162.00000      0.00000
     19.50000    162.00000      0.00000
     19.75000    162.00000      0.00000
     20.00000    162.00000      0.00000
     20.25000    162.00000      0.00000
     20.50000    162.00000      0.00000
     20.75000    162.00000      0.00000
     21.00000    162.00000      0.00000
     21.25000    162.00000      0.00000
     21.50000    162.00000      0.00000
     21.75000    162.00000      0.00000
     22.00000    162.00000      0.00000
     22.25000    162.00000      0.00000
     22.50000    162.00000      0.00000
     22.75000    162.00000      0.00000
     23.00000    162.00000      0.00000
     23.25000    162.00000      0.00000
     23.50000    162.00000      0.00000
     23.75000    162.00000      0.00000
     24.00000    162.00000      0.00000
     24.25000    162.00000      0.00000
     24.50000    162.00000      0.00000
     19.00000    161.80000      0.00000
     19.25000    161.80000      0.00000
     19.50000    161.80000      0.00000
     19.75000    161.80000      0.00000
     20.00000    161.80000      0.00000
     20.25000    161.80000      0.00000
     20.50000    161.80000      0.00000
     20.75000    161.80000      0.00000
     21.00000    161.80000      0.00000
     21.25000    161.80000      0.00000
     21.50000    161.80000      0.00000
     21.75000    161.80000      0.00000
     22.00000    161.80000      0.00000
     22.25000    161.80000      0.00000
     22.50000    161.80000      0.00000
     22.75000    161.80000      0.00000
     23.00000    161.80000      0.00000
     23.25000    161.80000      0.00000
     23.50000    161.80000      0.00000
     23.75000    161.80000      0.00000
     24.00000    161.80000      0.00000
     24.25000    161.80000      0.00000
     24.50000    161.80000      0.00000
     19.00000    161.50000      0.00000
     19.25000    161.50000      0.00000
     19.50000    161.50000      0.00000
     19.75000    161.50000      0.00000
     20.00000    161.50000      0.00000
     20.25000    161.50000      0.00000
     20.50000    161.50000      0.00000
     20.75000    161.50000      0.00000
     21.00000    161.50000      0.00000
     21.25000    161.50000      0.00000
     21.50000    161.50000      0.00000
     21.75000    161.50000      0.00000
     22.00000    161.50000      0.00000
     22.25000    161.50000      0.00000
     22.50000    161.50000      0.00000
     22.75000    161.50000      0.00000
     23.00000    161.50000      0.00000
     23.25000    161.50000      0.00000
     23.50000    161.50000      0.00000
     23.75000    161.50000      0.00000
     24.00000    161.50000      0.00000
     24.25000    161.50000      0.00000
     24.50000    161.50000      0.00000
     15.50000    161.20000      0.00000
     15.75000    161.20000      0.00000
     16.00000    161.20000      0.00000
     19.00000    161.20000      0.00000
     19.25000    161.20000      0.00000
     19.50000    161.20000      0.00000
     19.75000    161.20000      0.00000
     20.00000    161.20000      0.00000
     20.25000    161.20000      0.00000
     20.50000    161.20000      0.00000
     20.75000    161.20000      0.00000
     21.00000    161.20000      0.00000
     21.25000    161.20000      0.00000
     21.50000    161.20000      0.00000
     21.75000    161.20000      0.00000
     22.00000    161.20000      0.00000
     22.25000    161.20000      0.00000
     22.50000    161.20000      0.00000
     22.75000    161.20000      0.00000
     23.00000    161.20000      0.00000
     23.25000    161.20000      0.00000
     23.50000    161.20000      0.00000
     23.75000    161.20000      0.00000
     24.00000    161.20000      0.00047
     24.25000    161.20000      0.00062
     24.50000    161.20000      0.00085
     24.75000    161.20000      0.00102
     15.25000    161.00000      0.00000
     15.50000    161.00000      0.00000
     15.75000    161.00000      0.00000
     16.00000    161.00000      0.00000
     16.25000    161.00000      0.00000
     16.50000    161.00000      0.00000
     16.75000    161.00000      0.00000
     17.00000    161.00000      0.00049
     19.00000    161.00000      0.00000
     19.25000    161.00000      0.00000
     19.50000    161.00000      0.00000
     19.75000    161.00000      0.00000
     20.00000    161.00000      0.00000
     20.25000    161.00000      0.00000
     20.50000    161.00000      0.00000
     20.75000    161.00000      0.00000
     21.00000    161.00000      0.00000
     21.25000    161.00000      0.00000
     21.50000    161.00000      0.00000
     21.75000    161.00000      0.00000
     22.00000    161.00000      0.00000
     22.25000    161.00000      0.00000
     22.50000    161.00000      0.00000
     22.75000    161.00000      0.00000
     23.00000    161.00000      0.00000
     23.25000    161.00000      0.00000
     23.50000    161.00000      0.00000
     23.75000    161.00000      0.00001
     24.00000    161.00000      0.00071
     24.25000    161.00000      0.00163
     24.50000    161.00000      0.00205
     24.75000    161.00000      0.00250
     15.00000    160.80000      0.00000
     15.25000    160.80000      0.00000
     15.50000    160.80000      0.00000
     15.75000    160.80000      0.00000
     16.00000    160.80000      0.00000
     16.25000    160.80000      0.00000
     16.50000    160.80000      0.00000
     16.75000    160.80000      0.00000
     17.00000    160.80000      0.00026
     19.00000    160.80000      0.00022
     19.25000    160.80000      0.00000
     19.50000    160.80000      0.00000
     19.75000    160.80000      0.00000
     20.00000    160.80000      0.00000
     20.25000    160.80000      0.00000
     20.50000    160.80000      0.00000
     20.75000    160.80000      0.00000
     21.00000    160.80000      0.00000
     21.25000    160.80000      0.00000
     21.50000    160.80000      0.00000
     21.75000    160.80000      0.00000
     22.00000    160.80000      0.00000
     22.25000    160.80000      0.00000
     22.50000    160.80000      0.00000
     22.75000    160.80000      0.00000
     23.00000    160.80000      0.00000
     23.25000    160.80000      0.00000
     23.50000    160.80000      0.00000
     23.75000    160.80000      0.00016
     24.00000    160.80000      0.00120
     24.25000    160.80000      0.00212
     24.50000    160.80000      0.00239
     24.75000    160.80000      0.00265
     15.00000    160.50000      0.00000
     15.25000    160.50000      0.00000
     15.50000    160.50000      0.00000
     15.75000    160.50000      0.00000
     16.00000    160.50000      0.00000
     16.25000    160.50000      0.00000
     16.50000    160.50000      0.00000
     16.75000    160.50000      0.00000
     17.00000    160.50000      0.00010
     19.00000    160.50000      0.00100
     19.25000    160.50000      0.00033
     19.50000    160.50000      0.00000
     19.75000    160.50000      0.00000
     20.00000    160.50000      0.00000
     20.25000    160.50000      0.00000
     20.50000    160.50000      0.00000
     20.75000    160.50000      0.00000
     21.00000    160.50000      0.00000
     21.25000    160.50000      0.00000
     21.50000    160.50000      0.00000
     21.75000    160.50000      0.00000
     22.00000    160.50000      0.00000
     22.25000    160.50000      0.00000
     22.50000    160.50000      0.00000
     22.75000    160.50000      0.00000
     23.00000    160.50000      0.00000
     23.25000    160.50000      0.00000
     23.50000    160.50000      0.00000
     23.75000    160.50000      0.00063
     24.00000    160.50000      0.00210
     24.25000    160.50000      0.00285
     24.50000    160.50000      0.00277
     24.75000    160.50000      0.00281
     15.00000    160.20000      0.00000
     15.25000    160.20000      0.00000
     15.50000    160.20000      0.00000
     15.75000    160.20000      0.00000
     16.00000    160.20000      0.00000
     16.25000    160.20000      0.00000
     16.50000    160.20000      0.00000
     16.75000    160.20000      0.00000
     17.00000    160.20000      0.00001
     19.00000    160.20000      0.00110
     19.25000    160.20000      0.00116
     19.50000    160.20000      0.00038
     19.75000    160.20000      0.00000
     20.00000    160.20000      0.00000
     20.25000    160.20000      0.00000
     20.50000    160.20000      0.00000
     20.75000    160.20000      0.00000
     21.00000    160.20000      0.00000
     21.25000    160.20000      0.00000
     21.50000    160.20000      0.00000
     21.75000    160.20000      0.00000
     22.00000    160.20000      0.00000
     22.25000    160.20000      0.00000
     22.50000    160.20000      0.00000
     22.75000    160.20000      0.00000
     23.00000    160.20000      0.00000
     23.25000    160.20000      0.00000
     23.50000    160.20000      0.00000
     23.75000    160.20000      0.00138
     24.00000    160.20000      0.00320
     24.25000    160.20000      0.00395
     24.50000    160.20000      0.00329
     24.75000    160.20000      0.00287
     25.00000    160.20000      0.00298
     15.00000    160.00000      0.00000
     15.25000    160.00000      0.00000
     15.50000    160.00000      0.00000
     15.75000    160.00000      0.00000
     16.00000    160.00000      0.00000
     16.25000    160.00000      0.00000
     16.50000    160.00000      0.00000
     16.75000    160.00000      0.00000
     17.00000    160.00000      0.00000
     17.25000    160.00000      0.00059
     17.50000    160.00000      0.00170
     17.75000    160.00000      0.00077
     18.00000    160.00000      0.00033
     18.25000    160.00000      0.00017
     18.50000    160.00000      0.00029
     18.75000    160.00000      0.00043
     19.00000    160.00000      0.00073
     19.25000    160.00000      0.00122
     19.50000    160.00000      0.00100
     19.75000    160.00000      0.00036
     20.00000    160.00000      0.00002
     20.25000    160.00000      0.00000
     20.50000    160.00000      0.00000
     20.75000    160.00000      0.00000
     21.00000    160.00000      0.00000
     21.25000    160.00000      0.00000
     21.50000    160.00000      0.00000
     21.75000    160.00000      0.00000
     22.00000    160.00000      0.00000
     22.25000    160.00000      0.00000
     22.50000    160.00000      0.00000
     22.75000    160.00000      0.00000
     23.00000    160.00000      0.00000
     23.25000    160.00000      0.00000
     23.50000    160.00000      0.00000
     23.75000    160.00000      0.00232
     24.00000    160.00000      0.00426
     24.25000    160.00000      0.00486
     24.50000    160.00000      0.00348
     24.75000    160.00000      0.00283
     25.00000    160.00000      0.00284
     25.25000    160.00000      0.00353
     15.00000    159.80000      0.00000
     15.25000    159.80000      0.00000
     15.50000    159.80000      0.00000
     15.75000    159.80000      0.00000
     16.00000    159.80000      0.00000
     16.25000    159.80000      0.00000
     16.50000    159.80000      0.00000
     16.75000    159.80000      0.00000
     17.00000    159.80000      0.00000
     17.25000    159.80000      0.00066
     17.50000    159.80000      0.00078
     17.75000    159.80000      0.00024
     18.00000    159.80000      0.00006
     18.25000    159.80000      0.00003
     18.50000    159.80000      0.00012
     18.75000    159.80000      0.00020
     19.00000    159.80000      0.00048
     19.25000    159.80000      0.00081
     19.50000    159.80000      0.00138
     19.75000    159.80000      0.00101
     20.00000    159.80000      0.00050
     20.25000    159.80000      0.00017
     20.50000    159.80000      0.00000
     20.75000    159.80000      0.00000
     21.00000    159.80000      0.00000
     21.25000    159.80000      0.00000
     21.50000    159.80000      0.00000
     21.75000    159.80000      0.00000
     22.00000    159.80000      0.00000
     22.25000    159.80000      0.00000
     22.50000    159.80000      0.00000
     22.75000    159.80000      0.00000
     23.00000    159.80000      0.00000
     23.25000    159.80000      0.00000
     23.50000    159.80000      0.00018
     23.75000    159.80000      0.00316
     24.00000    159.80000      0.00526
     15.00000    159.50000      0.00000
     15.25000    159.50000      0.00000
     15.50000    159.50000      0.00000
     15.75000    159.50000      0.00000
     16.00000    159.50000      0.00000
     16.25000    159.50000      0.00000
     16.50000    159.50000      0.00000
     16.75000    159.50000      0.00000
     17.00000    159.50000      0.00000
     17.25000    159.50000      0.00002
     17.50000    159.50000      0.00000
     17.75000    159.50000      0.00000
     18.00000    159.50000      0.00000
     18.25000    159.50000      0.00000
     18.50000    159.50000      0.00000
     18.75000    159.50000      0.00006
     19.00000    159.50000      0.00026
     19.25000    159.50000      0.00054
     19.50000    159.50000      0.00092
     19.75000    159.50000      0.00136
     20.00000    159.50000      0.00139
     20.25000    159.50000      0.00098
     20.50000    159.50000      0.00048
     20.75000    159.50000      0.00012
     21.00000    159.50000      0.00000
     21.25000    159.50000      0.00000
     21.50000    159.50000      0.00000
     21.75000    159.50000      0.00000
     22.00000    159.50000      0.00000
     22.25000    159.50000      0.00000
     22.50000    159.50000      0.00000
     22.75000    159.50000      0.00000
     23.00000    159.50000      0.00000
     23.25000    159.50000      0.00000
     23.50000    159.50000      0.00057
     23.75000    159.50000      0.00374
     24.00000    159.50000      0.00522
     15.00000    159.20000      0.00000
     15.25000    159.20000      0.00000
     15.50000    159.20000      0.00000
     15.75000    159.20000      0.00000
     16.00000    159.20000      0.00000
     16.25000    159.20000      0.00000
     16.50000    159.20000      0.00000
     16.75000    159.20000      0.00000
     17.00000    159.20000      0.00000
     17.25000    159.20000      0.00000
     17.50000    159.20000      0.00000
     17.75000    159.20000      0.00000
     18.00000    159.20000      0.00000
     18.25000    159.20000      0.00000
     18.50000    159.20000      0.00000
     18.75000    159.20000      0.00000
     19.00000    159.20000      0.00010
     19.25000    159.20000      0.00024
     19.50000    159.20000      0.00045
     19.75000    159.20000      0.00069
     20.00000    159.20000      0.00093
     20.25000    159.20000      0.00095
     20.50000    159.20000      0.00093
     20.75000    159.20000      0.00090
     21.00000    159.20000      0.00048
     21.25000    159.20000      0.00020
     21.50000    159.20000      0.00006
     21.75000    159.20000      0.00000
     22.00000    159.20000      0.00000
     22.25000    159.20000      0.00000
     22.50000    159.20000      0.00000
     22.75000    159.20000      0.00000
     23.00000    159.20000      0.00000
     23.25000    159.20000      0.00000
     23.50000    159.20000      0.00110
     23.75000    159.20000      0.00445
     24.00000    159.20000      0.00482
     15.00000    159.00000      0.00000
     15.25000    159.00000      0.00000
     15.50000    159.00000      0.00000
     15.75000    159.00000      0.00000
     16.00000    159.00000      0.00000
     16.25000    159.00000      0.00000
     16.50000    159.00000      0.00000
     16.75000    159.00000      0.00000
     17.00000    159.00000      0.00000
     17.25000    159.00000      0.00000
     17.50000    159.00000      0.00000
     17.75000    159.00000      0.00000
     18.00000    159.00000      0.00000
     18.25000    159.00000      0.00000
     18.50000    159.00000      0.00000
     18.75000    159.00000      0.00000
     19.00000    159.00000      0.00001
     19.25000    159.00000      0.00007
     19.50000    159.00000      0.00012
     19.75000    159.00000      0.00022
     20.00000    159.00000      0.00024
     20.25000    159.00000      0.00026
     20.50000    159.00000      0.00023
     20.75000    159.00000      0.00015
     21.00000    159.00000      0.00009
     21.25000    159.00000      0.00012
     21.50000    159.00000      0.00021
     21.75000    159.00000      0.00012
     22.00000    159.00000      0.00000
     22.25000    159.00000      0.00000
     22.50000    159.00000      0.00000
     22.75000    159.00000      0.00000
     23.00000    159.00000      0.00000
     23.25000    159.00000      0.00000
     23.50000    159.00000      0.00144
     23.75000    159.00000      0.00498
     24.00000    159.00000      0.00429
     15.00000    158.80000      0.00000
     15.25000    158.80000      0.00000
     15.50000    158.80000      0.00000
     15.75000    158.80000      0.00000
     16.00000    158.80000      0.00000
     16.25000    158.80000      0.00000
     16.50000    158.80000      0.00000
     16.75000    158.80000      0.00000
     17.00000    158.80000      0.00000
     17.25000    158.80000      0.00000
     17.50000    158.80000      0.00000
     17.75000    158.80000      0.00000
     18.00000    158.80000      0.00000
     18.25000    158.80000      0.00000
     18.50000    158.80000      0.00000
     18.75000    158.80000      0.00000
     19.00000    158.80000      0.00000
     19.25000    158.80000      0.00000
     19.50000    158.80000      0.00000
     19.75000    158.80000      0.00000
     20.00000    158.80000      0.00000
     20.25000    158.80000      0.00000
     20.50000    158.80000      0.00000
     20.75000    158.80000      0.00000
     21.00000    158.80000      0.00000
     21.25000    158.80000      0.00000
     21.50000    158.80000      0.00000
     21.75000    158.80000      0.00000
     22.00000    158.80000      0.00000
     22.25000    158.80000      0.00000
     22.50000    158.80000      0.00000
     22.75000    158.80000      0.00000
     23.00000    158.80000      0.00000
     23.25000    158.80000      0.00000
     23.50000    158.80000      0.00152
     23.75000    158.80000      0.00508
     24.00000    158.80000      0.00375
     15.00000    158.50000      0.00000
     15.25000    158.50000      0.00000
     15.50000    158.50000      0.00000
     15.75000    158.50000      0.00000
     16.00000    158.50000      0.00000
     16.25000    158.50000      0.00000
     16.50000    158.50000      0.00000
     16.75000    158.50000      0.00000
     17.00000    158.50000      0.00000
     17.25000    158.50000      0.00000
     17.50000    158.50000      0.00000
     17.75000    158.50000      0.00000
     18.00000    158.50000      0.00000
     18.25000    158.50000      0.00000
     18.50000    158.50000      0.00000
     18.75000    158.50000      0.00000
     19.00000    158.50000      0.00000
     19.25000    158.50000      0.00000
     19.50000    158.50000      0.00000
     19.75000    158.50000      0.00000
     20.00000    158.50000      0.00000
     20.25000    158.50000      0.00000
     20.50000    158.50000      0.00000
     20.75000    158.50000      0.00000
     21.00000    158.50000      0.00000
     21.25000    158.50000      0.00000
     21.50000    158.50000      0.00000
     21.75000    158.50000      0.00000
     22.00000    158.50000      0.00000
     22.25000    158.50000      0.00000
     22.50000    158.50000      0.00000
     22.75000    158.50000      0.00000
     23.00000    158.50000      0.00000
     23.25000    158.50000      0.00000
     23.50000    158.50000      0.00155
     23.75000    158.50000      0.00499
     24.00000    158.50000      0.00332
     15.00000    158.20000      0.00000
     15.25000    158.20000      0.00000
     15.50000    158.20000      0.00000
     15.75000    158.20000      0.00000
     16.00000    158.20000      0.00000
     16.25000    158.20000      0.00000
     16.50000    158.20000      0.00000
     16.75000    158.20000      0.00000
     17.00000    158.20000      0.00000
     17.25000    158.20000      0.00000
     17.50000    158.20000      0.00000
     17.75000    158.20000      0.00000
     18.00000    158.20000      0.00000
     18.25000    158.20000      0.00000
     18.50000    158.20000      0.00000
     18.75000    158.20000      0.00000
     19.00000    158.20000      0.00000
     19.25000    158.20000      0.00000
     19.50000    158.20000      0.00000
     19.75000    158.20000      0.00000
     20.00000    158.20000      0.00000
     20.25000    158.20000      0.00000
     20.50000    158.20000      0.00000
     20.75000    158.20000      0.00000
     21.00000    158.20000      0.00000
     21.25000    158.20000      0.00000
     21.50000    158.20000      0.00000
     21.75000    158.20000      0.00000
     22.00000    158.20000      0.00000
     22.25000    158.20000      0.00000
     22.50000    158.20000      0.00000
     22.75000    158.20000      0.00000
     23.00000    158.20000      0.00000
     23.25000    158.20000      0.00000
     23.50000    158.20000      0.00159
     23.75000    158.20000      0.00491
     24.00000    158.20000      0.00290
     15.00000    158.00000      0.00000
     15.25000    158.00000      0.00000
     15.50000    158.00000      0.00000
     15.75000    158.00000      0.00000
     16.00000    158.00000      0.00000
     16.25000    158.00000      0.00000
     16.50000    158.00000      0.00000
     16.75000    158.00000      0.00000
     17.00000    158.00000      0.00000
     17.25000    158.00000      0.00000
     17.50000    158.00000      0.00000
     17.75000    158.00000      0.00000
     18.00000    158.00000      0.00000
     18.25000    158.00000      0.00000
     18.50000    158.00000      0.00000
     18.75000    158.00000      0.00000
     19.00000    158.00000      0.00000
     19.25000    158.00000      0.00000
     19.50000    158.00000      0.00000
     19.75000    158.00000      0.00000
     20.00000    158.00000      0.00000
     20.25000    158.00000      0.00000
     20.50000    158.00000      0.00000
     20.75000    158.00000      0.00000
     21.00000    158.00000      0.00000
     21.25000    158.00000      0.00000
     21.50000    158.00000      0.00000
     21.75000    158.00000      0.00000
     22.00000    158.00000      0.00000
     22.25000    158.00000      0.00000
     22.50000    158.00000      0.00000
     22.75000    158.00000      0.00000
     23.00000    158.00000      0.00000
     23.25000    158.00000      0.00000
     23.50000    158.00000      0.00187
     23.75000    158.00000      0.00499
     24.00000    158.00000      0.00447
     15.00000    157.80000      0.00000
     15.25000    157.80000      0.00000
     15.50000    157.80000      0.00000
     15.75000    157.80000      0.00000
     16.00000    157.80000      0.00000
     16.25000    157.80000      0.00000
     16.50000    157.80000      0.00000
     16.75000    157.80000      0.00000
     17.00000    157.80000      0.00000
     17.25000    157.80000      0.00000
     17.50000    157.80000      0.00000
     17.75000    157.80000      0.00000
     18.00000    157.80000      0.00000
     18.25000    157.80000      0.00000
     18.50000    157.80000      0.00000
     18.75000    157.80000      0.00000
     19.00000    157.80000      0.00000
     19.25000    157.80000      0.00000
     19.50000    157.80000      0.00000
     19.75000    157.80000      0.00000
     20.00000    157.80000      0.00000
     20.25000    157.80000      0.00000
     20.50000    157.80000      0.00000
     20.75000    157.80000      0.00000
     21.00000    157.80000      0.00000
     21.25000    157.80000      0.00000
     21.50000    157.80000      0.00000
     21.75000    157.80000      0.00000
     22.00000    157.80000      0.00000
     22.25000    157.80000      0.00000
     22.50000    157.80000      0.00000
     22.75000    157.80000      0.00000
     23.00000    157.80000      0.00000
     23.25000    157.80000      0.00000
     23.50000    157.80000      0.00028
     23.75000    157.80000      0.00537
     24.00000    157.80000      0.00670
     15.00000    157.50000      0.00000
     15.25000    157.50000      0.00000
     15.50000    157.50000      0.00000
     15.75000    157.50000      0.00000
     16.00000    157.50000      0.00000
     16.25000    157.50000      0.00000
     16.50000    157.50000      0.00000
     16.75000    157.50000      0.00000
     17.00000    157.50000      0.00000
     17.25000    157.50000      0.00000
     17.50000    157.50000      0.00000
     17.75000    157.50000      0.00000
     18.00000    157.50000      0.00000
     18.25000    157.50000      0.00000
     18.50000    157.50000      0.00000
     18.75000    157.50000      0.00000
     19.00000    157.50000      0.00000
     19.25000    157.50000      0.00000
     19.50000    157.50000      0.00000
     19.75000    157.50000      0.00000
     20.00000    157.50000      0.00000
     20.25000    157.50000      0.00000
     20.50000    157.50000      0.00000
     20.75000    157.50000      0.00000
     21.00000    157.50000      0.00000
     21.25000    157.50000      0.00000
     21.50000    157.50000      0.00000
     21.75000    157.50000      0.00000
     22.00000    157.50000      0.00000
     22.25000    157.50000      0.00000
     22.50000    157.50000      0.00000
     22.75000    157.50000      0.00000
     23.00000    157.50000      0.00000
     23.25000    157.50000      0.00000
     23.50000    157.50000      0.00000
     23.75000    157.50000      0.00130
     24.00000    157.50000      0.00365
     15.00000    157.20000      0.00000
     15.25000    157.20000      0.00000
     15.50000    157.20000      0.00000
     15.75000    157.20000      0.00000
     16.00000    157.20000      0.00000
     16.25000    157.20000      0.00000
     16.50000    157.20000      0.00000
     16.75000    157.20000      0.00000
     17.00000    157.20000      0.00000
     17.25000    157.20000      0.00000
     17.50000    157.20000      0.00000
     17.75000    157.20000      0.00000
     18.00000    157.20000      0.00000
     18.25000    157.20000      0.00000
     18.50000    157.20000      0.00000
     18.75000    157.20000      0.00000
     19.00000    157.20000      0.00000
     19.25000    157.20000      0.00000
     19.50000    157.20000      0.00000
     19.75000    157.20000      0.00000
     20.00000    157.20000      0.00000
     20.25000    157.20000      0.00000
     20.50000    157.20000      0.00000
     20.75000    157.20000      0.00000
     21.00000    157.20000      0.00000
     21.25000    157.20000      0.00000
     21.50000    157.20000      0.00000
     21.75000    157.20000      0.00000
     22.00000    157.20000      0.00000
     22.25000    157.20000      0.00000
     22.50000    157.20000      0.00000
     22.75000    157.20000      0.00000
     23.00000    157.20000      0.00000
     23.25000    157.20000      0.00000
     23.50000    157.20000      0.00000
     23.75000    157.20000      0.00000
     24.00000    157.20000      0.00000
     13.25000    157.00000      0.00000
     13.50000    157.00000      0.00000
     13.75000    157.00000      0.00000
     14.00000    157.00000      0.00000
     14.25000    157.00000      0.00000
     14.50000    157.00000      0.00000
     14.75000    157.00000      0.00000
     15.00000    157.00000      0.00000
     15.25000    157.00000      0.00000
     15.50000    157.00000      0.00000
     15.75000    157.00000      0.00004
     16.00000    157.00000      0.00001
     16.25000    157.00000      0.00000
     16.50000    157.00000      0.00000
     16.75000    157.00000      0.00000
     17.00000    157.00000      0.00000
     17.25000    157.00000      0.00000
     17.50000    157.00000      0.00000
     17.75000    157.00000      0.00000
     18.00000    157.00000      0.00000
     18.25000    157.00000      0.00000
     18.50000    157.00000      0.00000
     18.75000    157.00000      0.00000
     19.00000    157.00000      0.00000
     19.25000    157.00000      0.00000
     19.50000    157.00000      0.00000
     19.75000    157.00000      0.00000
     20.00000    157.00000      0.00000
     20.25000    157.00000      0.00000
     20.50000    157.00000      0.00000
     20.75000    157.00000      0.00000
     21.00000    157.00000      0.00000
     21.25000    157.00000      0.00000
     21.50000    157.00000      0.00000
     21.75000    157.00000      0.00000
     22.00000    157.00000      0.00000
     22.25000    157.00000      0.00000
     22.50000    157.00000      0.00000
     22.75000    157.00000      0.00000
     23.00000    157.00000      0.00000
     23.25000    157.00000      0.00000
     23.50000    157.00000      0.00000
     23.75000    157.00000      0.00000
     24.00000    157.00000      0.00000
     13.25000    156.80000      0.00000
     13.50000    156.80000      0.00000
     13.75000    156.80000      0.00000
     14.00000    156.80000      0.00000
     14.25000    156.80000      0.00000
     14.50000    156.80000      0.00000
     14.75000    156.80000      0.00000
     15.00000    156.80000      0.00000
     15.25000    156.80000      0.00000
     15.50000    156.80000      0.00009
     15.75000    156.80000      0.00028
     16.00000    156.80000      0.00019
     16.25000    156.80000      0.00000
     16.50000    156.80000      0.00000
     16.75000    156.80000      0.00000
     17.00000    156.80000      0.00000
     17.25000    156.80000      0.00000
     17.50000    156.80000      0.00000
     17.75000    156.80000      0.00000
     18.00000    156.80000      0.00000
     18.25000    156.80000      0.00000
     18.50000    156.80000      0.00000
     18.75000    156.80000      0.00000
     19.00000    156.80000      0.00000
     19.25000    156.80000      0.00000
     19.50000    156.80000      0.00000
     19.75000    156.80000      0.00000
     20.00000    156.80000      0.00000
     20.25000    156.80000      0.00000
     20.50000    156.80000      0.00000
     20.75000    156.80000      0.00000
     21.00000    156.80000      0.00000
     21.25000    156.80000      0.00000
     21.50000    156.80000      0.00000
     21.75000    156.80000      0.00000
     22.00000    156.80000      0.00000
     22.25000    156.80000      0.00000
     22.50000    156.80000      0.00000
     22.75000    156.80000      0.00000
     23.00000    156.80000      0.00000
     13.25000    156.50000      0.00000
     13.50000    156.50000      0.00000
     13.75000    156.50000      0.00000
     14.00000    156.50000      0.00000
     14.25000    156.50000      0.00000
     14.50000    156.50000      0.00000
     14.75000    156.50000      0.00000
     15.00000    156.50000      0.00005
     15.25000    156.50000      0.00023
     15.50000    156.50000      0.00041
     15.75000    156.50000      0.00054
     16.00000    156.50000      0.00039
     16.25000    156.50000      0.00008
     16.50000    156.50000      0.00000
     16.75000    156.50000      0.00000
     17.00000    156.50000      0.00000
     17.25000    156.50000      0.00000
     17.50000    156.50000      0.00000
     17.75000    156.50000      0.00000
     18.00000    156.50000      0.00000
     18.25000    156.50000      0.00000
     18.50000    156.50000      0.00000
     18.75000    156.50000      0.00000
     19.00000    156.50000      0.00000
     19.25000    156.50000      0.00000
     19.50000    156.50000      0.00000
     19.75000    156.50000      0.00000
     20.00000    156.50000      0.00000
     20.25000    156.50000      0.00000
     20.50000    156.50000      0.00000
     20.75000    156.50000      0.00000
     21.00000    156.50000      0.00000
     21.25000    156.50000      0.00000
     21.50000    156.50000      0.00000
     21.75000    156.50000      0.00000
     22.00000    156.50000      0.00000
     22.25000    156.50000      0.00000
     22.50000    156.50000      0.00000
     22.75000    156.50000      0.00000
     23.00000    156.50000      0.00000
     13.25000    156.20000      0.00000
     13.50000    156.20000      0.00000
     13.75000    156.20000      0.00000
     14.00000    156.20000      0.00000
     14.25000    156.20000      0.00000
     14.50000    156.20000      0.00000
     14.75000    156.20000      0.00006
     15.00000    156.20000      0.00032
     15.25000    156.20000      0.00022
     15.50000    156.20000      0.00022
     15.75000    156.20000      0.00017
     16.00000    156.20000      0.00010
     16.25000    156.20000      0.00002
     16.50000    156.20000      0.00000
     16.75000    156.20000      0.00000
     17.00000    156.20000      0.00000
     17.25000    156.20000      0.00000
     17.50000    156.20000      0.00000
     17.75000    156.20000      0.00000
     18.00000    156.20000      0.00000
     18.25000    156.20000      0.00000
     18.50000    156.20000      0.00000
     18.75000    156.20000      0.00000
     19.00000    156.20000      0.00000
     19.25000    156.20000      0.00000
     19.50000    156.20000      0.00000
     19.75000    156.20000      0.00000
     20.00000    156.20000      0.00000
     20.25000    156.20000      0.00000
     20.50000    156.20000      0.00000
     20.75000    156.20000      0.00000
     21.00000    156.20000      0.00000
     21.25000    156.20000      0.00000
     21.50000    156.20000      0.00000
     21.75000    156.20000      0.00000
     22.00000    156.20000      0.00000
     22.25000    156.20000      0.00000
     22.50000    156.20000      0.00000
     22.75000    156.20000      0.00000
     23.00000    156.20000      0.00000
     13.25000    156.00000      0.00000
     13.50000    156.00000      0.00000
     13.75000    156.00000      0.00000
     14.00000    156.00000      0.00000
     14.25000    156.00000      0.00000
     14.50000    156.00000      0.00000
     14.75000    156.00000      0.00013
     15.00000    156.00000      0.00007
     15.25000    156.00000      0.00002
     15.50000    156.00000      0.00002
     15.75000    156.00000      0.00005
     16.00000    156.00000      0.00004
     16.25000    156.00000      0.00000
     16.50000    156.00000      0.00000
     16.75000    156.00000      0.00000
     17.00000    156.00000      0.00000
     17.25000    156.00000      0.00000
     17.50000    156.00000      0.00000
     17.75000    156.00000      0.00000
     18.00000    156.00000      0.00000
     18.25000    156.00000      0.00000
     18.50000    156.00000      0.00000
     18.75000    156.00000      0.00000
     19.00000    156.00000      0.00000
     19.25000    156.00000      0.00000
     19.50000    156.00000      0.00000
     19.75000    156.00000      0.00000
     20.00000    156.00000      0.00000
     20.25000    156.00000      0.00000
     20.50000    156.00000      0.00000
     20.75000    156.00000      0.00000
     21.00000    156.00000      0.00000
     21.25000    156.00000      0.00000
     21.50000    156.00000      0.00000
     21.75000    156.00000      0.00000
     22.00000    156.00000      0.00000
     22.25000    156.00000      0.00000
     22.50000    156.00000      0.00000
     22.75000    156.00000      0.00000
     23.00000    156.00000      0.00000
     13.00000    155.80000      0.00000
     13.25000    155.80000      0.00000
     13.50000    155.80000      0.00000
     13.75000    155.80000      0.00000
     14.00000    155.80000      0.00000
     16.00000    155.80000      0.00018
     16.25000    155.80000      0.00015
     16.50000    155.80000      0.00000
     16.75000    155.80000      0.00000
     17.00000    155.80000      0.00000
     17.25000    155.80000      0.00000
     17.50000    155.80000      0.00000
     17.75000    155.80000      0.00000
     18.00000    155.80000      0.00000
     18.25000    155.80000      0.00000
     18.50000    155.80000      0.00000
     18.75000    155.80000      0.00000
     19.00000    155.80000      0.00000
     19.25000    155.80000      0.00000
     19.50000    155.80000      0.00000
     19.75000    155.80000      0.00000
     20.00000    155.80000      0.00000
     20.25000    155.80000      0.00000
     20.50000    155.80000      0.00000
     20.75000    155.80000      0.00000
     21.00000    155.80000      0.00000
     21.25000    155.80000      0.00000
     21.50000    155.80000      0.00000
     21.75000    155.80000      0.00000
     22.00000    155.80000      0.00000
     22.25000    155.80000      0.00000
     22.50000    155.80000      0.00000
     22.75000    155.80000      0.00000
     23.00000    155.80000      0.00000
     13.00000    155.50000      0.00000
     13.25000    155.50000      0.00000
     13.50000    155.50000      0.00000
     13.75000    155.50000      0.00000
     14.00000    155.50000      0.00000
     16.00000    155.50000      0.00057
     16.25000    155.50000      0.00007
     16.50000    155.50000      0.00000
     16.75000    155.50000      0.00000
     17.00000    155.50000      0.00000
     17.25000    155.50000      0.00000
     17.50000    155.50000      0.00000
     17.75000    155.50000      0.00000
     18.00000    155.50000      0.00000
     18.25000    155.50000      0.00000
     18.50000    155.50000      0.00000
     18.75000    155.50000      0.00000
     19.00000    155.50000      0.00000
     19.25000    155.50000      0.00000
     19.50000    155.50000      0.00000
     19.75000    155.50000      0.00000
     20.00000    155.50000      0.00000
     20.25000    155.50000      0.00000
     20.50000    155.50000      0.00000
     20.75000    155.50000      0.00000
     21.00000    155.50000      0.00000
     21.25000    155.50000      0.00000
     21.50000    155.50000      0.00000
     21.75000    155.50000      0.00000
     22.00000    155.50000      0.00000
     22.25000    155.50000      0.00000
     22.50000    155.50000      0.00000
     22.75000    155.50000      0.00000
     23.00000    155.50000      0.00000
     13.00000    155.20000      0.00000
     13.25000    155.20000      0.00000
     13.50000    155.20000      0.00000
     13.75000    155.20000      0.00000
     14.00000    155.20000      0.00000
     16.00000    155.20000      0.00041
     16.25000    155.20000      0.00000
     16.50000    155.20000      0.00000
     16.75000    155.20000      0.00000
     17.00000    155.20000      0.00000
     17.25000    155.20000      0.00000
     17.50000    155.20000      0.00000
     17.75000    155.20000      0.00000
     18.00000    155.20000      0.00000
     18.25000    155.20000      0.00000
     18.50000    155.20000      0.00000
     18.75000    155.20000      0.00000
     19.00000    155.20000      0.00000
     19.25000    155.20000      0.00000
     19.50000    155.20000      0.00000
     19.75000    155.20000      0.00000
     20.00000    155.20000      0.00000
     20.25000    155.20000      0.00000
     20.50000    155.20000      0.00000
     20.75000    155.20000      0.00000
     21.00000    155.20000      0.00000
     21.25000    155.20000      0.00000
     21.50000    155.20000      0.00000
     21.75000    155.20000      0.00000
     22.00000    155.20000      0.00000
     22.25000    155.20000      0.00000
     22.50000    155.20000      0.00000
     22.75000    155.20000      0.00000
     23.00000    155.20000      0.00000
     13.00000    155.00000      0.00000
     13.25000    155.00000      0.00000
     13.50000    155.00000      0.00000
     13.75000    155.00000      0.00000
     14.00000    155.00000      0.00000
     16.00000    155.00000      0.00037
     16.25000    155.00000      0.00000
     16.50000    155.00000      0.00000
     16.75000    155.00000      0.00000
     17.00000    155.00000      0.00000
     17.25000    155.00000      0.00000
     17.50000    155.00000      0.00000
     17.75000    155.00000      0.00000
     18.00000    155.00000      0.00000
     18.25000    155.00000      0.00000
     18.50000    155.00000      0.00000
     18.75000    155.00000      0.00000
     19.00000    155.00000      0.00000
     19.25000    155.00000      0.00000
     19.50000    155.00000      0.00000
     19.75000    155.00000      0.00000
     20.00000    155.00000      0.00000
     20.25000    155.00000      0.00000
     20.50000    155.00000      0.00000
     20.75000    155.00000      0.00000
     21.00000    155.00000      0.00000
     21.25000    155.00000      0.00000
     21.50000    155.00000      0.00000
     21.75000    155.00000      0.00000
     22.00000    155.00000      0.00000
     22.25000    155.00000      0.00000
     22.50000    155.00000      0.00000
     22.75000    155.00000      0.00000
     23.00000    155.00000      0.00000
     23.25000    155.00000      0.00000
     23.50000    155.00000      0.00000
     23.75000    155.00000      0.00000
     14.00000    154.80000      0.00000
     16.00000    154.80000      0.00035
     16.25000    154.80000      0.00001
     16.50000    154.80000      0.00000
     16.75000    154.80000      0.00000
     17.00000    154.80000      0.00000
     17.25000    154.80000      0.00000
     17.50000    154.80000      0.00000
     17.75000    154.80000      0.00000
     18.00000    154.80000      0.00000
     18.25000    154.80000      0.00000
     18.50000    154.80000      0.00000
     18.75000    154.80000      0.00000
     19.00000    154.80000      0.00000
     19.25000    154.80000      0.00000
     19.50000    154.80000      0.00000
     19.75000    154.80000      0.00000
     20.00000    154.80000      0.00000
     20.25000    154.80000      0.00000
     20.50000    154.80000      0.00000
     20.75000    154.80000      0.00000
     21.00000    154.80000      0.00000
     21.25000    154.80000      0.00000
     21.50000    154.80000      0.00000
     21.75000    154.80000      0.00000
     22.00000    154.80000      0.00000
     14.00000    154.50000      0.00000
     16.00000    154.50000      0.00050
     16.25000    154.50000      0.00023
     16.50000    154.50000      0.00000
     16.75000    154.50000      0.00000
     17.00000    154.50000      0.00000
     17.25000    154.50000      0.00000
     17.50000    154.50000      0.00000
     17.75000    154.50000      0.00000
     18.00000    154.50000      0.00000
     18.25000    154.50000      0.00000
     18.50000    154.50000      0.00000
     18.75000    154.50000      0.00000
     19.00000    154.50000      0.00000
     19.25000    154.50000      0.00000
     19.50000    154.50000      0.00000
     19.75000    154.50000      0.00000
     20.00000    154.50000      0.00000
     20.25000    154.50000      0.00000
     20.50000    154.50000      0.00000
     20.75000    154.50000      0.00000
     21.00000    154.50000      0.00000
     21.25000    154.50000      0.00000
     21.50000    154.50000      0.00000
     21.75000    154.50000      0.00000
     22.00000    154.50000      0.00000
     14.00000    154.20000      0.00000
     16.00000    154.20000      0.00000
     16.25000    154.20000      0.00000
     16.50000    154.20000      0.00000
     16.75000    154.20000      0.00000
     17.00000    154.20000      0.00000
     17.25000    154.20000      0.00000
     17.50000    154.20000      0.00000
     17.75000    154.20000      0.00000
     18.00000    154.20000      0.00000
     18.25000    154.20000      0.00000
     18.50000    154.20000      0.00000
     18.75000    154.20000      0.00000
     19.00000    154.20000      0.00000
     19.25000    154.20000      0.00000
     19.50000    154.20000      0.00000
     19.75000    154.20000      0.00000
     20.00000    154.20000      0.00000
     20.25000    154.20000      0.00000
     20.50000    154.20000      0.00000
     20.75000    154.20000      0.00000
     21.00000    154.20000      0.00000
     21.25000    154.20000      0.00000
     21.50000    154.20000      0.00000
     21.75000    154.20000      0.00000
     22.00000    154.20000      0.00000
     14.00000    154.00000      0.00000
     14.25000    154.00000      0.00000
     14.50000    154.00000      0.00000
     14.75000    154.00000      0.00000
     15.00000    154.00000      0.00000
     15.25000    154.00000      0.00000
     15.50000    154.00000      0.00000
     15.75000    154.00000      0.00000
     16.00000    154.00000      0.00000
     16.25000    154.00000      0.00000
     16.50000    154.00000      0.00000
     16.75000    154.00000      0.00000
     17.00000    154.00000      0.00000
     17.25000    154.00000      0.00000
     17.50000    154.00000      0.00000
     17.75000    154.00000      0.00000
     18.00000    154.00000      0.00000
     18.25000    154.00000      0.00000
     18.50000    154.00000      0.00000
     18.75000    154.00000      0.00000
     19.00000    154.00000      0.00000
     19.25000    154.00000      0.00000
     19.50000    154.00000      0.00000
     19.75000    154.00000      0.00000
     20.00000    154.00000      0.00000
     20.25000    154.00000      0.00000
     20.50000    154.00000      0.00000
     20.75000    154.00000      0.00000
     21.00000    154.00000      0.00000
     21.25000    154.00000      0.00000
     21.50000    154.00000      0.00000
     21.75000    154.00000      0.00000
     22.00000    154.00000      0.00000
     14.00000    153.80000      0.00000
     14.25000    153.80000      0.00000
     14.50000    153.80000      0.00000
     14.75000    153.80000      0.00000
     15.00000    153.80000      0.00000
     15.25000    153.80000      0.00000
     15.50000    153.80000      0.00000
     15.75000    153.80000      0.00000
     16.00000    153.80000      0.00000
     16.25000    153.80000      0.00000
     16.50000    153.80000      0.00000
     16.75000    153.80000      0.00000
     17.00000    153.80000      0.00000
     17.25000    153.80000      0.00000
     17.50000    153.80000      0.00000
     17.75000    153.80000      0.00000
     18.00000    153.80000      0.00000
     18.25000    153.80000      0.00000
     18.50000    153.80000      0.00000
     18.75000    153.80000      0.00000
     19.00000    153.80000      0.00000
     19.25000    153.80000      0.00000
     19.50000    153.80000      0.00000
     19.75000    153.80000      0.00000
     20.00000    153.80000      0.00000
     20.25000    153.80000      0.00000
     20.50000    153.80000      0.00000
     20.75000    153.80000      0.00000
     21.00000    153.80000      0.00000
     21.25000    153.80000      0.00000
     21.50000    153.80000      0.00000
     21.75000    153.80000      0.00000
     22.00000    153.80000      0.00000
     14.00000    153.50000      0.00000
     14.25000    153.50000      0.00000
     14.50000    153.50000      0.00000
     14.75000    153.50000      0.00000
     15.00000    153.50000      0.00000
     15.25000    153.50000      0.00000
     15.50000    153.50000      0.00000
     15.75000    153.50000      0.00000
     16.00000    153.50000      0.00000
     16.25000    153.50000      0.00000
     16.50000    153.50000      0.00000
     16.75000    153.50000      0.00000
     17.00000    153.50000      0.00000
     17.25000    153.50000      0.00000
     17.50000    153.50000      0.00000
     17.75000    153.50000      0.00000
     18.00000    153.50000      0.00000
     18.25000    153.50000      0.00000
     18.50000    153.50000      0.00000
     18.75000    153.50000      0.00000
     19.00000    153.50000      0.00000
     19.25000    153.50000      0.00000
     19.50000    153.50000      0.00000
     19.75000    153.50000      0.00000
     20.00000    153.50000      0.00000
     20.25000    153.50000      0.00000
     20.50000    153.50000      0.00000
     20.75000    153.50000      0.00000
     21.00000    153.50000      0.00000
     21.25000    153.50000      0.00000
     21.50000    153.50000      0.00000
     21.75000    153.50000      0.00000
     22.00000    153.50000      0.00000
     14.00000    153.20000      0.00000
     14.25000    153.20000      0.00000
     14.50000    153.20000      0.00000
     14.75000    153.20000      0.00000
     15.00000    153.20000      0.00000
     15.25000    153.20000      0.00000
     15.50000    153.20000      0.00000
     15.75000    153.20000      0.00000
     16.00000    153.20000      0.00000
     16.25000    153.20000      0.00000
     16.50000    153.20000      0.00000
     16.75000    153.20000      0.00000
     17.00000    153.20000      0.00000
     17.25000    153.20000      0.00000
     17.50000    153.20000      0.00000
     17.75000    153.20000      0.00000
     18.00000    153.20000      0.00000
     18.25000    153.20000      0.00000
     18.50000    153.20000      0.00000
     18.75000    153.20000      0.00000
     19.00000    153.20000      0.00000
     19.25000    153.20000      0.00000
     19.50000    153.20000      0.00000
     19.75000    153.20000      0.00000
     20.00000    153.20000      0.00000
     20.25000    153.20000      0.00000
     20.50000    153.20000      0.00000
     20.75000    153.20000      0.00000
     21.00000    153.20000      0.00000
     21.25000    153.20000      0.00000
     21.50000    153.20000      0.00000
     21.75000    153.20000      0.00000
     22.00000    153.20000      0.00000
     14.25000    153.00000      0.00000
     14.50000    153.00000      0.00000
     14.75000    153.00000      0.00000
     15.00000    153.00000      0.00000
     15.25000    153.00000      0.00000
     15.50000    153.00000      0.00000
     15.75000    153.00000      0.00000
     16.00000    153.00000      0.00000
     16.25000    153.00000      0.00000
     16.50000    153.00000      0.00000
     16.75000    153.00000      0.00000
     17.00000    153.00000      0.00000
     17.25000    153.00000      0.00000
     17.50000    153.00000      0.00000
     17.75000    153.00000      0.00000
     18.00000    153.00000      0.00000
     18.25000    153.00000      0.00000
     18.50000    153.00000      0.00000
     18.75000    153.00000      0.00000
     19.00000    153.00000      0.00000
     19.25000    153.00000      0.00000
     19.50000    153.00000      0.00000
     19.75000    153.00000      0.00000
     20.00000    153.00000      0.00000
     20.25000    153.00000      0.00000
     20.50000    153.00000      0.00000
     20.75000    153.00000      0.00000
     21.00000    153.00000      0.00000
     21.25000    153.00000      0.00000
     21.50000    153.00000      0.00000
     21.75000    153.00000      0.00000
     22.00000    153.00000      0.00000
     15.00000    152.80000      0.00000
     15.25000    152.80000      0.00000
     15.50000    152.80000      0.00000
     15.75000    152.80000      0.00000
     16.00000    152.80000      0.00000
     16.25000    152.80000      0.00000
     16.50000    152.80000      0.00000
     16.75000    152.80000      0.00000
     17.00000    152.80000      0.00000
     17.25000    152.80000      0.00000
     17.50000    152.80000      0.00000
     17.75000    152.80000      0.00000
     18.00000    152.80000      0.00000
     18.25000    152.80000      0.00000
     18.50000    152.80000      0.00000
     18.75000    152.80000      0.00000
     19.00000    152.80000      0.00000
     19.25000    152.80000      0.00000
     19.50000    152.80000      0.00000
     19.75000    152.80000      0.00000
     20.00000    152.80000      0.00000
     20.25000    152.80000      0.00000
     20.50000    152.80000      0.00000
     20.75000    152.80000      0.00000
     21.00000    152.80000      0.00000
     21.25000    152.80000      0.00000
     21.50000    152.80000      0.00000
     21.75000    152.80000      0.00000
     22.00000    152.80000      0.00000
     15.00000    152.50000      0.00000
     15.25000    152.50000      0.00000
     15.50000    152.50000      0.00005
     15.75000    152.50000      0.00005
     16.00000    152.50000      0.00001
     16.25000    152.50000      0.00000
     16.50000    152.50000      0.00000
     16.75000    152.50000      0.00000
     17.00000    152.50000      0.00000
     17.25000    152.50000      0.00000
     17.50000    152.50000      0.00000
     17.75000    152.50000      0.00000
     18.00000    152.50000      0.00000
     18.25000    152.50000      0.00000
     18.50000    152.50000      0.00000
     18.75000    152.50000      0.00000
     19.00000    152.50000      0.00000
     19.25000    152.50000      0.00000
     19.50000    152.50000      0.00000
     19.75000    152.50000      0.00000
     20.00000    152.50000      0.00000
     20.25000    152.50000      0.00000
     20.50000    152.50000      0.00000
     20.75000    152.50000      0.00000
     21.00000    152.50000      0.00000
     21.25000    152.50000      0.00000
     21.50000    152.50000      0.00000
     21.75000    152.50000      0.00000
     22.00000    152.50000      0.00000
     15.00000    152.20000      0.00000
     15.25000    152.20000      0.00000
     15.50000    152.20000      0.00005
     15.75000    152.20000      0.00027
     16.00000    152.20000      0.00021
     16.25000    152.20000      0.00016
     16.50000    152.20000      0.00008
     16.75000    152.20000      0.00006
     17.00000    152.20000      0.00000
     17.25000    152.20000      0.00000
     17.50000    152.20000      0.00000
     17.75000    152.20000      0.00000
     18.00000    152.20000      0.00000
     18.25000    152.20000      0.00000
     18.50000    152.20000      0.00000
     18.75000    152.20000      0.00000
     19.00000    152.20000      0.00000
     19.25000    152.20000      0.00000
     19.50000    152.20000      0.00000
     19.75000    152.20000      0.00000
     20.00000    152.20000      0.00000
     20.25000    152.20000      0.00000
     20.50000    152.20000      0.00000
     20.75000    152.20000      0.00000
     21.00000    152.20000      0.00000
     21.25000    152.20000      0.00000
     21.50000    152.20000      0.00000
     21.75000    152.20000      0.00000
     22.00000    152.20000      0.00000
     15.00000    152.00000      0.00000
     15.25000    152.00000      0.00000
     15.50000    152.00000      0.00000
     15.75000    152.00000      0.00016
     16.00000    152.00000      0.00047
     16.25000    152.00000      0.00044
     16.50000    152.00000      0.00038
     16.75000    152.00000      0.00033
     17.00000    152.00000      0.00013
     17.25000    152.00000      0.00000
     17.50000    152.00000      0.00000
     17.75000    152.00000      0.00000
     18.00000    152.00000      0.00000
     18.25000    152.00000      0.00000
     18.50000    152.00000      0.00000
     18.75000    152.00000      0.00000
     19.00000    152.00000      0.00000
     19.25000    152.00000      0.00000
     19.50000    152.00000      0.00000
     19.75000    152.00000      0.00000
     20.00000    152.00000      0.00000
     20.25000    152.00000      0.00000
     20.50000    152.00000      0.00000
     20.75000    152.00000      0.00000
     21.00000    152.00000      0.00000
     21.25000    152.00000      0.00000
     21.50000    152.00000      0.00000
     21.75000    152.00000      0.00000
     15.00000    151.80000      0.00000
     15.25000    151.80000      0.00000
     15.50000    151.80000      0.00000
     15.75000    151.80000      0.00000
     16.00000    151.80000      0.00013
     16.25000    151.80000      0.00036
     16.50000    151.80000      0.00053
     16.75000    151.80000      0.00040
     17.00000    151.80000      0.00017
     17.25000    151.80000      0.00000
     17.50000    151.80000      0.00000
     17.75000    151.80000      0.00000
     18.00000    151.80000      0.00000
     18.25000    151.80000      0.00000
     18.50000    151.80000      0.00000
     18.75000    151.80000      0.00000
     19.00000    151.80000      0.00000
     19.25000    151.80000      0.00000
     19.50000    151.80000      0.00000
     19.75000    151.80000      0.00000
     20.00000    151.80000      0.00000
     20.25000    151.80000      0.00000
     20.50000    151.80000      0.00000
     20.75000    151.80000      0.00000
     21.00000    151.80000      0.00000
     21.25000    151.80000      0.00000
     21.50000    151.80000      0.00000
     21.75000    151.80000      0.00000
     15.25000    151.50000      0.00000
     15.50000    151.50000      0.00000
     15.75000    151.50000      0.00000
     16.00000    151.50000      0.00000
     16.25000    151.50000      0.00008
     16.50000    151.50000      0.00043
     16.75000    151.50000      0.00021
     17.00000    151.50000      0.00003
     17.25000    151.50000      0.00000
     17.50000    151.50000      0.00000
     17.75000    151.50000      0.00000
     18.00000    151.50000      0.00000
     18.25000    151.50000      0.00000
     18.50000    151.50000      0.00000
     18.75000    151.50000      0.00000
     19.00000    151.50000      0.00000
     19.25000    151.50000      0.00000
     19.50000    151.50000      0.00000
     19.75000    151.50000      0.00000
     20.00000    151.50000      0.00000
     20.25000    151.50000      0.00000
     20.50000    151.50000      0.00000
     20.75000    151.50000      0.00000
     21.00000    151.50000      0.00000
     21.25000    151.50000      0.00000
     21.50000    151.50000      0.00000
     21.75000    151.50000      0.00000
     15.50000    151.20000      0.00000
     15.75000    151.20000      0.00000
     16.00000    151.20000      0.00000
     16.25000    151.20000      0.00000
     16.50000    151.20000      0.00027
     16.75000    151.20000      0.00007
     17.00000    151.20000      0.00000
     17.25000    151.20000      0.00000
     17.50000    151.20000      0.00000
     17.75000    151.20000      0.00000
     18.00000    151.20000      0.00000
     18.25000    151.20000      0.00000
     18.50000    151.20000      0.00000
     18.75000    151.20000      0.00000
     19.00000    151.20000      0.00000
     19.25000    151.20000      0.00000
     19.50000    151.20000      0.00000
     19.75000    151.20000      0.00000
     20.00000    151.20000      0.00000
     20.25000    151.20000      0.00000
     20.50000    151.20000      0.00000
     20.75000    151.20000      0.00000
     21.00000    151.20000      0.00000
     21.25000    151.20000      0.00000
     21.50000    151.20000      0.00000
     21.75000    151.20000      0.00000
     16.00000    151.00000      0.00000
     16.25000    151.00000      0.00000
     16.50000    151.00000      0.00009
     16.75000    151.00000      0.00000
     17.00000    151.00000      0.00000
     17.25000    151.00000      0.00000
     17.50000    151.00000      0.00000
     17.75000    151.00000      0.00000
     18.00000    151.00000      0.00000
     18.25000    151.00000      0.00000
     18.50000    151.00000      0.00000
     18.75000    151.00000      0.00000
     19.00000    151.00000      0.00000
     19.25000    151.00000      0.00000
     19.50000    151.00000      0.00000
     19.75000    151.00000      0.00000
     20.00000    151.00000      0.00000
     20.25000    151.00000      0.00000
     20.50000    151.00000      0.00000
     20.75000    151.00000      0.00000
     21.00000    151.00000      0.00000
     21.25000    151.00000      0.00000
     15.75000    150.80000      0.00000
     16.00000    150.80000      0.00000
     18.00000    150.80000      0.00000
     18.25000    150.80000      0.00000
     18.50000    150.80000      0.00000
     18.75000    150.80000      0.00000
     19.00000    150.80000      0.00000
     19.25000    150.80000      0.00000
     19.50000    150.80000      0.00000
     19.75000    150.80000      0.00000
     20.00000    150.80000      0.00000
     15.75000    150.50000      0.00000
     16.00000    150.50000      0.00000
     18.00000    150.50000      0.00000
     18.25000    150.50000      0.00000
     18.50000    150.50000      0.00000
     18.75000    150.50000      0.00000
     19.00000    150.50000      0.00000
     19.25000    150.50000      0.00000
     19.50000    150.50000      0.00000
     19.75000    150.50000      0.00000
     20.00000    150.50000      0.00000
     15.75000    150.20000      0.00003
     16.00000    150.20000      0.00000
     18.00000    150.20000      0.00000
     18.25000    150.20000      0.00000
     18.50000    150.20000      0.00000
     18.75000    150.20000      0.00000
     19.00000    150.20000      0.00000
     19.25000    150.20000      0.00000
     19.50000    150.20000      0.00000
     19.75000    150.20000      0.00000
     20.00000    150.20000      0.00000
     15.75000    150.00000      0.00002
     16.00000    150.00000      0.00000
     18.00000    150.00000      0.00000
     18.25000    150.00000      0.00000
     18.50000    150.00000      0.00000
     18.75000    150.00000      0.00000
     19.00000    150.00000      0.00000
     19.25000    150.00000      0.00000
     19.50000    150.00000      0.00000
     19.75000    150.00000      0.00000
     20.00000    150.00000      0.00000
     18.00000    149.80000      0.00000
     18.25000    149.80000      0.00000
     18.50000    149.80000      0.00000
     18.75000    149.80000      0.00000
     19.00000    149.80000      0.00000
     18.00000    149.50000      0.00000
     18.25000    149.50000      0.00000
     18.50000    149.50000      0.00000
     18.75000    149.50000      0.00000
     19.00000    149.50000      0.00000
     18.00000    149.20000      0.00000
     18.25000    149.20000      0.00000
     18.50000    149.20000      0.00000
     18.75000    149.20000      0.00000
     19.00000    149.20000      0.00000
