     21.25000    164.00000      0.00000
     21.50000    164.00000      0.00000
     21.75000    164.00000      0.00000
     22.00000    164.00000      0.00000
     22.25000    164.00000      0.00000
     22.50000    164.00000      0.00000
     22.75000    164.00000      0.00000
     23.00000    164.00000      0.00000
     23.25000    164.00000      0.00000
     23.50000    164.00000      0.00000
     20.75000    163.80000      0.00000
     21.00000    163.80000      0.00000
     21.25000    163.80000      0.00000
     21.50000    163.80000      0.00000
     21.75000    163.80000      0.00000
     22.00000    163.80000      0.00000
     22.25000    163.80000      0.00000
     22.50000    163.80000      0.00000
     22.75000    163.80000      0.00000
     23.00000    163.80000      0.00000
     23.25000    163.80000      0.00000
     23.50000    163.80000      0.00000
     23.75000    163.80000      0.00000
     24.00000    163.80000      0.00000
     24.25000    163.80000      0.00000
     20.50000    163.50000      0.00000
     20.75000    163.50000      0.00000
     21.00000    163.50000      0.00000
     21.25000    163.50000      0.00000
     21.50000    163.50000      0.00000
     21.75000    163.50000      0.00000
     22.00000    163.50000      0.00000
     22.25000    163.50000      0.00000
     22.50000    163.50000      0.00000
     22.75000    163.50000      0.00000
     23.00000    163.50000      0.00000
     23.25000    163.50000      0.00000
     23.50000    163.50000      0.00000
     23.75000    163.50000      0.00000
     24.00000    163.50000      0.00000
     24.25000    163.50000      0.00000
     20.25000    163.20000      0.00000
     20.50000    163.20000      0.00000
     20.75000    163.20000      0.00000
     21.00000    163.20000      0.00000
     21.25000    163.20000      0.00000
     21.50000    163.20000      0.00000
     21.75000    163.20000      0.00000
     22.00000    163.20000      0.00000
     22.25000    163.20000      0.00000
     22.50000    163.20000      0.00000
     22.75000    163.20000      0.00000
     23.00000    163.20000      0.00000
     23.25000    163.20000      0.00000
     23.50000    163.20000      0.00000
     23.75000    163.20000      0.00000
     24.00000    163.20000      0.00000
     24.25000    163.20000      0.00000
     19.75000    163.00000      0.00000
     20.00000    163.00000      0.00000
     20.25000    163.00000      0.00000
     20.50000    163.00000      0.00000
     20.75000    163.00000      0.00000
     21.00000    163.00000      0.00000
     21.25000    163.00000      0.00000
     21.50000    163.00000      0.00000
     21.75000    163.00000      0.00000
     22.00000    163.00000      0.00000
     22.25000    163.00000      0.00000
     22.50000    163.00000      0.00000
     22.75000    163.00000      0.00000
     23.00000    163.00000      0.00000
     23.25000    163.00000      0.00000
     23.50000    163.00000      0.00000
     23.75000    163.00000      0.00000
     24.00000    163.00000      0.00000
     24.25000    163.00000      0.00000
     19.50000    162.80000      0.00000
     19.75000    162.80000      0.00000
     20.00000    162.80000      0.00000
     20.25000    162.80000      0.00000
     20.50000    162.80000      0.00000
     20.75000    162.80000      0.00000
     21.00000    162.80000      0.00000
     21.25000    162.80000      0.00000
     21.50000    162.80000      0.00000
     21.75000    162.80000      0.00000
     22.00000    162.80000      0.00000
     22.25000    162.80000      0.00000
     22.50000    162.80000      0.00000
     22.75000    162.80000      0.00000
     23.00000    162.80000      0.00000
     23.25000    162.80000      0.00000
     23.50000    162.80000      0.00000
     23.75000    162.80000      0.00000
     24.00000    162.80000      0.00000
     24.25000    162.80000      0.00000
     19.25000    162.50000      0.00000
     19.50000    162.50000      0.00000
     19.75000    162.50000      0.00000
     20.00000    162.50000      0.00000
     20.25000    162.50000      0.00000
     20.50000    162.50000      0.00000
     20.75000    162.50000      0.00000
     21.00000    162.50000      0.00000
     21.25000    162.50000      0.00000
     21.50000    162.50000      0.00000
     21.75000    162.50000      0.00000
     22.00000    162.50000      0.00000
     22.25000    162.50000      0.00000
     22.50000    162.50000      0.00000
     22.75000    162.50000      0.00000
     23.00000    162.50000      0.00000
     23.25000    162.50000      0.00000
     23.50000    162.50000      0.00000
     23.75000    162.50000      0.00000
     24.00000    162.50000      0.00000
     24.25000    162.50000      0.00000
     24.50000    162.50000      0.00000
     19.00000    162.20000      0.00000
     19.25000    162.20000      0.00000
     19.50000    162.20000      0.00000
     19.75000    162.20000      0.00000
     20.00000    162.20000      0.00000
     20.25000    162.20000      0.00000
     20.50000    162.20000      0.00000
     20.75000    162.20000      0.00000
     21.00000    162.20000      0.00000
     21.25000    162.20000      0.00000
     21.50000    162.20000      0.00000
     21.75000    162.20000      0.00000
     22.00000    162.20000      0.00000
     22.25000    162.20000      0.00000
     22.50000    162.20000      0.00000
     22.75000    162.20000      0.00000
     23.00000    162.20000      0.00000
     23.25000    162.20000      0.00000
     23.50000    162.20000      0.00000
     23.75000    162.20000      0.00000
     24.00000    162.20000      0.00000
     24.25000    162.20000      0.00000
     24.50000    162.20000      0.00000
     19.00000    162.00000      0.00000
     19.25000    162.00000      0.00000
     19.50000    162.00000      0.00000
     19.75000    162.00000      0.00000
     20.00000    162.00000      0.00000
     20.25000    162.00000      0.00000
     20.50000    162.00000      0.00000
     20.75000    162.00000      0.00000
     21.00000    162.00000      0.00000
     21.25000    162.00000      0.00000
     21.50000    162.00000      0.00000
     21.75000    162.00000      0.00000
     22.00000    162.00000      0.00000
     22.25000    162.00000      0.00000
     22.50000    162.00000      0.00000
     22.75000    162.00000      0.00000
     23.00000    162.00000      0.00000
     23.25000    162.00000      0.00000
     23.50000    162.00000      0.00000
     23.75000    162.00000      0.00000
     24.00000    162.00000      0.00000
     24.25000    162.00000      0.00000
     24.50000    162.00000      0.00000
     19.00000    161.80000      0.00000
     19.25000    161.80000      0.00000
     19.50000    161.80000      0.00000
     19.75000    161.80000      0.00000
     20.00000    161.80000      0.00000
     20.25000    161.80000      0.00000
     20.50000    161.80000      0.00000
     20.75000    161.80000      0.00000
     21.00000    161.80000      0.00000
     21.25000    161.80000      0.00000
     21.50000    161.80000      0.00000
     21.75000    161.80000      0.00000
     22.00000    161.80000      0.00000
     22.25000    161.80000      0.00000
     22.50000    161.80000      0.00000
     22.75000    161.80000      0.00000
     23.00000    161.80000      0.00000
     23.25000    161.80000      0.00000
     23.50000    161.80000      0.00000
     23.75000    161.80000      0.00000
     24.00000    161.80000      0.00000
     24.25000    161.80000      0.00000
     24.50000    161.80000      0.00000
     19.00000    161.50000      0.00000
     19.25000    161.50000      0.00000
     19.50000    161.50000      0.00000
     19.75000    161.50000      0.00000
     20.00000    161.50000      0.00000
     20.25000    161.50000      0.00000
     20.50000    161.50000      0.00000
     20.75000    161.50000      0.00000
     21.00000    161.50000      0.00000
     21.25000    161.50000      0.00000
     21.50000    161.50000      0.00000
     21.75000    161.50000      0.00000
     22.00000    161.50000      0.00000
     22.25000    161.50000      0.00000
     22.50000    161.50000      0.00000
     22.75000    161.50000      0.00000
     23.00000    161.50000      0.00000
     23.25000    161.50000      0.00000
     23.50000    161.50000      0.00000
     23.75000    161.50000      0.00000
     24.00000    161.50000      0.00000
     24.25000    161.50000      0.00000
     24.50000    161.50000      0.00000
     15.50000    161.20000      0.00000
     15.75000    161.20000      0.00000
     16.00000    161.20000      0.00000
     19.00000    161.20000      0.00000
     19.25000    161.20000      0.00000
     19.50000    161.20000      0.00000
     19.75000    161.20000      0.00000
     20.00000    161.20000      0.00000
     20.25000    161.20000      0.00000
     20.50000    161.20000      0.00000
     20.75000    161.20000      0.00000
     21.00000    161.20000      0.00000
     21.25000    161.20000      0.00000
     21.50000    161.20000      0.00000
     21.75000    161.20000      0.00000
     22.00000    161.20000      0.00000
     22.25000    161.20000      0.00000
     22.50000    161.20000      0.00000
     22.75000    161.20000      0.00000
     23.00000    161.20000      0.00000
     23.25000    161.20000      0.00000
     23.50000    161.20000      0.00000
     23.75000    161.20000      0.00000
     24.00000    161.20000      0.00053
     24.25000    161.20000      0.00069
     24.50000    161.20000      0.00095
     24.75000    161.20000      0.00113
     15.25000    161.00000      0.00000
     15.50000    161.00000      0.00000
     15.75000    161.00000      0.00000
     16.00000    161.00000      0.00000
     16.25000    161.00000      0.00000
     16.50000    161.00000      0.00000
     16.75000    161.00000      0.00000
     17.00000    161.00000      0.00055
     19.00000    161.00000      0.00000
     19.25000    161.00000      0.00000
     19.50000    161.00000      0.00000
     19.75000    161.00000      0.00000
     20.00000    161.00000      0.00000
     20.25000    161.00000      0.00000
     20.50000    161.00000      0.00000
     20.75000    161.00000      0.00000
     21.00000    161.00000      0.00000
     21.25000    161.00000      0.00000
     21.50000    161.00000      0.00000
     21.75000    161.00000      0.00000
     22.00000    161.00000      0.00000
     22.25000    161.00000      0.00000
     22.50000    161.00000      0.00000
     22.75000    161.00000      0.00000
     23.00000    161.00000      0.00000
     23.25000    161.00000      0.00000
     23.50000    161.00000      0.00000
     23.75000    161.00000      0.00001
     24.00000    161.00000      0.00079
     24.25000    161.00000      0.00180
     24.50000    161.00000      0.00226
     24.75000    161.00000      0.00274
     15.00000    160.80000      0.00000
     15.25000    160.80000      0.00000
     15.50000    160.80000      0.00000
     15.75000    160.80000      0.00000
     16.00000    160.80000      0.00000
     16.25000    160.80000      0.00000
     16.50000    160.80000      0.00000
     16.75000    160.80000      0.00000
     17.00000    160.80000      0.00030
     19.00000    160.80000      0.00025
     19.25000    160.80000      0.00000
     19.50000    160.80000      0.00000
     19.75000    160.80000      0.00000
     20.00000    160.80000      0.00000
     20.25000    160.80000      0.00000
     20.50000    160.80000      0.00000
     20.75000    160.80000      0.00000
     21.00000    160.80000      0.00000
     21.25000    160.80000      0.00000
     21.50000    160.80000      0.00000
     21.75000    160.80000      0.00000
     22.00000    160.80000      0.00000
     22.25000    160.80000      0.00000
     22.50000    160.80000      0.00000
     22.75000    160.80000      0.00000
     23.00000    160.80000      0.00000
     23.25000    160.80000      0.00000
     23.50000    160.80000      0.00000
     23.75000    160.80000      0.00018
     24.00000    160.80000      0.00133
     24.25000    160.80000      0.00234
     24.50000    160.80000      0.00262
     24.75000    160.80000      0.00291
     15.00000    160.50000      0.00000
     15.25000    160.50000      0.00000
     15.50000    160.50000      0.00000
     15.75000    160.50000      0.00000
     16.00000    160.50000      0.00000
     16.25000    160.50000      0.00000
     16.50000    160.50000      0.00000
     16.75000    160.50000      0.00000
     17.00000    160.50000      0.00012
     19.00000    160.50000      0.00111
     19.25000    160.50000      0.00037
     19.50000    160.50000      0.00000
     19.75000    160.50000      0.00000
     20.00000    160.50000      0.00000
     20.25000    160.50000      0.00000
     20.50000    160.50000      0.00000
     20.75000    160.50000      0.00000
     21.00000    160.50000      0.00000
     21.25000    160.50000      0.00000
     21.50000    160.50000      0.00000
     21.75000    160.50000      0.00000
     22.00000    160.50000      0.00000
     22.25000    160.50000      0.00000
     22.50000    160.50000      0.00000
     22.75000    160.50000      0.00000
     23.00000    160.50000      0.00000
     23.25000    160.50000      0.00000
     23.50000    160.50000      0.00000
     23.75000    160.50000      0.00071
     24.00000    160.50000      0.00231
     24.25000    160.50000      0.00312
     24.50000    160.50000      0.00304
     24.75000    160.50000      0.00309
     15.00000    160.20000      0.00000
     15.25000    160.20000      0.00000
     15.50000    160.20000      0.00000
     15.75000    160.20000      0.00000
     16.00000    160.20000      0.00000
     16.25000    160.20000      0.00000
     16.50000    160.20000      0.00000
     16.75000    160.20000      0.00000
     17.00000    160.20000      0.00001
     19.00000    160.20000      0.00122
     19.25000    160.20000      0.00128
     19.50000    160.20000      0.00043
     19.75000    160.20000      0.00000
     20.00000    160.20000      0.00000
     20.25000    160.20000      0.00000
     20.50000    160.20000      0.00000
     20.75000    160.20000      0.00000
     21.00000    160.20000      0.00000
     21.25000    160.20000      0.00000
     21.50000    160.20000      0.00000
     21.75000    160.20000      0.00000
     22.00000    160.20000      0.00000
     22.25000    160.20000      0.00000
     22.50000    160.20000      0.00000
     22.75000    160.20000      0.00000
     23.00000    160.20000      0.00000
     23.25000    160.20000      0.00000
     23.50000    160.20000      0.00000
     23.75000    160.20000      0.00153
     24.00000    160.20000      0.00350
     24.25000    160.20000      0.00432
     24.50000    160.20000      0.00360
     24.75000    160.20000      0.00314
     25.00000    160.20000      0.00327
     15.00000    160.00000      0.00000
     15.25000    160.00000      0.00000
     15.50000    160.00000      0.00000
     15.75000    160.00000      0.00000
     16.00000    160.00000      0.00000
     16.25000    160.00000      0.00000
     16.50000    160.00000      0.00000
     16.75000    160.00000      0.00000
     17.00000    160.00000      0.00000
     17.25000    160.00000      0.00066
     17.50000    160.00000      0.00187
     17.75000    160.00000      0.00086
     18.00000    160.00000      0.00037
     18.25000    160.00000      0.00019
     18.50000    160.00000      0.00033
     18.75000    160.00000      0.00049
     19.00000    160.00000      0.00081
     19.25000    160.00000      0.00135
     19.50000    160.00000      0.00111
     19.75000    160.00000      0.00041
     20.00000    160.00000      0.00002
     20.25000    160.00000      0.00000
     20.50000    160.00000      0.00000
     20.75000    160.00000      0.00000
     21.00000    160.00000      0.00000
     21.25000    160.00000      0.00000
     21.50000    160.00000      0.00000
     21.75000    160.00000      0.00000
     22.00000    160.00000      0.00000
     22.25000    160.00000      0.00000
     22.50000    160.00000      0.00000
     22.75000    160.00000      0.00000
     23.00000    160.00000      0.00000
     23.25000    160.00000      0.00000
     23.50000    160.00000      0.00001
     23.75000    160.00000      0.00255
     24.00000    160.00000      0.00466
     24.25000    160.00000      0.00531
     24.50000    160.00000      0.00381
     24.75000    160.00000      0.00310
     25.00000    160.00000      0.00312
     25.25000    160.00000      0.00386
     15.00000    159.80000      0.00000
     15.25000    159.80000      0.00000
     15.50000    159.80000      0.00000
     15.75000    159.80000      0.00000
     16.00000    159.80000      0.00000
     16.25000    159.80000      0.00000
     16.50000    159.80000      0.00000
     16.75000    159.80000      0.00000
     17.00000    159.80000      0.00000
     17.25000    159.80000      0.00074
     17.50000    159.80000      0.00087
     17.75000    159.80000      0.00027
     18.00000    159.80000      0.00007
     18.25000    159.80000      0.00004
     18.50000    159.80000      0.00014
     18.75000    159.80000      0.00022
     19.00000    159.80000      0.00054
     19.25000    159.80000      0.00090
     19.50000    159.80000      0.00153
     19.75000    159.80000      0.00112
     20.00000    159.80000      0.00056
     20.25000    159.80000      0.00019
     20.50000    159.80000      0.00000
     20.75000    159.80000      0.00000
     21.00000    159.80000      0.00000
     21.25000    159.80000      0.00000
     21.50000    159.80000      0.00000
     21.75000    159.80000      0.00000
     22.00000    159.80000      0.00000
     22.25000    159.80000      0.00000
     22.50000    159.80000      0.00000
     22.75000    159.80000      0.00000
     23.00000    159.80000      0.00000
     23.25000    159.80000      0.00000
     23.50000    159.80000      0.00020
     23.75000    159.80000      0.00346
     24.00000    159.80000      0.00574
     15.00000    159.50000      0.00000
     15.25000    159.50000      0.00000
     15.50000    159.50000      0.00000
     15.75000    159.50000      0.00000
     16.00000    159.50000      0.00000
     16.25000    159.50000      0.00000
     16.50000    159.50000      0.00000
     16.75000    159.50000      0.00000
     17.00000    159.50000      0.00000
     17.25000    159.50000      0.00002
     17.50000    159.50000      0.00000
     17.75000    159.50000      0.00000
     18.00000    159.50000      0.00000
     18.25000    159.50000      0.00000
     18.50000    159.50000      0.00000
     18.75000    159.50000      0.00006
     19.00000    159.50000      0.00030
     19.25000    159.50000      0.00060
     19.50000    159.50000      0.00103
     19.75000    159.50000      0.00151
     20.00000    159.50000      0.00153
     20.25000    159.50000      0.00109
     20.50000    159.50000      0.00054
     20.75000    159.50000      0.00013
     21.00000    159.50000      0.00000
     21.25000    159.50000      0.00000
     21.50000    159.50000      0.00000
     21.75000    159.50000      0.00000
     22.00000    159.50000      0.00000
     22.25000    159.50000      0.00000
     22.50000    159.50000      0.00000
     22.75000    159.50000      0.00000
     23.00000    159.50000      0.00000
     23.25000    159.50000      0.00000
     23.50000    159.50000      0.00064
     23.75000    159.50000      0.00409
     24.00000    159.50000      0.00570
     15.00000    159.20000      0.00000
     15.25000    159.20000      0.00000
     15.50000    159.20000      0.00000
     15.75000    159.20000      0.00000
     16.00000    159.20000      0.00000
     16.25000    159.20000      0.00000
     16.50000    159.20000      0.00000
     16.75000    159.20000      0.00000
     17.00000    159.20000      0.00000
     17.25000    159.20000      0.00000
     17.50000    159.20000      0.00000
     17.75000    159.20000      0.00000
     18.00000    159.20000      0.00000
     18.25000    159.20000      0.00000
     18.50000    159.20000      0.00000
     18.75000    159.20000      0.00000
     19.00000    159.20000      0.00011
     19.25000    159.20000      0.00027
     19.50000    159.20000      0.00050
     19.75000    159.20000      0.00077
     20.00000    159.20000      0.00103
     20.25000    159.20000      0.00105
     20.50000    159.20000      0.00103
     20.75000    159.20000      0.00100
     21.00000    159.20000      0.00054
     21.25000    159.20000      0.00023
     21.50000    159.20000      0.00007
     21.75000    159.20000      0.00000
     22.00000    159.20000      0.00000
     22.25000    159.20000      0.00000
     22.50000    159.20000      0.00000
     22.75000    159.20000      0.00000
     23.00000    159.20000      0.00000
     23.25000    159.20000      0.00000
     23.50000    159.20000      0.00122
     23.75000    159.20000      0.00486
     24.00000    159.20000      0.00527
     15.00000    159.00000      0.00000
     15.25000    159.00000      0.00000
     15.50000    159.00000      0.00000
     15.75000    159.00000      0.00000
     16.00000    159.00000      0.00000
     16.25000    159.00000      0.00000
     16.50000    159.00000      0.00000
     16.75000    159.00000      0.00000
     17.00000    159.00000      0.00000
     17.25000    159.00000      0.00000
     17.50000    159.00000      0.00000
     17.75000    159.00000      0.00000
     18.00000    159.00000      0.00000
     18.25000    159.00000      0.00000
     18.50000    159.00000      0.00000
     18.75000    159.00000      0.00000
     19.00000    159.00000      0.00001
     19.25000    159.00000      0.00008
     19.50000    159.00000      0.00013
     19.75000    159.00000      0.00025
     20.00000    159.00000      0.00027
     20.25000    159.00000      0.00029
     20.50000    159.00000      0.00026
     20.75000    159.00000      0.00017
     21.00000    159.00000      0.00010
     21.25000    159.00000      0.00013
     21.50000    159.00000      0.00024
     21.75000    159.00000      0.00014
     22.00000    159.00000      0.00000
     22.25000    159.00000      0.00000
     22.50000    159.00000      0.00000
     22.75000    159.00000      0.00000
     23.00000    159.00000      0.00000
     23.25000    159.00000      0.00000
     23.50000    159.00000      0.00159
     23.75000    159.00000      0.00544
     24.00000    159.00000      0.00469
     15.00000    158.80000      0.00000
     15.25000    158.80000      0.00000
     15.50000    158.80000      0.00000
     15.75000    158.80000      0.00000
     16.00000    158.80000      0.00000
     16.25000    158.80000      0.00000
     16.50000    158.80000      0.00000
     16.75000    158.80000      0.00000
     17.00000    158.80000      0.00000
     17.25000    158.80000      0.00000
     17.50000    158.80000      0.00000
     17.75000    158.80000      0.00000
     18.00000    158.80000      0.00000
     18.25000    158.80000      0.00000
     18.50000    158.80000      0.00000
     18.75000    158.80000      0.00000
     19.00000    158.80000      0.00000
     19.25000    158.80000      0.00000
     19.50000    158.80000      0.00000
     19.75000    158.80000      0.00000
     20.00000    158.80000      0.00000
     20.25000    158.80000      0.00000
     20.50000    158.80000      0.00000
     20.75000    158.80000      0.00000
     21.00000    158.80000      0.00000
     21.25000    158.80000      0.00000
     21.50000    158.80000      0.00000
     21.75000    158.80000      0.00000
     22.00000    158.80000      0.00000
     22.25000    158.80000      0.00000
     22.50000    158.80000      0.00000
     22.75000    158.80000      0.00000
     23.00000    158.80000      0.00000
     23.25000    158.80000      0.00000
     23.50000    158.80000      0.00168
     23.75000    158.80000      0.00555
     24.00000    158.80000      0.00411
     15.00000    158.50000      0.00000
     15.25000    158.50000      0.00000
     15.50000    158.50000      0.00000
     15.75000    158.50000      0.00000
     16.00000    158.50000      0.00000
     16.25000    158.50000      0.00000
     16.50000    158.50000      0.00000
     16.75000    158.50000      0.00000
     17.00000    158.50000      0.00000
     17.25000    158.50000      0.00000
     17.50000    158.50000      0.00000
     17.75000    158.50000      0.00000
     18.00000    158.50000      0.00000
     18.25000    158.50000      0.00000
     18.50000    158.50000      0.00000
     18.75000    158.50000      0.00000
     19.00000    158.50000      0.00000
     19.25000    158.50000      0.00000
     19.50000    158.50000      0.00000
     19.75000    158.50000      0.00000
     20.00000    158.50000      0.00000
     20.25000    158.50000      0.00000
     20.50000    158.50000      0.00000
     20.75000    158.50000      0.00000
     21.00000    158.50000      0.00000
     21.25000    158.50000      0.00000
     21.50000    158.50000      0.00000
     21.75000    158.50000      0.00000
     22.00000    158.50000      0.00000
     22.25000    158.50000      0.00000
     22.50000    158.50000      0.00000
     22.75000    158.50000      0.00000
     23.00000    158.50000      0.00000
     23.25000    158.50000      0.00000
     23.50000    158.50000      0.00172
     23.75000    158.50000      0.00546
     24.00000    158.50000      0.00364
     15.00000    158.20000      0.00000
     15.25000    158.20000      0.00000
     15.50000    158.20000      0.00000
     15.75000    158.20000      0.00000
     16.00000    158.20000      0.00000
     16.25000    158.20000      0.00000
     16.50000    158.20000      0.00000
     16.75000    158.20000      0.00000
     17.00000    158.20000      0.00000
     17.25000    158.20000      0.00000
     17.50000    158.20000      0.00000
     17.75000    158.20000      0.00000
     18.00000    158.20000      0.00000
     18.25000    158.20000      0.00000
     18.50000    158.20000      0.00000
     18.75000    158.20000      0.00000
     19.00000    158.20000      0.00000
     19.25000    158.20000      0.00000
     19.50000    158.20000      0.00000
     19.75000    158.20000      0.00000
     20.00000    158.20000      0.00000
     20.25000    158.20000      0.00000
     20.50000    158.20000      0.00000
     20.75000    158.20000      0.00000
     21.00000    158.20000      0.00000
     21.25000    158.20000      0.00000
     21.50000    158.20000      0.00000
     21.75000    158.20000      0.00000
     22.00000    158.20000      0.00000
     22.25000    158.20000      0.00000
     22.50000    158.20000      0.00000
     22.75000    158.20000      0.00000
     23.00000    158.20000      0.00000
     23.25000    158.20000      0.00000
     23.50000    158.20000      0.00176
     23.75000    158.20000      0.00537
     24.00000    158.20000      0.00318
     15.00000    158.00000      0.00000
     15.25000    158.00000      0.00000
     15.50000    158.00000      0.00000
     15.75000    158.00000      0.00000
     16.00000    158.00000      0.00000
     16.25000    158.00000      0.00000
     16.50000    158.00000      0.00000
     16.75000    158.00000      0.00000
     17.00000    158.00000      0.00000
     17.25000    158.00000      0.00000
     17.50000    158.00000      0.00000
     17.75000    158.00000      0.00000
     18.00000    158.00000      0.00000
     18.25000    158.00000      0.00000
     18.50000    158.00000      0.00000
     18.75000    158.00000      0.00000
     19.00000    158.00000      0.00000
     19.25000    158.00000      0.00000
     19.50000    158.00000      0.00000
     19.75000    158.00000      0.00000
     20.00000    158.00000      0.00000
     20.25000    158.00000      0.00000
     20.50000    158.00000      0.00000
     20.75000    158.00000      0.00000
     21.00000    158.00000      0.00000
     21.25000    158.00000      0.00000
     21.50000    158.00000      0.00000
     21.75000    158.00000      0.00000
     22.00000    158.00000      0.00000
     22.25000    158.00000      0.00000
     22.50000    158.00000      0.00000
     22.75000    158.00000      0.00000
     23.00000    158.00000      0.00000
     23.25000    158.00000      0.00000
     23.50000    158.00000      0.00206
     23.75000    158.00000      0.00545
     24.00000    158.00000      0.00488
     15.00000    157.80000      0.00000
     15.25000    157.80000      0.00000
     15.50000    157.80000      0.00000
     15.75000    157.80000      0.00000
     16.00000    157.80000      0.00000
     16.25000    157.80000      0.00000
     16.50000    157.80000      0.00000
     16.75000    157.80000      0.00000
     17.00000    157.80000      0.00000
     17.25000    157.80000      0.00000
     17.50000    157.80000      0.00000
     17.75000    157.80000      0.00000
     18.00000    157.80000      0.00000
     18.25000    157.80000      0.00000
     18.50000    157.80000      0.00000
     18.75000    157.80000      0.00000
     19.00000    157.80000      0.00000
     19.25000    157.80000      0.00000
     19.50000    157.80000      0.00000
     19.75000    157.80000      0.00000
     20.00000    157.80000      0.00000
     20.25000    157.80000      0.00000
     20.50000    157.80000      0.00000
     20.75000    157.80000      0.00000
     21.00000    157.80000      0.00000
     21.25000    157.80000      0.00000
     21.50000    157.80000      0.00000
     21.75000    157.80000      0.00000
     22.00000    157.80000      0.00000
     22.25000    157.80000      0.00000
     22.50000    157.80000      0.00000
     22.75000    157.80000      0.00000
     23.00000    157.80000      0.00000
     23.25000    157.80000      0.00000
     23.50000    157.80000      0.00031
     23.75000    157.80000      0.00587
     24.00000    157.80000      0.00731
     15.00000    157.50000      0.00000
     15.25000    157.50000      0.00000
     15.50000    157.50000      0.00000
     15.75000    157.50000      0.00000
     16.00000    157.50000      0.00000
     16.25000    157.50000      0.00000
     16.50000    157.50000      0.00000
     16.75000    157.50000      0.00000
     17.00000    157.50000      0.00000
     17.25000    157.50000      0.00000
     17.50000    157.50000      0.00000
     17.75000    157.50000      0.00000
     18.00000    157.50000      0.00000
     18.25000    157.50000      0.00000
     18.50000    157.50000      0.00000
     18.75000    157.50000      0.00000
     19.00000    157.50000      0.00000
     19.25000    157.50000      0.00000
     19.50000    157.50000      0.00000
     19.75000    157.50000      0.00000
     20.00000    157.50000      0.00000
     20.25000    157.50000      0.00000
     20.50000    157.50000      0.00000
     20.75000    157.50000      0.00000
     21.00000    157.50000      0.00000
     21.25000    157.50000      0.00000
     21.50000    157.50000      0.00000
     21.75000    157.50000      0.00000
     22.00000    157.50000      0.00000
     22.25000    157.50000      0.00000
     22.50000    157.50000      0.00000
     22.75000    157.50000      0.00000
     23.00000    157.50000      0.00000
     23.25000    157.50000      0.00000
     23.50000    157.50000      0.00000
     23.75000    157.50000      0.00144
     24.00000    157.50000      0.00400
     15.00000    157.20000      0.00000
     15.25000    157.20000      0.00000
     15.50000    157.20000      0.00000
     15.75000    157.20000      0.00000
     16.00000    157.20000      0.00000
     16.25000    157.20000      0.00000
     16.50000    157.20000      0.00000
     16.75000    157.20000      0.00000
     17.00000    157.20000      0.00000
     17.25000    157.20000      0.00000
     17.50000    157.20000      0.00000
     17.75000    157.20000      0.00000
     18.00000    157.20000      0.00000
     18.25000    157.20000      0.00000
     18.50000    157.20000      0.00000
     18.75000    157.20000      0.00000
     19.00000    157.20000      0.00000
     19.25000    157.20000      0.00000
     19.50000    157.20000      0.00000
     19.75000    157.20000      0.00000
     20.00000    157.20000      0.00000
     20.25000    157.20000      0.00000
     20.50000    157.20000      0.00000
     20.75000    157.20000      0.00000
     21.00000    157.20000      0.00000
     21.25000    157.20000      0.00000
     21.50000    157.20000      0.00000
     21.75000    157.20000      0.00000
     22.00000    157.20000      0.00000
     22.25000    157.20000      0.00000
     22.50000    157.20000      0.00000
     22.75000    157.20000      0.00000
     23.00000    157.20000      0.00000
     23.25000    157.20000      0.00000
     23.50000    157.20000      0.00000
     23.75000    157.20000      0.00000
     24.00000    157.20000      0.00000
     13.25000    157.00000      0.00000
     13.50000    157.00000      0.00000
     13.75000    157.00000      0.00000
     14.00000    157.00000      0.00000
     14.25000    157.00000      0.00000
     14.50000    157.00000      0.00000
     14.75000    157.00000      0.00000
     15.00000    157.00000      0.00000
     15.25000    157.00000      0.00000
     15.50000    157.00000      0.00000
     15.75000    157.00000      0.00005
     16.00000    157.00000      0.00001
     16.25000    157.00000      0.00000
     16.50000    157.00000      0.00000
     16.75000    157.00000      0.00000
     17.00000    157.00000      0.00000
     17.25000    157.00000      0.00000
     17.50000    157.00000      0.00000
     17.75000    157.00000      0.00000
     18.00000    157.00000      0.00000
     18.25000    157.00000      0.00000
     18.50000    157.00000      0.00000
     18.75000    157.00000      0.00000
     19.00000    157.00000      0.00000
     19.25000    157.00000      0.00000
     19.50000    157.00000      0.00000
     19.75000    157.00000      0.00000
     20.00000    157.00000      0.00000
     20.25000    157.00000      0.00000
     20.50000    157.00000      0.00000
     20.75000    157.00000      0.00000
     21.00000    157.00000      0.00000
     21.25000    157.00000      0.00000
     21.50000    157.00000      0.00000
     21.75000    157.00000      0.00000
     22.00000    157.00000      0.00000
     22.25000    157.00000      0.00000
     22.50000    157.00000      0.00000
     22.75000    157.00000      0.00000
     23.00000    157.00000      0.00000
     23.25000    157.00000      0.00000
     23.50000    157.00000      0.00000
     23.75000    157.00000      0.00000
     24.00000    157.00000      0.00000
     13.25000    156.80000      0.00000
     13.50000    156.80000      0.00000
     13.75000    156.80000      0.00000
     14.00000    156.80000      0.00000
     14.25000    156.80000      0.00000
     14.50000    156.80000      0.00000
     14.75000    156.80000      0.00000
     15.00000    156.80000      0.00000
     15.25000    156.80000      0.00000
     15.50000    156.80000      0.00010
     15.75000    156.80000      0.00031
     16.00000    156.80000      0.00021
     16.25000    156.80000      0.00000
     16.50000    156.80000      0.00000
     16.75000    156.80000      0.00000
     17.00000    156.80000      0.00000
     17.25000    156.80000      0.00000
     17.50000    156.80000      0.00000
     17.75000    156.80000      0.00000
     18.00000    156.80000      0.00000
     18.25000    156.80000      0.00000
     18.50000    156.80000      0.00000
     18.75000    156.80000      0.00000
     19.00000    156.80000      0.00000
     19.25000    156.80000      0.00000
     19.50000    156.80000      0.00000
     19.75000    156.80000      0.00000
     20.00000    156.80000      0.00000
     20.25000    156.80000      0.00000
     20.50000    156.80000      0.00000
     20.75000    156.80000      0.00000
     21.00000    156.80000      0.00000
     21.25000    156.80000      0.00000
     21.50000    156.80000      0.00000
     21.75000    156.80000      0.00000
     22.00000    156.80000      0.00000
     22.25000    156.80000      0.00000
     22.50000    156.80000      0.00000
     22.75000    156.80000      0.00000
     23.00000    156.80000      0.00000
     13.25000    156.50000      0.00000
     13.50000    156.50000      0.00000
     13.75000    156.50000      0.00000
     14.00000    156.50000      0.00000
     14.25000    156.50000      0.00000
     14.50000    156.50000      0.00000
     14.75000    156.50000      0.00000
     15.00000    156.50000      0.00006
     15.25000    156.50000      0.00026
     15.50000    156.50000      0.00046
     15.75000    156.50000      0.00061
     16.00000    156.50000      0.00044
     16.25000    156.50000      0.00009
     16.50000    156.50000      0.00000
     16.75000    156.50000      0.00000
     17.00000    156.50000      0.00000
     17.25000    156.50000      0.00000
     17.50000    156.50000      0.00000
     17.75000    156.50000      0.00000
     18.00000    156.50000      0.00000
     18.25000    156.50000      0.00000
     18.50000    156.50000      0.00000
     18.75000    156.50000      0.00000
     19.00000    156.50000      0.00000
     19.25000    156.50000      0.00000
     19.50000    156.50000      0.00000
     19.75000    156.50000      0.00000
     20.00000    156.50000      0.00000
     20.25000    156.50000      0.00000
     20.50000    156.50000      0.00000
     20.75000    156.50000      0.00000
     21.00000    156.50000      0.00000
     21.25000    156.50000      0.00000
     21.50000    156.50000      0.00000
     21.75000    156.50000      0.00000
     22.00000    156.50000      0.00000
     22.25000    156.50000      0.00000
     22.50000    156.50000      0.00000
     22.75000    156.50000      0.00000
     23.00000    156.50000      0.00000
     13.25000    156.20000      0.00000
     13.50000    156.20000      0.00000
     13.75000    156.20000      0.00000
     14.00000    156.20000      0.00000
     14.25000    156.20000      0.00000
     14.50000    156.20000      0.00000
     14.75000    156.20000      0.00007
     15.00000    156.20000      0.00035
     15.25000    156.20000      0.00024
     15.50000    156.20000      0.00025
     15.75000    156.20000      0.00019
     16.00000    156.20000      0.00011
     16.25000    156.20000      0.00003
     16.50000    156.20000      0.00000
     16.75000    156.20000      0.00000
     17.00000    156.20000      0.00000
     17.25000    156.20000      0.00000
     17.50000    156.20000      0.00000
     17.75000    156.20000      0.00000
     18.00000    156.20000      0.00000
     18.25000    156.20000      0.00000
     18.50000    156.20000      0.00000
     18.75000    156.20000      0.00000
     19.00000    156.20000      0.00000
     19.25000    156.20000      0.00000
     19.50000    156.20000      0.00000
     19.75000    156.20000      0.00000
     20.00000    156.20000      0.00000
     20.25000    156.20000      0.00000
     20.50000    156.20000      0.00000
     20.75000    156.20000      0.00000
     21.00000    156.20000      0.00000
     21.25000    156.20000      0.00000
     21.50000    156.20000      0.00000
     21.75000    156.20000      0.00000
     22.00000    156.20000      0.00000
     22.25000    156.20000      0.00000
     22.50000    156.20000      0.00000
     22.75000    156.20000      0.00000
     23.00000    156.20000      0.00000
     13.25000    156.00000      0.00000
     13.50000    156.00000      0.00000
     13.75000    156.00000      0.00000
     14.00000    156.00000      0.00000
     14.25000    156.00000      0.00000
     14.50000    156.00000      0.00000
     14.75000    156.00000      0.00015
     15.00000    156.00000      0.00008
     15.25000    156.00000      0.00003
     15.50000    156.00000      0.00003
     15.75000    156.00000      0.00005
     16.00000    156.00000      0.00005
     16.25000    156.00000      0.00000
     16.50000    156.00000      0.00000
     16.75000    156.00000      0.00000
     17.00000    156.00000      0.00000
     17.25000    156.00000      0.00000
     17.50000    156.00000      0.00000
     17.75000    156.00000      0.00000
     18.00000    156.00000      0.00000
     18.25000    156.00000      0.00000
     18.50000    156.00000      0.00000
     18.75000    156.00000      0.00000
     19.00000    156.00000      0.00000
     19.25000    156.00000      0.00000
     19.50000    156.00000      0.00000
     19.75000    156.00000      0.00000
     20.00000    156.00000      0.00000
     20.25000    156.00000      0.00000
     20.50000    156.00000      0.00000
     20.75000    156.00000      0.00000
     21.00000    156.00000      0.00000
     21.25000    156.00000      0.00000
     21.50000    156.00000      0.00000
     21.75000    156.00000      0.00000
     22.00000    156.00000      0.00000
     22.25000    156.00000      0.00000
     22.50000    156.00000      0.00000
     22.75000    156.00000      0.00000
     23.00000    156.00000      0.00000
     13.00000    155.80000      0.00000
     13.25000    155.80000      0.00000
     13.50000    155.80000      0.00000
     13.75000    155.80000      0.00000
     14.00000    155.80000      0.00000
     16.00000    155.80000      0.00021
     16.25000    155.80000      0.00017
     16.50000    155.80000      0.00000
     16.75000    155.80000      0.00000
     17.00000    155.80000      0.00000
     17.25000    155.80000      0.00000
     17.50000    155.80000      0.00000
     17.75000    155.80000      0.00000
     18.00000    155.80000      0.00000
     18.25000    155.80000      0.00000
     18.50000    155.80000      0.00000
     18.75000    155.80000      0.00000
     19.00000    155.80000      0.00000
     19.25000    155.80000      0.00000
     19.50000    155.80000      0.00000
     19.75000    155.80000      0.00000
     20.00000    155.80000      0.00000
     20.25000    155.80000      0.00000
     20.50000    155.80000      0.00000
     20.75000    155.80000      0.00000
     21.00000    155.80000      0.00000
     21.25000    155.80000      0.00000
     21.50000    155.80000      0.00000
     21.75000    155.80000      0.00000
     22.00000    155.80000      0.00000
     22.25000    155.80000      0.00000
     22.50000    155.80000      0.00000
     22.75000    155.80000      0.00000
     23.00000    155.80000      0.00000
     13.00000    155.50000      0.00000
     13.25000    155.50000      0.00000
     13.50000    155.50000      0.00000
     13.75000    155.50000      0.00000
     14.00000    155.50000      0.00000
     16.00000    155.50000      0.00064
     16.25000    155.50000      0.00009
     16.50000    155.50000      0.00000
     16.75000    155.50000      0.00000
     17.00000    155.50000      0.00000
     17.25000    155.50000      0.00000
     17.50000    155.50000      0.00000
     17.75000    155.50000      0.00000
     18.00000    155.50000      0.00000
     18.25000    155.50000      0.00000
     18.50000    155.50000      0.00000
     18.75000    155.50000      0.00000
     19.00000    155.50000      0.00000
     19.25000    155.50000      0.00000
     19.50000    155.50000      0.00000
     19.75000    155.50000      0.00000
     20.00000    155.50000      0.00000
     20.25000    155.50000      0.00000
     20.50000    155.50000      0.00000
     20.75000    155.50000      0.00000
     21.00000    155.50000      0.00000
     21.25000    155.50000      0.00000
     21.50000    155.50000      0.00000
     21.75000    155.50000      0.00000
     22.00000    155.50000      0.00000
     22.25000    155.50000      0.00000
     22.50000    155.50000      0.00000
     22.75000    155.50000      0.00000
     23.00000    155.50000      0.00000
     13.00000    155.20000      0.00000
     13.25000    155.20000      0.00000
     13.50000    155.20000      0.00000
     13.75000    155.20000      0.00000
     14.00000    155.20000      0.00000
     16.00000    155.20000      0.00046
     16.25000    155.20000      0.00000
     16.50000    155.20000      0.00000
     16.75000    155.20000      0.00000
     17.00000    155.20000      0.00000
     17.25000    155.20000      0.00000
     17.50000    155.20000      0.00000
     17.75000    155.20000      0.00000
     18.00000    155.20000      0.00000
     18.25000    155.20000      0.00000
     18.50000    155.20000      0.00000
     18.75000    155.20000      0.00000
     19.00000    155.20000      0.00000
     19.25000    155.20000      0.00000
     19.50000    155.20000      0.00000
     19.75000    155.20000      0.00000
     20.00000    155.20000      0.00000
     20.25000    155.20000      0.00000
     20.50000    155.20000      0.00000
     20.75000    155.20000      0.00000
     21.00000    155.20000      0.00000
     21.25000    155.20000      0.00000
     21.50000    155.20000      0.00000
     21.75000    155.20000      0.00000
     22.00000    155.20000      0.00000
     22.25000    155.20000      0.00000
     22.50000    155.20000      0.00000
     22.75000    155.20000      0.00000
     23.00000    155.20000      0.00000
     13.00000    155.00000      0.00000
     13.25000    155.00000      0.00000
     13.50000    155.00000      0.00000
     13.75000    155.00000      0.00000
     14.00000    155.00000      0.00000
     16.00000    155.00000      0.00041
     16.25000    155.00000      0.00000
     16.50000    155.00000      0.00000
     16.75000    155.00000      0.00000
     17.00000    155.00000      0.00000
     17.25000    155.00000      0.00000
     17.50000    155.00000      0.00000
     17.75000    155.00000      0.00000
     18.00000    155.00000      0.00000
     18.25000    155.00000      0.00000
     18.50000    155.00000      0.00000
     18.75000    155.00000      0.00000
     19.00000    155.00000      0.00000
     19.25000    155.00000      0.00000
     19.50000    155.00000      0.00000
     19.75000    155.00000      0.00000
     20.00000    155.00000      0.00000
     20.25000    155.00000      0.00000
     20.50000    155.00000      0.00000
     20.75000    155.00000      0.00000
     21.00000    155.00000      0.00000
     21.25000    155.00000      0.00000
     21.50000    155.00000      0.00000
     21.75000    155.00000      0.00000
     22.00000    155.00000      0.00000
     22.25000    155.00000      0.00000
     22.50000    155.00000      0.00000
     22.75000    155.00000      0.00000
     23.00000    155.00000      0.00000
     23.25000    155.00000      0.00000
     23.50000    155.00000      0.00000
     23.75000    155.00000      0.00000
     14.00000    154.80000      0.00000
     16.00000    154.80000      0.00039
     16.25000    154.80000      0.00001
     16.50000    154.80000      0.00000
     16.75000    154.80000      0.00000
     17.00000    154.80000      0.00000
     17.25000    154.80000      0.00000
     17.50000    154.80000      0.00000
     17.75000    154.80000      0.00000
     18.00000    154.80000      0.00000
     18.25000    154.80000      0.00000
     18.50000    154.80000      0.00000
     18.75000    154.80000      0.00000
     19.00000    154.80000      0.00000
     19.25000    154.80000      0.00000
     19.50000    154.80000      0.00000
     19.75000    154.80000      0.00000
     20.00000    154.80000      0.00000
     20.25000    154.80000      0.00000
     20.50000    154.80000      0.00000
     20.75000    154.80000      0.00000
     21.00000    154.80000      0.00000
     21.25000    154.80000      0.00000
     21.50000    154.80000      0.00000
     21.75000    154.80000      0.00000
     22.00000    154.80000      0.00000
     14.00000    154.50000      0.00000
     16.00000    154.50000      0.00056
     16.25000    154.50000      0.00026
     16.50000    154.50000      0.00000
     16.75000    154.50000      0.00000
     17.00000    154.50000      0.00000
     17.25000    154.50000      0.00000
     17.50000    154.50000      0.00000
     17.75000    154.50000      0.00000
     18.00000    154.50000      0.00000
     18.25000    154.50000      0.00000
     18.50000    154.50000      0.00000
     18.75000    154.50000      0.00000
     19.00000    154.50000      0.00000
     19.25000    154.50000      0.00000
     19.50000    154.50000      0.00000
     19.75000    154.50000      0.00000
     20.00000    154.50000      0.00000
     20.25000    154.50000      0.00000
     20.50000    154.50000      0.00000
     20.75000    154.50000      0.00000
     21.00000    154.50000      0.00000
     21.25000    154.50000      0.00000
     21.50000    154.50000      0.00000
     21.75000    154.50000      0.00000
     22.00000    154.50000      0.00000
     14.00000    154.20000      0.00000
     16.00000    154.20000      0.00000
     16.25000    154.20000      0.00000
     16.50000    154.20000      0.00000
     16.75000    154.20000      0.00000
     17.00000    154.20000      0.00000
     17.25000    154.20000      0.00000
     17.50000    154.20000      0.00000
     17.75000    154.20000      0.00000
     18.00000    154.20000      0.00000
     18.25000    154.20000      0.00000
     18.50000    154.20000      0.00000
     18.75000    154.20000      0.00000
     19.00000    154.20000      0.00000
     19.25000    154.20000      0.00000
     19.50000    154.20000      0.00000
     19.75000    154.20000      0.00000
     20.00000    154.20000      0.00000
     20.25000    154.20000      0.00000
     20.50000    154.20000      0.00000
     20.75000    154.20000      0.00000
     21.00000    154.20000      0.00000
     21.25000    154.20000      0.00000
     21.50000    154.20000      0.00000
     21.75000    154.20000      0.00000
     22.00000    154.20000      0.00000
     14.00000    154.00000      0.00000
     14.25000    154.00000      0.00000
     14.50000    154.00000      0.00000
     14.75000    154.00000      0.00000
     15.00000    154.00000      0.00000
     15.25000    154.00000      0.00000
     15.50000    154.00000      0.00000
     15.75000    154.00000      0.00000
     16.00000    154.00000      0.00000
     16.25000    154.00000      0.00000
     16.50000    154.00000      0.00000
     16.75000    154.00000      0.00000
     17.00000    154.00000      0.00000
     17.25000    154.00000      0.00000
     17.50000    154.00000      0.00000
     17.75000    154.00000      0.00000
     18.00000    154.00000      0.00000
     18.25000    154.00000      0.00000
     18.50000    154.00000      0.00000
     18.75000    154.00000      0.00000
     19.00000    154.00000      0.00000
     19.25000    154.00000      0.00000
     19.50000    154.00000      0.00000
     19.75000    154.00000      0.00000
     20.00000    154.00000      0.00000
     20.25000    154.00000      0.00000
     20.50000    154.00000      0.00000
     20.75000    154.00000      0.00000
     21.00000    154.00000      0.00000
     21.25000    154.00000      0.00000
     21.50000    154.00000      0.00000
     21.75000    154.00000      0.00000
     22.00000    154.00000      0.00000
     14.00000    153.80000      0.00000
     14.25000    153.80000      0.00000
     14.50000    153.80000      0.00000
     14.75000    153.80000      0.00000
     15.00000    153.80000      0.00000
     15.25000    153.80000      0.00000
     15.50000    153.80000      0.00000
     15.75000    153.80000      0.00000
     16.00000    153.80000      0.00000
     16.25000    153.80000      0.00000
     16.50000    153.80000      0.00000
     16.75000    153.80000      0.00000
     17.00000    153.80000      0.00000
     17.25000    153.80000      0.00000
     17.50000    153.80000      0.00000
     17.75000    153.80000      0.00000
     18.00000    153.80000      0.00000
     18.25000    153.80000      0.00000
     18.50000    153.80000      0.00000
     18.75000    153.80000      0.00000
     19.00000    153.80000      0.00000
     19.25000    153.80000      0.00000
     19.50000    153.80000      0.00000
     19.75000    153.80000      0.00000
     20.00000    153.80000      0.00000
     20.25000    153.80000      0.00000
     20.50000    153.80000      0.00000
     20.75000    153.80000      0.00000
     21.00000    153.80000      0.00000
     21.25000    153.80000      0.00000
     21.50000    153.80000      0.00000
     21.75000    153.80000      0.00000
     22.00000    153.80000      0.00000
     14.00000    153.50000      0.00000
     14.25000    153.50000      0.00000
     14.50000    153.50000      0.00000
     14.75000    153.50000      0.00000
     15.00000    153.50000      0.00000
     15.25000    153.50000      0.00000
     15.50000    153.50000      0.00000
     15.75000    153.50000      0.00000
     16.00000    153.50000      0.00000
     16.25000    153.50000      0.00000
     16.50000    153.50000      0.00000
     16.75000    153.50000      0.00000
     17.00000    153.50000      0.00000
     17.25000    153.50000      0.00000
     17.50000    153.50000      0.00000
     17.75000    153.50000      0.00000
     18.00000    153.50000      0.00000
     18.25000    153.50000      0.00000
     18.50000    153.50000      0.00000
     18.75000    153.50000      0.00000
     19.00000    153.50000      0.00000
     19.25000    153.50000      0.00000
     19.50000    153.50000      0.00000
     19.75000    153.50000      0.00000
     20.00000    153.50000      0.00000
     20.25000    153.50000      0.00000
     20.50000    153.50000      0.00000
     20.75000    153.50000      0.00000
     21.00000    153.50000      0.00000
     21.25000    153.50000      0.00000
     21.50000    153.50000      0.00000
     21.75000    153.50000      0.00000
     22.00000    153.50000      0.00000
     14.00000    153.20000      0.00000
     14.25000    153.20000      0.00000
     14.50000    153.20000      0.00000
     14.75000    153.20000      0.00000
     15.00000    153.20000      0.00000
     15.25000    153.20000      0.00000
     15.50000    153.20000      0.00000
     15.75000    153.20000      0.00000
     16.00000    153.20000      0.00000
     16.25000    153.20000      0.00000
     16.50000    153.20000      0.00000
     16.75000    153.20000      0.00000
     17.00000    153.20000      0.00000
     17.25000    153.20000      0.00000
     17.50000    153.20000      0.00000
     17.75000    153.20000      0.00000
     18.00000    153.20000      0.00000
     18.25000    153.20000      0.00000
     18.50000    153.20000      0.00000
     18.75000    153.20000      0.00000
     19.00000    153.20000      0.00000
     19.25000    153.20000      0.00000
     19.50000    153.20000      0.00000
     19.75000    153.20000      0.00000
     20.00000    153.20000      0.00000
     20.25000    153.20000      0.00000
     20.50000    153.20000      0.00000
     20.75000    153.20000      0.00000
     21.00000    153.20000      0.00000
     21.25000    153.20000      0.00000
     21.50000    153.20000      0.00000
     21.75000    153.20000      0.00000
     22.00000    153.20000      0.00000
     14.25000    153.00000      0.00000
     14.50000    153.00000      0.00000
     14.75000    153.00000      0.00000
     15.00000    153.00000      0.00000
     15.25000    153.00000      0.00000
     15.50000    153.00000      0.00000
     15.75000    153.00000      0.00000
     16.00000    153.00000      0.00000
     16.25000    153.00000      0.00000
     16.50000    153.00000      0.00000
     16.75000    153.00000      0.00000
     17.00000    153.00000      0.00000
     17.25000    153.00000      0.00000
     17.50000    153.00000      0.00000
     17.75000    153.00000      0.00000
     18.00000    153.00000      0.00000
     18.25000    153.00000      0.00000
     18.50000    153.00000      0.00000
     18.75000    153.00000      0.00000
     19.00000    153.00000      0.00000
     19.25000    153.00000      0.00000
     19.50000    153.00000      0.00000
     19.75000    153.00000      0.00000
     20.00000    153.00000      0.00000
     20.25000    153.00000      0.00000
     20.50000    153.00000      0.00000
     20.75000    153.00000      0.00000
     21.00000    153.00000      0.00000
     21.25000    153.00000      0.00000
     21.50000    153.00000      0.00000
     21.75000    153.00000      0.00000
     22.00000    153.00000      0.00000
     15.00000    152.80000      0.00000
     15.25000    152.80000      0.00000
     15.50000    152.80000      0.00000
     15.75000    152.80000      0.00000
     16.00000    152.80000      0.00000
     16.25000    152.80000      0.00000
     16.50000    152.80000      0.00000
     16.75000    152.80000      0.00000
     17.00000    152.80000      0.00000
     17.25000    152.80000      0.00000
     17.50000    152.80000      0.00000
     17.75000    152.80000      0.00000
     18.00000    152.80000      0.00000
     18.25000    152.80000      0.00000
     18.50000    152.80000      0.00000
     18.75000    152.80000      0.00000
     19.00000    152.80000      0.00000
     19.25000    152.80000      0.00000
     19.50000    152.80000      0.00000
     19.75000    152.80000      0.00000
     20.00000    152.80000      0.00000
     20.25000    152.80000      0.00000
     20.50000    152.80000      0.00000
     20.75000    152.80000      0.00000
     21.00000    152.80000      0.00000
     21.25000    152.80000      0.00000
     21.50000    152.80000      0.00000
     21.75000    152.80000      0.00000
     22.00000    152.80000      0.00000
     15.00000    152.50000      0.00000
     15.25000    152.50000      0.00000
     15.50000    152.50000      0.00006
     15.75000    152.50000      0.00006
     16.00000    152.50000      0.00001
     16.25000    152.50000      0.00000
     16.50000    152.50000      0.00000
     16.75000    152.50000      0.00000
     17.00000    152.50000      0.00000
     17.25000    152.50000      0.00000
     17.50000    152.50000      0.00000
     17.75000    152.50000      0.00000
     18.00000    152.50000      0.00000
     18.25000    152.50000      0.00000
     18.50000    152.50000      0.00000
     18.75000    152.50000      0.00000
     19.00000    152.50000      0.00000
     19.25000    152.50000      0.00000
     19.50000    152.50000      0.00000
     19.75000    152.50000      0.00000
     20.00000    152.50000      0.00000
     20.25000    152.50000      0.00000
     20.50000    152.50000      0.00000
     20.75000    152.50000      0.00000
     21.00000    152.50000      0.00000
     21.25000    152.50000      0.00000
     21.50000    152.50000      0.00000
     21.75000    152.50000      0.00000
     22.00000    152.50000      0.00000
     15.00000    152.20000      0.00000
     15.25000    152.20000      0.00000
     15.50000    152.20000      0.00006
     15.75000    152.20000      0.00031
     16.00000    152.20000      0.00023
     16.25000    152.20000      0.00018
     16.50000    152.20000      0.00009
     16.75000    152.20000      0.00007
     17.00000    152.20000      0.00000
     17.25000    152.20000      0.00000
     17.50000    152.20000      0.00000
     17.75000    152.20000      0.00000
     18.00000    152.20000      0.00000
     18.25000    152.20000      0.00000
     18.50000    152.20000      0.00000
     18.75000    152.20000      0.00000
     19.00000    152.20000      0.00000
     19.25000    152.20000      0.00000
     19.50000    152.20000      0.00000
     19.75000    152.20000      0.00000
     20.00000    152.20000      0.00000
     20.25000    152.20000      0.00000
     20.50000    152.20000      0.00000
     20.75000    152.20000      0.00000
     21.00000    152.20000      0.00000
     21.25000    152.20000      0.00000
     21.50000    152.20000      0.00000
     21.75000    152.20000      0.00000
     22.00000    152.20000      0.00000
     15.00000    152.00000      0.00000
     15.25000    152.00000      0.00000
     15.50000    152.00000      0.00000
     15.75000    152.00000      0.00018
     16.00000    152.00000      0.00052
     16.25000    152.00000      0.00049
     16.50000    152.00000      0.00043
     16.75000    152.00000      0.00037
     17.00000    152.00000      0.00015
     17.25000    152.00000      0.00000
     17.50000    152.00000      0.00000
     17.75000    152.00000      0.00000
     18.00000    152.00000      0.00000
     18.25000    152.00000      0.00000
     18.50000    152.00000      0.00000
     18.75000    152.00000      0.00000
     19.00000    152.00000      0.00000
     19.25000    152.00000      0.00000
     19.50000    152.00000      0.00000
     19.75000    152.00000      0.00000
     20.00000    152.00000      0.00000
     20.25000    152.00000      0.00000
     20.50000    152.00000      0.00000
     20.75000    152.00000      0.00000
     21.00000    152.00000      0.00000
     21.25000    152.00000      0.00000
     21.50000    152.00000      0.00000
     21.75000    152.00000      0.00000
     15.00000    151.80000      0.00000
     15.25000    151.80000      0.00000
     15.50000    151.80000      0.00000
     15.75000    151.80000      0.00000
     16.00000    151.80000      0.00015
     16.25000    151.80000      0.00040
     16.50000    151.80000      0.00059
     16.75000    151.80000      0.00045
     17.00000    151.80000      0.00020
     17.25000    151.80000      0.00000
     17.50000    151.80000      0.00000
     17.75000    151.80000      0.00000
     18.00000    151.80000      0.00000
     18.25000    151.80000      0.00000
     18.50000    151.80000      0.00000
     18.75000    151.80000      0.00000
     19.00000    151.80000      0.00000
     19.25000    151.80000      0.00000
     19.50000    151.80000      0.00000
     19.75000    151.80000      0.00000
     20.00000    151.80000      0.00000
     20.25000    151.80000      0.00000
     20.50000    151.80000      0.00000
     20.75000    151.80000      0.00000
     21.00000    151.80000      0.00000
     21.25000    151.80000      0.00000
     21.50000    151.80000      0.00000
     21.75000    151.80000      0.00000
     15.25000    151.50000      0.00000
     15.50000    151.50000      0.00000
     15.75000    151.50000      0.00000
     16.00000    151.50000      0.00000
     16.25000    151.50000      0.00009
     16.50000    151.50000      0.00048
     16.75000    151.50000      0.00024
     17.00000    151.50000      0.00003
     17.25000    151.50000      0.00000
     17.50000    151.50000      0.00000
     17.75000    151.50000      0.00000
     18.00000    151.50000      0.00000
     18.25000    151.50000      0.00000
     18.50000    151.50000      0.00000
     18.75000    151.50000      0.00000
     19.00000    151.50000      0.00000
     19.25000    151.50000      0.00000
     19.50000    151.50000      0.00000
     19.75000    151.50000      0.00000
     20.00000    151.50000      0.00000
     20.25000    151.50000      0.00000
     20.50000    151.50000      0.00000
     20.75000    151.50000      0.00000
     21.00000    151.50000      0.00000
     21.25000    151.50000      0.00000
     21.50000    151.50000      0.00000
     21.75000    151.50000      0.00000
     15.50000    151.20000      0.00000
     15.75000    151.20000      0.00000
     16.00000    151.20000      0.00000
     16.25000    151.20000      0.00000
     16.50000    151.20000      0.00030
     16.75000    151.20000      0.00008
     17.00000    151.20000      0.00000
     17.25000    151.20000      0.00000
     17.50000    151.20000      0.00000
     17.75000    151.20000      0.00000
     18.00000    151.20000      0.00000
     18.25000    151.20000      0.00000
     18.50000    151.20000      0.00000
     18.75000    151.20000      0.00000
     19.00000    151.20000      0.00000
     19.25000    151.20000      0.00000
     19.50000    151.20000      0.00000
     19.75000    151.20000      0.00000
     20.00000    151.20000      0.00000
     20.25000    151.20000      0.00000
     20.50000    151.20000      0.00000
     20.75000    151.20000      0.00000
     21.00000    151.20000      0.00000
     21.25000    151.20000      0.00000
     21.50000    151.20000      0.00000
     21.75000    151.20000      0.00000
     16.00000    151.00000      0.00000
     16.25000    151.00000      0.00000
     16.50000    151.00000      0.00010
     16.75000    151.00000      0.00000
     17.00000    151.00000      0.00000
     17.25000    151.00000      0.00000
     17.50000    151.00000      0.00000
     17.75000    151.00000      0.00000
     18.00000    151.00000      0.00000
     18.25000    151.00000      0.00000
     18.50000    151.00000      0.00000
     18.75000    151.00000      0.00000
     19.00000    151.00000      0.00000
     19.25000    151.00000      0.00000
     19.50000    151.00000      0.00000
     19.75000    151.00000      0.00000
     20.00000    151.00000      0.00000
     20.25000    151.00000      0.00000
     20.50000    151.00000      0.00000
     20.75000    151.00000      0.00000
     21.00000    151.00000      0.00000
     21.25000    151.00000      0.00000
     15.75000    150.80000      0.00000
     16.00000    150.80000      0.00000
     18.00000    150.80000      0.00000
     18.25000    150.80000      0.00000
     18.50000    150.80000      0.00000
     18.75000    150.80000      0.00000
     19.00000    150.80000      0.00000
     19.25000    150.80000      0.00000
     19.50000    150.80000      0.00000
     19.75000    150.80000      0.00000
     20.00000    150.80000      0.00000
     15.75000    150.50000      0.00000
     16.00000    150.50000      0.00000
     18.00000    150.50000      0.00000
     18.25000    150.50000      0.00000
     18.50000    150.50000      0.00000
     18.75000    150.50000      0.00000
     19.00000    150.50000      0.00000
     19.25000    150.50000      0.00000
     19.50000    150.50000      0.00000
     19.75000    150.50000      0.00000
     20.00000    150.50000      0.00000
     15.75000    150.20000      0.00003
     16.00000    150.20000      0.00000
     18.00000    150.20000      0.00000
     18.25000    150.20000      0.00000
     18.50000    150.20000      0.00000
     18.75000    150.20000      0.00000
     19.00000    150.20000      0.00000
     19.25000    150.20000      0.00000
     19.50000    150.20000      0.00000
     19.75000    150.20000      0.00000
     20.00000    150.20000      0.00000
     15.75000    150.00000      0.00002
     16.00000    150.00000      0.00000
     18.00000    150.00000      0.00000
     18.25000    150.00000      0.00000
     18.50000    150.00000      0.00000
     18.75000    150.00000      0.00000
     19.00000    150.00000      0.00000
     19.25000    150.00000      0.00000
     19.50000    150.00000      0.00000
     19.75000    150.00000      0.00000
     20.00000    150.00000      0.00000
     18.00000    149.80000      0.00000
     18.25000    149.80000      0.00000
     18.50000    149.80000      0.00000
     18.75000    149.80000      0.00000
     19.00000    149.80000      0.00000
     18.00000    149.50000      0.00000
     18.25000    149.50000      0.00000
     18.50000    149.50000      0.00000
     18.75000    149.50000      0.00000
     19.00000    149.50000      0.00000
     18.00000    149.20000      0.00000
     18.25000    149.20000      0.00000
     18.50000    149.20000      0.00000
     18.75000    149.20000      0.00000
     19.00000    149.20000      0.00000
