     21.25000    164.00000      0.00000
     21.50000    164.00000      0.00000
     21.75000    164.00000      0.00000
     22.00000    164.00000      0.00000
     22.25000    164.00000      0.00000
     22.50000    164.00000      0.00000
     22.75000    164.00000      0.00000
     23.00000    164.00000      0.00000
     23.25000    164.00000      0.00000
     23.50000    164.00000      0.00000
     20.75000    163.80000      0.00000
     21.00000    163.80000      0.00000
     21.25000    163.80000      0.00000
     21.50000    163.80000      0.00000
     21.75000    163.80000      0.00000
     22.00000    163.80000      0.00000
     22.25000    163.80000      0.00000
     22.50000    163.80000      0.00000
     22.75000    163.80000      0.00000
     23.00000    163.80000      0.00000
     23.25000    163.80000      0.00000
     23.50000    163.80000      0.00000
     23.75000    163.80000      0.00000
     24.00000    163.80000      0.00000
     24.25000    163.80000      0.00000
     20.50000    163.50000      0.00000
     20.75000    163.50000      0.00000
     21.00000    163.50000      0.00000
     21.25000    163.50000      0.00000
     21.50000    163.50000      0.00000
     21.75000    163.50000      0.00000
     22.00000    163.50000      0.00000
     22.25000    163.50000      0.00000
     22.50000    163.50000      0.00000
     22.75000    163.50000      0.00000
     23.00000    163.50000      0.00000
     23.25000    163.50000      0.00000
     23.50000    163.50000      0.00000
     23.75000    163.50000      0.00000
     24.00000    163.50000      0.00000
     24.25000    163.50000      0.00000
     20.25000    163.20000      0.00000
     20.50000    163.20000      0.00000
     20.75000    163.20000      0.00000
     21.00000    163.20000      0.00000
     21.25000    163.20000      0.00000
     21.50000    163.20000      0.00000
     21.75000    163.20000      0.00000
     22.00000    163.20000      0.00000
     22.25000    163.20000      0.00000
     22.50000    163.20000      0.00000
     22.75000    163.20000      0.00000
     23.00000    163.20000      0.00000
     23.25000    163.20000      0.00000
     23.50000    163.20000      0.00000
     23.75000    163.20000      0.00000
     24.00000    163.20000      0.00000
     24.25000    163.20000      0.00000
     19.75000    163.00000      0.00000
     20.00000    163.00000      0.00000
     20.25000    163.00000      0.00000
     20.50000    163.00000      0.00000
     20.75000    163.00000      0.00000
     21.00000    163.00000      0.00000
     21.25000    163.00000      0.00000
     21.50000    163.00000      0.00000
     21.75000    163.00000      0.00000
     22.00000    163.00000      0.00000
     22.25000    163.00000      0.00000
     22.50000    163.00000      0.00000
     22.75000    163.00000      0.00000
     23.00000    163.00000      0.00000
     23.25000    163.00000      0.00000
     23.50000    163.00000      0.00000
     23.75000    163.00000      0.00000
     24.00000    163.00000      0.00000
     24.25000    163.00000      0.00000
     19.50000    162.80000      0.00000
     19.75000    162.80000      0.00000
     20.00000    162.80000      0.00000
     20.25000    162.80000      0.00000
     20.50000    162.80000      0.00000
     20.75000    162.80000      0.00000
     21.00000    162.80000      0.00000
     21.25000    162.80000      0.00000
     21.50000    162.80000      0.00000
     21.75000    162.80000      0.00000
     22.00000    162.80000      0.00000
     22.25000    162.80000      0.00000
     22.50000    162.80000      0.00000
     22.75000    162.80000      0.00000
     23.00000    162.80000      0.00000
     23.25000    162.80000      0.00000
     23.50000    162.80000      0.00000
     23.75000    162.80000      0.00000
     24.00000    162.80000      0.00000
     24.25000    162.80000      0.00000
     19.25000    162.50000      0.00000
     19.50000    162.50000      0.00000
     19.75000    162.50000      0.00000
     20.00000    162.50000      0.00000
     20.25000    162.50000      0.00000
     20.50000    162.50000      0.00000
     20.75000    162.50000      0.00000
     21.00000    162.50000      0.00000
     21.25000    162.50000      0.00000
     21.50000    162.50000      0.00000
     21.75000    162.50000      0.00000
     22.00000    162.50000      0.00000
     22.25000    162.50000      0.00000
     22.50000    162.50000      0.00000
     22.75000    162.50000      0.00000
     23.00000    162.50000      0.00000
     23.25000    162.50000      0.00000
     23.50000    162.50000      0.00000
     23.75000    162.50000      0.00000
     24.00000    162.50000      0.00000
     24.25000    162.50000      0.00000
     24.50000    162.50000      0.00000
     19.00000    162.20000      0.00000
     19.25000    162.20000      0.00000
     19.50000    162.20000      0.00000
     19.75000    162.20000      0.00000
     20.00000    162.20000      0.00000
     20.25000    162.20000      0.00000
     20.50000    162.20000      0.00000
     20.75000    162.20000      0.00000
     21.00000    162.20000      0.00000
     21.25000    162.20000      0.00000
     21.50000    162.20000      0.00000
     21.75000    162.20000      0.00000
     22.00000    162.20000      0.00000
     22.25000    162.20000      0.00000
     22.50000    162.20000      0.00000
     22.75000    162.20000      0.00000
     23.00000    162.20000      0.00000
     23.25000    162.20000      0.00000
     23.50000    162.20000      0.00000
     23.75000    162.20000      0.00000
     24.00000    162.20000      0.00000
     24.25000    162.20000      0.00000
     24.50000    162.20000      0.00000
     19.00000    162.00000      0.00000
     19.25000    162.00000      0.00000
     19.50000    162.00000      0.00000
     19.75000    162.00000      0.00000
     20.00000    162.00000      0.00000
     20.25000    162.00000      0.00000
     20.50000    162.00000      0.00000
     20.75000    162.00000      0.00000
     21.00000    162.00000      0.00000
     21.25000    162.00000      0.00000
     21.50000    162.00000      0.00000
     21.75000    162.00000      0.00000
     22.00000    162.00000      0.00000
     22.25000    162.00000      0.00000
     22.50000    162.00000      0.00000
     22.75000    162.00000      0.00000
     23.00000    162.00000      0.00000
     23.25000    162.00000      0.00000
     23.50000    162.00000      0.00000
     23.75000    162.00000      0.00000
     24.00000    162.00000      0.00000
     24.25000    162.00000      0.00000
     24.50000    162.00000      0.00000
     19.00000    161.80000      0.00000
     19.25000    161.80000      0.00000
     19.50000    161.80000      0.00000
     19.75000    161.80000      0.00000
     20.00000    161.80000      0.00000
     20.25000    161.80000      0.00000
     20.50000    161.80000      0.00000
     20.75000    161.80000      0.00000
     21.00000    161.80000      0.00000
     21.25000    161.80000      0.00000
     21.50000    161.80000      0.00000
     21.75000    161.80000      0.00000
     22.00000    161.80000      0.00000
     22.25000    161.80000      0.00000
     22.50000    161.80000      0.00000
     22.75000    161.80000      0.00000
     23.00000    161.80000      0.00000
     23.25000    161.80000      0.00000
     23.50000    161.80000      0.00000
     23.75000    161.80000      0.00000
     24.00000    161.80000      0.00000
     24.25000    161.80000      0.00000
     24.50000    161.80000      0.00000
     19.00000    161.50000      0.00000
     19.25000    161.50000      0.00000
     19.50000    161.50000      0.00000
     19.75000    161.50000      0.00000
     20.00000    161.50000      0.00000
     20.25000    161.50000      0.00000
     20.50000    161.50000      0.00000
     20.75000    161.50000      0.00000
     21.00000    161.50000      0.00000
     21.25000    161.50000      0.00000
     21.50000    161.50000      0.00000
     21.75000    161.50000      0.00000
     22.00000    161.50000      0.00000
     22.25000    161.50000      0.00000
     22.50000    161.50000      0.00000
     22.75000    161.50000      0.00000
     23.00000    161.50000      0.00000
     23.25000    161.50000      0.00000
     23.50000    161.50000      0.00000
     23.75000    161.50000      0.00000
     24.00000    161.50000      0.00000
     24.25000    161.50000      0.00000
     24.50000    161.50000      0.00000
     15.50000    161.20000      0.00000
     15.75000    161.20000      0.00000
     16.00000    161.20000      0.00000
     19.00000    161.20000      0.00000
     19.25000    161.20000      0.00000
     19.50000    161.20000      0.00000
     19.75000    161.20000      0.00000
     20.00000    161.20000      0.00000
     20.25000    161.20000      0.00000
     20.50000    161.20000      0.00000
     20.75000    161.20000      0.00000
     21.00000    161.20000      0.00000
     21.25000    161.20000      0.00000
     21.50000    161.20000      0.00000
     21.75000    161.20000      0.00000
     22.00000    161.20000      0.00000
     22.25000    161.20000      0.00000
     22.50000    161.20000      0.00000
     22.75000    161.20000      0.00000
     23.00000    161.20000      0.00000
     23.25000    161.20000      0.00000
     23.50000    161.20000      0.00000
     23.75000    161.20000      0.00000
     24.00000    161.20000      0.00059
     24.25000    161.20000      0.00077
     24.50000    161.20000      0.00106
     24.75000    161.20000      0.00125
     15.25000    161.00000      0.00000
     15.50000    161.00000      0.00000
     15.75000    161.00000      0.00000
     16.00000    161.00000      0.00000
     16.25000    161.00000      0.00000
     16.50000    161.00000      0.00000
     16.75000    161.00000      0.00000
     17.00000    161.00000      0.00062
     19.00000    161.00000      0.00000
     19.25000    161.00000      0.00000
     19.50000    161.00000      0.00000
     19.75000    161.00000      0.00000
     20.00000    161.00000      0.00000
     20.25000    161.00000      0.00000
     20.50000    161.00000      0.00000
     20.75000    161.00000      0.00000
     21.00000    161.00000      0.00000
     21.25000    161.00000      0.00000
     21.50000    161.00000      0.00000
     21.75000    161.00000      0.00000
     22.00000    161.00000      0.00000
     22.25000    161.00000      0.00000
     22.50000    161.00000      0.00000
     22.75000    161.00000      0.00000
     23.00000    161.00000      0.00000
     23.25000    161.00000      0.00000
     23.50000    161.00000      0.00000
     23.75000    161.00000      0.00001
     24.00000    161.00000      0.00088
     24.25000    161.00000      0.00199
     24.50000    161.00000      0.00249
     24.75000    161.00000      0.00301
     15.00000    160.80000      0.00000
     15.25000    160.80000      0.00000
     15.50000    160.80000      0.00000
     15.75000    160.80000      0.00000
     16.00000    160.80000      0.00000
     16.25000    160.80000      0.00000
     16.50000    160.80000      0.00000
     16.75000    160.80000      0.00000
     17.00000    160.80000      0.00034
     19.00000    160.80000      0.00029
     19.25000    160.80000      0.00000
     19.50000    160.80000      0.00000
     19.75000    160.80000      0.00000
     20.00000    160.80000      0.00000
     20.25000    160.80000      0.00000
     20.50000    160.80000      0.00000
     20.75000    160.80000      0.00000
     21.00000    160.80000      0.00000
     21.25000    160.80000      0.00000
     21.50000    160.80000      0.00000
     21.75000    160.80000      0.00000
     22.00000    160.80000      0.00000
     22.25000    160.80000      0.00000
     22.50000    160.80000      0.00000
     22.75000    160.80000      0.00000
     23.00000    160.80000      0.00000
     23.25000    160.80000      0.00000
     23.50000    160.80000      0.00000
     23.75000    160.80000      0.00020
     24.00000    160.80000      0.00147
     24.25000    160.80000      0.00257
     24.50000    160.80000      0.00288
     24.75000    160.80000      0.00319
     15.00000    160.50000      0.00000
     15.25000    160.50000      0.00000
     15.50000    160.50000      0.00000
     15.75000    160.50000      0.00000
     16.00000    160.50000      0.00000
     16.25000    160.50000      0.00000
     16.50000    160.50000      0.00000
     16.75000    160.50000      0.00000
     17.00000    160.50000      0.00014
     19.00000    160.50000      0.00124
     19.25000    160.50000      0.00042
     19.50000    160.50000      0.00000
     19.75000    160.50000      0.00000
     20.00000    160.50000      0.00000
     20.25000    160.50000      0.00000
     20.50000    160.50000      0.00000
     20.75000    160.50000      0.00000
     21.00000    160.50000      0.00000
     21.25000    160.50000      0.00000
     21.50000    160.50000      0.00000
     21.75000    160.50000      0.00000
     22.00000    160.50000      0.00000
     22.25000    160.50000      0.00000
     22.50000    160.50000      0.00000
     22.75000    160.50000      0.00000
     23.00000    160.50000      0.00000
     23.25000    160.50000      0.00000
     23.50000    160.50000      0.00000
     23.75000    160.50000      0.00079
     24.00000    160.50000      0.00254
     24.25000    160.50000      0.00342
     24.50000    160.50000      0.00334
     24.75000    160.50000      0.00339
     15.00000    160.20000      0.00000
     15.25000    160.20000      0.00000
     15.50000    160.20000      0.00000
     15.75000    160.20000      0.00000
     16.00000    160.20000      0.00000
     16.25000    160.20000      0.00000
     16.50000    160.20000      0.00000
     16.75000    160.20000      0.00000
     17.00000    160.20000      0.00002
     19.00000    160.20000      0.00135
     19.25000    160.20000      0.00142
     19.50000    160.20000      0.00048
     19.75000    160.20000      0.00000
     20.00000    160.20000      0.00000
     20.25000    160.20000      0.00000
     20.50000    160.20000      0.00000
     20.75000    160.20000      0.00000
     21.00000    160.20000      0.00000
     21.25000    160.20000      0.00000
     21.50000    160.20000      0.00000
     21.75000    160.20000      0.00000
     22.00000    160.20000      0.00000
     22.25000    160.20000      0.00000
     22.50000    160.20000      0.00000
     22.75000    160.20000      0.00000
     23.00000    160.20000      0.00000
     23.25000    160.20000      0.00000
     23.50000    160.20000      0.00000
     23.75000    160.20000      0.00169
     24.00000    160.20000      0.00384
     24.25000    160.20000      0.00472
     24.50000    160.20000      0.00394
     24.75000    160.20000      0.00345
     25.00000    160.20000      0.00358
     15.00000    160.00000      0.00000
     15.25000    160.00000      0.00000
     15.50000    160.00000      0.00000
     15.75000    160.00000      0.00000
     16.00000    160.00000      0.00000
     16.25000    160.00000      0.00000
     16.50000    160.00000      0.00000
     16.75000    160.00000      0.00000
     17.00000    160.00000      0.00001
     17.25000    160.00000      0.00074
     17.50000    160.00000      0.00206
     17.75000    160.00000      0.00096
     18.00000    160.00000      0.00042
     18.25000    160.00000      0.00022
     18.50000    160.00000      0.00037
     18.75000    160.00000      0.00055
     19.00000    160.00000      0.00090
     19.25000    160.00000      0.00149
     19.50000    160.00000      0.00123
     19.75000    160.00000      0.00046
     20.00000    160.00000      0.00002
     20.25000    160.00000      0.00000
     20.50000    160.00000      0.00000
     20.75000    160.00000      0.00000
     21.00000    160.00000      0.00000
     21.25000    160.00000      0.00000
     21.50000    160.00000      0.00000
     21.75000    160.00000      0.00000
     22.00000    160.00000      0.00000
     22.25000    160.00000      0.00000
     22.50000    160.00000      0.00000
     22.75000    160.00000      0.00000
     23.00000    160.00000      0.00000
     23.25000    160.00000      0.00000
     23.50000    160.00000      0.00001
     23.75000    160.00000      0.00280
     24.00000    160.00000      0.00509
     24.25000    160.00000      0.00579
     24.50000    160.00000      0.00417
     24.75000    160.00000      0.00340
     25.00000    160.00000      0.00342
     25.25000    160.00000      0.00423
     15.00000    159.80000      0.00000
     15.25000    159.80000      0.00000
     15.50000    159.80000      0.00000
     15.75000    159.80000      0.00000
     16.00000    159.80000      0.00000
     16.25000    159.80000      0.00000
     16.50000    159.80000      0.00000
     16.75000    159.80000      0.00000
     17.00000    159.80000      0.00001
     17.25000    159.80000      0.00082
     17.50000    159.80000      0.00097
     17.75000    159.80000      0.00030
     18.00000    159.80000      0.00008
     18.25000    159.80000      0.00004
     18.50000    159.80000      0.00016
     18.75000    159.80000      0.00025
     19.00000    159.80000      0.00060
     19.25000    159.80000      0.00101
     19.50000    159.80000      0.00169
     19.75000    159.80000      0.00125
     20.00000    159.80000      0.00063
     20.25000    159.80000      0.00022
     20.50000    159.80000      0.00000
     20.75000    159.80000      0.00000
     21.00000    159.80000      0.00000
     21.25000    159.80000      0.00000
     21.50000    159.80000      0.00000
     21.75000    159.80000      0.00000
     22.00000    159.80000      0.00000
     22.25000    159.80000      0.00000
     22.50000    159.80000      0.00000
     22.75000    159.80000      0.00000
     23.00000    159.80000      0.00000
     23.25000    159.80000      0.00000
     23.50000    159.80000      0.00023
     23.75000    159.80000      0.00379
     24.00000    159.80000      0.00626
     15.00000    159.50000      0.00000
     15.25000    159.50000      0.00000
     15.50000    159.50000      0.00000
     15.75000    159.50000      0.00000
     16.00000    159.50000      0.00000
     16.25000    159.50000      0.00000
     16.50000    159.50000      0.00000
     16.75000    159.50000      0.00000
     17.00000    159.50000      0.00000
     17.25000    159.50000      0.00002
     17.50000    159.50000      0.00000
     17.75000    159.50000      0.00000
     18.00000    159.50000      0.00000
     18.25000    159.50000      0.00000
     18.50000    159.50000      0.00000
     18.75000    159.50000      0.00008
     19.00000    159.50000      0.00034
     19.25000    159.50000      0.00067
     19.50000    159.50000      0.00114
     19.75000    159.50000      0.00167
     20.00000    159.50000      0.00170
     20.25000    159.50000      0.00121
     20.50000    159.50000      0.00060
     20.75000    159.50000      0.00015
     21.00000    159.50000      0.00000
     21.25000    159.50000      0.00000
     21.50000    159.50000      0.00000
     21.75000    159.50000      0.00000
     22.00000    159.50000      0.00000
     22.25000    159.50000      0.00000
     22.50000    159.50000      0.00000
     22.75000    159.50000      0.00000
     23.00000    159.50000      0.00000
     23.25000    159.50000      0.00000
     23.50000    159.50000      0.00072
     23.75000    159.50000      0.00447
     24.00000    159.50000      0.00621
     15.00000    159.20000      0.00000
     15.25000    159.20000      0.00000
     15.50000    159.20000      0.00000
     15.75000    159.20000      0.00000
     16.00000    159.20000      0.00000
     16.25000    159.20000      0.00000
     16.50000    159.20000      0.00000
     16.75000    159.20000      0.00000
     17.00000    159.20000      0.00000
     17.25000    159.20000      0.00000
     17.50000    159.20000      0.00000
     17.75000    159.20000      0.00000
     18.00000    159.20000      0.00000
     18.25000    159.20000      0.00000
     18.50000    159.20000      0.00000
     18.75000    159.20000      0.00000
     19.00000    159.20000      0.00013
     19.25000    159.20000      0.00031
     19.50000    159.20000      0.00056
     19.75000    159.20000      0.00086
     20.00000    159.20000      0.00115
     20.25000    159.20000      0.00117
     20.50000    159.20000      0.00115
     20.75000    159.20000      0.00111
     21.00000    159.20000      0.00060
     21.25000    159.20000      0.00026
     21.50000    159.20000      0.00008
     21.75000    159.20000      0.00000
     22.00000    159.20000      0.00000
     22.25000    159.20000      0.00000
     22.50000    159.20000      0.00000
     22.75000    159.20000      0.00000
     23.00000    159.20000      0.00000
     23.25000    159.20000      0.00000
     23.50000    159.20000      0.00135
     23.75000    159.20000      0.00531
     24.00000    159.20000      0.00574
     15.00000    159.00000      0.00000
     15.25000    159.00000      0.00000
     15.50000    159.00000      0.00000
     15.75000    159.00000      0.00000
     16.00000    159.00000      0.00000
     16.25000    159.00000      0.00000
     16.50000    159.00000      0.00000
     16.75000    159.00000      0.00000
     17.00000    159.00000      0.00000
     17.25000    159.00000      0.00000
     17.50000    159.00000      0.00000
     17.75000    159.00000      0.00000
     18.00000    159.00000      0.00000
     18.25000    159.00000      0.00000
     18.50000    159.00000      0.00000
     18.75000    159.00000      0.00000
     19.00000    159.00000      0.00001
     19.25000    159.00000      0.00010
     19.50000    159.00000      0.00015
     19.75000    159.00000      0.00029
     20.00000    159.00000      0.00030
     20.25000    159.00000      0.00033
     20.50000    159.00000      0.00029
     20.75000    159.00000      0.00019
     21.00000    159.00000      0.00011
     21.25000    159.00000      0.00015
     21.50000    159.00000      0.00027
     21.75000    159.00000      0.00016
     22.00000    159.00000      0.00000
     22.25000    159.00000      0.00000
     22.50000    159.00000      0.00000
     22.75000    159.00000      0.00000
     23.00000    159.00000      0.00000
     23.25000    159.00000      0.00000
     23.50000    159.00000      0.00176
     23.75000    159.00000      0.00593
     24.00000    159.00000      0.00512
     15.00000    158.80000      0.00000
     15.25000    158.80000      0.00000
     15.50000    158.80000      0.00000
     15.75000    158.80000      0.00000
     16.00000    158.80000      0.00000
     16.25000    158.80000      0.00000
     16.50000    158.80000      0.00000
     16.75000    158.80000      0.00000
     17.00000    158.80000      0.00000
     17.25000    158.80000      0.00000
     17.50000    158.80000      0.00000
     17.75000    158.80000      0.00000
     18.00000    158.80000      0.00000
     18.25000    158.80000      0.00000
     18.50000    158.80000      0.00000
     18.75000    158.80000      0.00000
     19.00000    158.80000      0.00000
     19.25000    158.80000      0.00000
     19.50000    158.80000      0.00000
     19.75000    158.80000      0.00000
     20.00000    158.80000      0.00000
     20.25000    158.80000      0.00000
     20.50000    158.80000      0.00000
     20.75000    158.80000      0.00000
     21.00000    158.80000      0.00000
     21.25000    158.80000      0.00000
     21.50000    158.80000      0.00000
     21.75000    158.80000      0.00000
     22.00000    158.80000      0.00000
     22.25000    158.80000      0.00000
     22.50000    158.80000      0.00000
     22.75000    158.80000      0.00000
     23.00000    158.80000      0.00000
     23.25000    158.80000      0.00000
     23.50000    158.80000      0.00186
     23.75000    158.80000      0.00605
     24.00000    158.80000      0.00449
     15.00000    158.50000      0.00000
     15.25000    158.50000      0.00000
     15.50000    158.50000      0.00000
     15.75000    158.50000      0.00000
     16.00000    158.50000      0.00000
     16.25000    158.50000      0.00000
     16.50000    158.50000      0.00000
     16.75000    158.50000      0.00000
     17.00000    158.50000      0.00000
     17.25000    158.50000      0.00000
     17.50000    158.50000      0.00000
     17.75000    158.50000      0.00000
     18.00000    158.50000      0.00000
     18.25000    158.50000      0.00000
     18.50000    158.50000      0.00000
     18.75000    158.50000      0.00000
     19.00000    158.50000      0.00000
     19.25000    158.50000      0.00000
     19.50000    158.50000      0.00000
     19.75000    158.50000      0.00000
     20.00000    158.50000      0.00000
     20.25000    158.50000      0.00000
     20.50000    158.50000      0.00000
     20.75000    158.50000      0.00000
     21.00000    158.50000      0.00000
     21.25000    158.50000      0.00000
     21.50000    158.50000      0.00000
     21.75000    158.50000      0.00000
     22.00000    158.50000      0.00000
     22.25000    158.50000      0.00000
     22.50000    158.50000      0.00000
     22.75000    158.50000      0.00000
     23.00000    158.50000      0.00000
     23.25000    158.50000      0.00000
     23.50000    158.50000      0.00190
     23.75000    158.50000      0.00595
     24.00000    158.50000      0.00399
     15.00000    158.20000      0.00000
     15.25000    158.20000      0.00000
     15.50000    158.20000      0.00000
     15.75000    158.20000      0.00000
     16.00000    158.20000      0.00000
     16.25000    158.20000      0.00000
     16.50000    158.20000      0.00000
     16.75000    158.20000      0.00000
     17.00000    158.20000      0.00000
     17.25000    158.20000      0.00000
     17.50000    158.20000      0.00000
     17.75000    158.20000      0.00000
     18.00000    158.20000      0.00000
     18.25000    158.20000      0.00000
     18.50000    158.20000      0.00000
     18.75000    158.20000      0.00000
     19.00000    158.20000      0.00000
     19.25000    158.20000      0.00000
     19.50000    158.20000      0.00000
     19.75000    158.20000      0.00000
     20.00000    158.20000      0.00000
     20.25000    158.20000      0.00000
     20.50000    158.20000      0.00000
     20.75000    158.20000      0.00000
     21.00000    158.20000      0.00000
     21.25000    158.20000      0.00000
     21.50000    158.20000      0.00000
     21.75000    158.20000      0.00000
     22.00000    158.20000      0.00000
     22.25000    158.20000      0.00000
     22.50000    158.20000      0.00000
     22.75000    158.20000      0.00000
     23.00000    158.20000      0.00000
     23.25000    158.20000      0.00000
     23.50000    158.20000      0.00194
     23.75000    158.20000      0.00585
     24.00000    158.20000      0.00349
     15.00000    158.00000      0.00000
     15.25000    158.00000      0.00000
     15.50000    158.00000      0.00000
     15.75000    158.00000      0.00000
     16.00000    158.00000      0.00000
     16.25000    158.00000      0.00000
     16.50000    158.00000      0.00000
     16.75000    158.00000      0.00000
     17.00000    158.00000      0.00000
     17.25000    158.00000      0.00000
     17.50000    158.00000      0.00000
     17.75000    158.00000      0.00000
     18.00000    158.00000      0.00000
     18.25000    158.00000      0.00000
     18.50000    158.00000      0.00000
     18.75000    158.00000      0.00000
     19.00000    158.00000      0.00000
     19.25000    158.00000      0.00000
     19.50000    158.00000      0.00000
     19.75000    158.00000      0.00000
     20.00000    158.00000      0.00000
     20.25000    158.00000      0.00000
     20.50000    158.00000      0.00000
     20.75000    158.00000      0.00000
     21.00000    158.00000      0.00000
     21.25000    158.00000      0.00000
     21.50000    158.00000      0.00000
     21.75000    158.00000      0.00000
     22.00000    158.00000      0.00000
     22.25000    158.00000      0.00000
     22.50000    158.00000      0.00000
     22.75000    158.00000      0.00000
     23.00000    158.00000      0.00000
     23.25000    158.00000      0.00000
     23.50000    158.00000      0.00227
     23.75000    158.00000      0.00594
     24.00000    158.00000      0.00533
     15.00000    157.80000      0.00000
     15.25000    157.80000      0.00000
     15.50000    157.80000      0.00000
     15.75000    157.80000      0.00000
     16.00000    157.80000      0.00000
     16.25000    157.80000      0.00000
     16.50000    157.80000      0.00000
     16.75000    157.80000      0.00000
     17.00000    157.80000      0.00000
     17.25000    157.80000      0.00000
     17.50000    157.80000      0.00000
     17.75000    157.80000      0.00000
     18.00000    157.80000      0.00000
     18.25000    157.80000      0.00000
     18.50000    157.80000      0.00000
     18.75000    157.80000      0.00000
     19.00000    157.80000      0.00000
     19.25000    157.80000      0.00000
     19.50000    157.80000      0.00000
     19.75000    157.80000      0.00000
     20.00000    157.80000      0.00000
     20.25000    157.80000      0.00000
     20.50000    157.80000      0.00000
     20.75000    157.80000      0.00000
     21.00000    157.80000      0.00000
     21.25000    157.80000      0.00000
     21.50000    157.80000      0.00000
     21.75000    157.80000      0.00000
     22.00000    157.80000      0.00000
     22.25000    157.80000      0.00000
     22.50000    157.80000      0.00000
     22.75000    157.80000      0.00000
     23.00000    157.80000      0.00000
     23.25000    157.80000      0.00000
     23.50000    157.80000      0.00035
     23.75000    157.80000      0.00639
     24.00000    157.80000      0.00794
     15.00000    157.50000      0.00000
     15.25000    157.50000      0.00000
     15.50000    157.50000      0.00000
     15.75000    157.50000      0.00000
     16.00000    157.50000      0.00000
     16.25000    157.50000      0.00000
     16.50000    157.50000      0.00000
     16.75000    157.50000      0.00000
     17.00000    157.50000      0.00000
     17.25000    157.50000      0.00000
     17.50000    157.50000      0.00000
     17.75000    157.50000      0.00000
     18.00000    157.50000      0.00000
     18.25000    157.50000      0.00000
     18.50000    157.50000      0.00000
     18.75000    157.50000      0.00000
     19.00000    157.50000      0.00000
     19.25000    157.50000      0.00000
     19.50000    157.50000      0.00000
     19.75000    157.50000      0.00000
     20.00000    157.50000      0.00000
     20.25000    157.50000      0.00000
     20.50000    157.50000      0.00000
     20.75000    157.50000      0.00000
     21.00000    157.50000      0.00000
     21.25000    157.50000      0.00000
     21.50000    157.50000      0.00000
     21.75000    157.50000      0.00000
     22.00000    157.50000      0.00000
     22.25000    157.50000      0.00000
     22.50000    157.50000      0.00000
     22.75000    157.50000      0.00000
     23.00000    157.50000      0.00000
     23.25000    157.50000      0.00000
     23.50000    157.50000      0.00000
     23.75000    157.50000      0.00160
     24.00000    157.50000      0.00437
     15.00000    157.20000      0.00000
     15.25000    157.20000      0.00000
     15.50000    157.20000      0.00000
     15.75000    157.20000      0.00000
     16.00000    157.20000      0.00000
     16.25000    157.20000      0.00000
     16.50000    157.20000      0.00000
     16.75000    157.20000      0.00000
     17.00000    157.20000      0.00000
     17.25000    157.20000      0.00000
     17.50000    157.20000      0.00000
     17.75000    157.20000      0.00000
     18.00000    157.20000      0.00000
     18.25000    157.20000      0.00000
     18.50000    157.20000      0.00000
     18.75000    157.20000      0.00000
     19.00000    157.20000      0.00000
     19.25000    157.20000      0.00000
     19.50000    157.20000      0.00000
     19.75000    157.20000      0.00000
     20.00000    157.20000      0.00000
     20.25000    157.20000      0.00000
     20.50000    157.20000      0.00000
     20.75000    157.20000      0.00000
     21.00000    157.20000      0.00000
     21.25000    157.20000      0.00000
     21.50000    157.20000      0.00000
     21.75000    157.20000      0.00000
     22.00000    157.20000      0.00000
     22.25000    157.20000      0.00000
     22.50000    157.20000      0.00000
     22.75000    157.20000      0.00000
     23.00000    157.20000      0.00000
     23.25000    157.20000      0.00000
     23.50000    157.20000      0.00000
     23.75000    157.20000      0.00000
     24.00000    157.20000      0.00000
     13.25000    157.00000      0.00000
     13.50000    157.00000      0.00000
     13.75000    157.00000      0.00000
     14.00000    157.00000      0.00000
     14.25000    157.00000      0.00000
     14.50000    157.00000      0.00000
     14.75000    157.00000      0.00000
     15.00000    157.00000      0.00000
     15.25000    157.00000      0.00000
     15.50000    157.00000      0.00000
     15.75000    157.00000      0.00006
     16.00000    157.00000      0.00001
     16.25000    157.00000      0.00000
     16.50000    157.00000      0.00000
     16.75000    157.00000      0.00000
     17.00000    157.00000      0.00000
     17.25000    157.00000      0.00000
     17.50000    157.00000      0.00000
     17.75000    157.00000      0.00000
     18.00000    157.00000      0.00000
     18.25000    157.00000      0.00000
     18.50000    157.00000      0.00000
     18.75000    157.00000      0.00000
     19.00000    157.00000      0.00000
     19.25000    157.00000      0.00000
     19.50000    157.00000      0.00000
     19.75000    157.00000      0.00000
     20.00000    157.00000      0.00000
     20.25000    157.00000      0.00000
     20.50000    157.00000      0.00000
     20.75000    157.00000      0.00000
     21.00000    157.00000      0.00000
     21.25000    157.00000      0.00000
     21.50000    157.00000      0.00000
     21.75000    157.00000      0.00000
     22.00000    157.00000      0.00000
     22.25000    157.00000      0.00000
     22.50000    157.00000      0.00000
     22.75000    157.00000      0.00000
     23.00000    157.00000      0.00000
     23.25000    157.00000      0.00000
     23.50000    157.00000      0.00000
     23.75000    157.00000      0.00000
     24.00000    157.00000      0.00000
     13.25000    156.80000      0.00000
     13.50000    156.80000      0.00000
     13.75000    156.80000      0.00000
     14.00000    156.80000      0.00000
     14.25000    156.80000      0.00000
     14.50000    156.80000      0.00000
     14.75000    156.80000      0.00000
     15.00000    156.80000      0.00000
     15.25000    156.80000      0.00000
     15.50000    156.80000      0.00012
     15.75000    156.80000      0.00035
     16.00000    156.80000      0.00024
     16.25000    156.80000      0.00000
     16.50000    156.80000      0.00000
     16.75000    156.80000      0.00000
     17.00000    156.80000      0.00000
     17.25000    156.80000      0.00000
     17.50000    156.80000      0.00000
     17.75000    156.80000      0.00000
     18.00000    156.80000      0.00000
     18.25000    156.80000      0.00000
     18.50000    156.80000      0.00000
     18.75000    156.80000      0.00000
     19.00000    156.80000      0.00000
     19.25000    156.80000      0.00000
     19.50000    156.80000      0.00000
     19.75000    156.80000      0.00000
     20.00000    156.80000      0.00000
     20.25000    156.80000      0.00000
     20.50000    156.80000      0.00000
     20.75000    156.80000      0.00000
     21.00000    156.80000      0.00000
     21.25000    156.80000      0.00000
     21.50000    156.80000      0.00000
     21.75000    156.80000      0.00000
     22.00000    156.80000      0.00000
     22.25000    156.80000      0.00000
     22.50000    156.80000      0.00000
     22.75000    156.80000      0.00000
     23.00000    156.80000      0.00000
     13.25000    156.50000      0.00000
     13.50000    156.50000      0.00000
     13.75000    156.50000      0.00000
     14.00000    156.50000      0.00000
     14.25000    156.50000      0.00000
     14.50000    156.50000      0.00000
     14.75000    156.50000      0.00000
     15.00000    156.50000      0.00006
     15.25000    156.50000      0.00029
     15.50000    156.50000      0.00051
     15.75000    156.50000      0.00068
     16.00000    156.50000      0.00050
     16.25000    156.50000      0.00010
     16.50000    156.50000      0.00000
     16.75000    156.50000      0.00000
     17.00000    156.50000      0.00000
     17.25000    156.50000      0.00000
     17.50000    156.50000      0.00000
     17.75000    156.50000      0.00000
     18.00000    156.50000      0.00000
     18.25000    156.50000      0.00000
     18.50000    156.50000      0.00000
     18.75000    156.50000      0.00000
     19.00000    156.50000      0.00000
     19.25000    156.50000      0.00000
     19.50000    156.50000      0.00000
     19.75000    156.50000      0.00000
     20.00000    156.50000      0.00000
     20.25000    156.50000      0.00000
     20.50000    156.50000      0.00000
     20.75000    156.50000      0.00000
     21.00000    156.50000      0.00000
     21.25000    156.50000      0.00000
     21.50000    156.50000      0.00000
     21.75000    156.50000      0.00000
     22.00000    156.50000      0.00000
     22.25000    156.50000      0.00000
     22.50000    156.50000      0.00000
     22.75000    156.50000      0.00000
     23.00000    156.50000      0.00000
     13.25000    156.20000      0.00000
     13.50000    156.20000      0.00000
     13.75000    156.20000      0.00000
     14.00000    156.20000      0.00000
     14.25000    156.20000      0.00000
     14.50000    156.20000      0.00000
     14.75000    156.20000      0.00008
     15.00000    156.20000      0.00040
     15.25000    156.20000      0.00028
     15.50000    156.20000      0.00028
     15.75000    156.20000      0.00022
     16.00000    156.20000      0.00013
     16.25000    156.20000      0.00003
     16.50000    156.20000      0.00000
     16.75000    156.20000      0.00000
     17.00000    156.20000      0.00000
     17.25000    156.20000      0.00000
     17.50000    156.20000      0.00000
     17.75000    156.20000      0.00000
     18.00000    156.20000      0.00000
     18.25000    156.20000      0.00000
     18.50000    156.20000      0.00000
     18.75000    156.20000      0.00000
     19.00000    156.20000      0.00000
     19.25000    156.20000      0.00000
     19.50000    156.20000      0.00000
     19.75000    156.20000      0.00000
     20.00000    156.20000      0.00000
     20.25000    156.20000      0.00000
     20.50000    156.20000      0.00000
     20.75000    156.20000      0.00000
     21.00000    156.20000      0.00000
     21.25000    156.20000      0.00000
     21.50000    156.20000      0.00000
     21.75000    156.20000      0.00000
     22.00000    156.20000      0.00000
     22.25000    156.20000      0.00000
     22.50000    156.20000      0.00000
     22.75000    156.20000      0.00000
     23.00000    156.20000      0.00000
     13.25000    156.00000      0.00000
     13.50000    156.00000      0.00000
     13.75000    156.00000      0.00000
     14.00000    156.00000      0.00000
     14.25000    156.00000      0.00000
     14.50000    156.00000      0.00000
     14.75000    156.00000      0.00017
     15.00000    156.00000      0.00009
     15.25000    156.00000      0.00003
     15.50000    156.00000      0.00003
     15.75000    156.00000      0.00006
     16.00000    156.00000      0.00006
     16.25000    156.00000      0.00000
     16.50000    156.00000      0.00000
     16.75000    156.00000      0.00000
     17.00000    156.00000      0.00000
     17.25000    156.00000      0.00000
     17.50000    156.00000      0.00000
     17.75000    156.00000      0.00000
     18.00000    156.00000      0.00000
     18.25000    156.00000      0.00000
     18.50000    156.00000      0.00000
     18.75000    156.00000      0.00000
     19.00000    156.00000      0.00000
     19.25000    156.00000      0.00000
     19.50000    156.00000      0.00000
     19.75000    156.00000      0.00000
     20.00000    156.00000      0.00000
     20.25000    156.00000      0.00000
     20.50000    156.00000      0.00000
     20.75000    156.00000      0.00000
     21.00000    156.00000      0.00000
     21.25000    156.00000      0.00000
     21.50000    156.00000      0.00000
     21.75000    156.00000      0.00000
     22.00000    156.00000      0.00000
     22.25000    156.00000      0.00000
     22.50000    156.00000      0.00000
     22.75000    156.00000      0.00000
     23.00000    156.00000      0.00000
     13.00000    155.80000      0.00000
     13.25000    155.80000      0.00000
     13.50000    155.80000      0.00000
     13.75000    155.80000      0.00000
     14.00000    155.80000      0.00000
     16.00000    155.80000      0.00023
     16.25000    155.80000      0.00020
     16.50000    155.80000      0.00000
     16.75000    155.80000      0.00000
     17.00000    155.80000      0.00000
     17.25000    155.80000      0.00000
     17.50000    155.80000      0.00000
     17.75000    155.80000      0.00000
     18.00000    155.80000      0.00000
     18.25000    155.80000      0.00000
     18.50000    155.80000      0.00000
     18.75000    155.80000      0.00000
     19.00000    155.80000      0.00000
     19.25000    155.80000      0.00000
     19.50000    155.80000      0.00000
     19.75000    155.80000      0.00000
     20.00000    155.80000      0.00000
     20.25000    155.80000      0.00000
     20.50000    155.80000      0.00000
     20.75000    155.80000      0.00000
     21.00000    155.80000      0.00000
     21.25000    155.80000      0.00000
     21.50000    155.80000      0.00000
     21.75000    155.80000      0.00000
     22.00000    155.80000      0.00000
     22.25000    155.80000      0.00000
     22.50000    155.80000      0.00000
     22.75000    155.80000      0.00000
     23.00000    155.80000      0.00000
     13.00000    155.50000      0.00000
     13.25000    155.50000      0.00000
     13.50000    155.50000      0.00000
     13.75000    155.50000      0.00000
     14.00000    155.50000      0.00000
     16.00000    155.50000      0.00071
     16.25000    155.50000      0.00010
     16.50000    155.50000      0.00000
     16.75000    155.50000      0.00000
     17.00000    155.50000      0.00000
     17.25000    155.50000      0.00000
     17.50000    155.50000      0.00000
     17.75000    155.50000      0.00000
     18.00000    155.50000      0.00000
     18.25000    155.50000      0.00000
     18.50000    155.50000      0.00000
     18.75000    155.50000      0.00000
     19.00000    155.50000      0.00000
     19.25000    155.50000      0.00000
     19.50000    155.50000      0.00000
     19.75000    155.50000      0.00000
     20.00000    155.50000      0.00000
     20.25000    155.50000      0.00000
     20.50000    155.50000      0.00000
     20.75000    155.50000      0.00000
     21.00000    155.50000      0.00000
     21.25000    155.50000      0.00000
     21.50000    155.50000      0.00000
     21.75000    155.50000      0.00000
     22.00000    155.50000      0.00000
     22.25000    155.50000      0.00000
     22.50000    155.50000      0.00000
     22.75000    155.50000      0.00000
     23.00000    155.50000      0.00000
     13.00000    155.20000      0.00000
     13.25000    155.20000      0.00000
     13.50000    155.20000      0.00000
     13.75000    155.20000      0.00000
     14.00000    155.20000      0.00000
     16.00000    155.20000      0.00052
     16.25000    155.20000      0.00000
     16.50000    155.20000      0.00000
     16.75000    155.20000      0.00000
     17.00000    155.20000      0.00000
     17.25000    155.20000      0.00000
     17.50000    155.20000      0.00000
     17.75000    155.20000      0.00000
     18.00000    155.20000      0.00000
     18.25000    155.20000      0.00000
     18.50000    155.20000      0.00000
     18.75000    155.20000      0.00000
     19.00000    155.20000      0.00000
     19.25000    155.20000      0.00000
     19.50000    155.20000      0.00000
     19.75000    155.20000      0.00000
     20.00000    155.20000      0.00000
     20.25000    155.20000      0.00000
     20.50000    155.20000      0.00000
     20.75000    155.20000      0.00000
     21.00000    155.20000      0.00000
     21.25000    155.20000      0.00000
     21.50000    155.20000      0.00000
     21.75000    155.20000      0.00000
     22.00000    155.20000      0.00000
     22.25000    155.20000      0.00000
     22.50000    155.20000      0.00000
     22.75000    155.20000      0.00000
     23.00000    155.20000      0.00000
     13.00000    155.00000      0.00000
     13.25000    155.00000      0.00000
     13.50000    155.00000      0.00000
     13.75000    155.00000      0.00000
     14.00000    155.00000      0.00000
     16.00000    155.00000      0.00047
     16.25000    155.00000      0.00000
     16.50000    155.00000      0.00000
     16.75000    155.00000      0.00000
     17.00000    155.00000      0.00000
     17.25000    155.00000      0.00000
     17.50000    155.00000      0.00000
     17.75000    155.00000      0.00000
     18.00000    155.00000      0.00000
     18.25000    155.00000      0.00000
     18.50000    155.00000      0.00000
     18.75000    155.00000      0.00000
     19.00000    155.00000      0.00000
     19.25000    155.00000      0.00000
     19.50000    155.00000      0.00000
     19.75000    155.00000      0.00000
     20.00000    155.00000      0.00000
     20.25000    155.00000      0.00000
     20.50000    155.00000      0.00000
     20.75000    155.00000      0.00000
     21.00000    155.00000      0.00000
     21.25000    155.00000      0.00000
     21.50000    155.00000      0.00000
     21.75000    155.00000      0.00000
     22.00000    155.00000      0.00000
     22.25000    155.00000      0.00000
     22.50000    155.00000      0.00000
     22.75000    155.00000      0.00000
     23.00000    155.00000      0.00000
     23.25000    155.00000      0.00000
     23.50000    155.00000      0.00000
     23.75000    155.00000      0.00000
     14.00000    154.80000      0.00000
     16.00000    154.80000      0.00044
     16.25000    154.80000      0.00002
     16.50000    154.80000      0.00000
     16.75000    154.80000      0.00000
     17.00000    154.80000      0.00000
     17.25000    154.80000      0.00000
     17.50000    154.80000      0.00000
     17.75000    154.80000      0.00000
     18.00000    154.80000      0.00000
     18.25000    154.80000      0.00000
     18.50000    154.80000      0.00000
     18.75000    154.80000      0.00000
     19.00000    154.80000      0.00000
     19.25000    154.80000      0.00000
     19.50000    154.80000      0.00000
     19.75000    154.80000      0.00000
     20.00000    154.80000      0.00000
     20.25000    154.80000      0.00000
     20.50000    154.80000      0.00000
     20.75000    154.80000      0.00000
     21.00000    154.80000      0.00000
     21.25000    154.80000      0.00000
     21.50000    154.80000      0.00000
     21.75000    154.80000      0.00000
     22.00000    154.80000      0.00000
     14.00000    154.50000      0.00000
     16.00000    154.50000      0.00063
     16.25000    154.50000      0.00030
     16.50000    154.50000      0.00000
     16.75000    154.50000      0.00000
     17.00000    154.50000      0.00000
     17.25000    154.50000      0.00000
     17.50000    154.50000      0.00000
     17.75000    154.50000      0.00000
     18.00000    154.50000      0.00000
     18.25000    154.50000      0.00000
     18.50000    154.50000      0.00000
     18.75000    154.50000      0.00000
     19.00000    154.50000      0.00000
     19.25000    154.50000      0.00000
     19.50000    154.50000      0.00000
     19.75000    154.50000      0.00000
     20.00000    154.50000      0.00000
     20.25000    154.50000      0.00000
     20.50000    154.50000      0.00000
     20.75000    154.50000      0.00000
     21.00000    154.50000      0.00000
     21.25000    154.50000      0.00000
     21.50000    154.50000      0.00000
     21.75000    154.50000      0.00000
     22.00000    154.50000      0.00000
     14.00000    154.20000      0.00000
     16.00000    154.20000      0.00000
     16.25000    154.20000      0.00000
     16.50000    154.20000      0.00000
     16.75000    154.20000      0.00000
     17.00000    154.20000      0.00000
     17.25000    154.20000      0.00000
     17.50000    154.20000      0.00000
     17.75000    154.20000      0.00000
     18.00000    154.20000      0.00000
     18.25000    154.20000      0.00000
     18.50000    154.20000      0.00000
     18.75000    154.20000      0.00000
     19.00000    154.20000      0.00000
     19.25000    154.20000      0.00000
     19.50000    154.20000      0.00000
     19.75000    154.20000      0.00000
     20.00000    154.20000      0.00000
     20.25000    154.20000      0.00000
     20.50000    154.20000      0.00000
     20.75000    154.20000      0.00000
     21.00000    154.20000      0.00000
     21.25000    154.20000      0.00000
     21.50000    154.20000      0.00000
     21.75000    154.20000      0.00000
     22.00000    154.20000      0.00000
     14.00000    154.00000      0.00000
     14.25000    154.00000      0.00000
     14.50000    154.00000      0.00000
     14.75000    154.00000      0.00000
     15.00000    154.00000      0.00000
     15.25000    154.00000      0.00000
     15.50000    154.00000      0.00000
     15.75000    154.00000      0.00000
     16.00000    154.00000      0.00000
     16.25000    154.00000      0.00000
     16.50000    154.00000      0.00000
     16.75000    154.00000      0.00000
     17.00000    154.00000      0.00000
     17.25000    154.00000      0.00000
     17.50000    154.00000      0.00000
     17.75000    154.00000      0.00000
     18.00000    154.00000      0.00000
     18.25000    154.00000      0.00000
     18.50000    154.00000      0.00000
     18.75000    154.00000      0.00000
     19.00000    154.00000      0.00000
     19.25000    154.00000      0.00000
     19.50000    154.00000      0.00000
     19.75000    154.00000      0.00000
     20.00000    154.00000      0.00000
     20.25000    154.00000      0.00000
     20.50000    154.00000      0.00000
     20.75000    154.00000      0.00000
     21.00000    154.00000      0.00000
     21.25000    154.00000      0.00000
     21.50000    154.00000      0.00000
     21.75000    154.00000      0.00000
     22.00000    154.00000      0.00000
     14.00000    153.80000      0.00000
     14.25000    153.80000      0.00000
     14.50000    153.80000      0.00000
     14.75000    153.80000      0.00000
     15.00000    153.80000      0.00000
     15.25000    153.80000      0.00000
     15.50000    153.80000      0.00000
     15.75000    153.80000      0.00000
     16.00000    153.80000      0.00000
     16.25000    153.80000      0.00000
     16.50000    153.80000      0.00000
     16.75000    153.80000      0.00000
     17.00000    153.80000      0.00000
     17.25000    153.80000      0.00000
     17.50000    153.80000      0.00000
     17.75000    153.80000      0.00000
     18.00000    153.80000      0.00000
     18.25000    153.80000      0.00000
     18.50000    153.80000      0.00000
     18.75000    153.80000      0.00000
     19.00000    153.80000      0.00000
     19.25000    153.80000      0.00000
     19.50000    153.80000      0.00000
     19.75000    153.80000      0.00000
     20.00000    153.80000      0.00000
     20.25000    153.80000      0.00000
     20.50000    153.80000      0.00000
     20.75000    153.80000      0.00000
     21.00000    153.80000      0.00000
     21.25000    153.80000      0.00000
     21.50000    153.80000      0.00000
     21.75000    153.80000      0.00000
     22.00000    153.80000      0.00000
     14.00000    153.50000      0.00000
     14.25000    153.50000      0.00000
     14.50000    153.50000      0.00000
     14.75000    153.50000      0.00000
     15.00000    153.50000      0.00000
     15.25000    153.50000      0.00000
     15.50000    153.50000      0.00000
     15.75000    153.50000      0.00000
     16.00000    153.50000      0.00000
     16.25000    153.50000      0.00000
     16.50000    153.50000      0.00000
     16.75000    153.50000      0.00000
     17.00000    153.50000      0.00000
     17.25000    153.50000      0.00000
     17.50000    153.50000      0.00000
     17.75000    153.50000      0.00000
     18.00000    153.50000      0.00000
     18.25000    153.50000      0.00000
     18.50000    153.50000      0.00000
     18.75000    153.50000      0.00000
     19.00000    153.50000      0.00000
     19.25000    153.50000      0.00000
     19.50000    153.50000      0.00000
     19.75000    153.50000      0.00000
     20.00000    153.50000      0.00000
     20.25000    153.50000      0.00000
     20.50000    153.50000      0.00000
     20.75000    153.50000      0.00000
     21.00000    153.50000      0.00000
     21.25000    153.50000      0.00000
     21.50000    153.50000      0.00000
     21.75000    153.50000      0.00000
     22.00000    153.50000      0.00000
     14.00000    153.20000      0.00000
     14.25000    153.20000      0.00000
     14.50000    153.20000      0.00000
     14.75000    153.20000      0.00000
     15.00000    153.20000      0.00000
     15.25000    153.20000      0.00000
     15.50000    153.20000      0.00000
     15.75000    153.20000      0.00000
     16.00000    153.20000      0.00000
     16.25000    153.20000      0.00000
     16.50000    153.20000      0.00000
     16.75000    153.20000      0.00000
     17.00000    153.20000      0.00000
     17.25000    153.20000      0.00000
     17.50000    153.20000      0.00000
     17.75000    153.20000      0.00000
     18.00000    153.20000      0.00000
     18.25000    153.20000      0.00000
     18.50000    153.20000      0.00000
     18.75000    153.20000      0.00000
     19.00000    153.20000      0.00000
     19.25000    153.20000      0.00000
     19.50000    153.20000      0.00000
     19.75000    153.20000      0.00000
     20.00000    153.20000      0.00000
     20.25000    153.20000      0.00000
     20.50000    153.20000      0.00000
     20.75000    153.20000      0.00000
     21.00000    153.20000      0.00000
     21.25000    153.20000      0.00000
     21.50000    153.20000      0.00000
     21.75000    153.20000      0.00000
     22.00000    153.20000      0.00000
     14.25000    153.00000      0.00000
     14.50000    153.00000      0.00000
     14.75000    153.00000      0.00000
     15.00000    153.00000      0.00000
     15.25000    153.00000      0.00000
     15.50000    153.00000      0.00000
     15.75000    153.00000      0.00000
     16.00000    153.00000      0.00000
     16.25000    153.00000      0.00000
     16.50000    153.00000      0.00000
     16.75000    153.00000      0.00000
     17.00000    153.00000      0.00000
     17.25000    153.00000      0.00000
     17.50000    153.00000      0.00000
     17.75000    153.00000      0.00000
     18.00000    153.00000      0.00000
     18.25000    153.00000      0.00000
     18.50000    153.00000      0.00000
     18.75000    153.00000      0.00000
     19.00000    153.00000      0.00000
     19.25000    153.00000      0.00000
     19.50000    153.00000      0.00000
     19.75000    153.00000      0.00000
     20.00000    153.00000      0.00000
     20.25000    153.00000      0.00000
     20.50000    153.00000      0.00000
     20.75000    153.00000      0.00000
     21.00000    153.00000      0.00000
     21.25000    153.00000      0.00000
     21.50000    153.00000      0.00000
     21.75000    153.00000      0.00000
     22.00000    153.00000      0.00000
     15.00000    152.80000      0.00000
     15.25000    152.80000      0.00000
     15.50000    152.80000      0.00000
     15.75000    152.80000      0.00000
     16.00000    152.80000      0.00000
     16.25000    152.80000      0.00000
     16.50000    152.80000      0.00000
     16.75000    152.80000      0.00000
     17.00000    152.80000      0.00000
     17.25000    152.80000      0.00000
     17.50000    152.80000      0.00000
     17.75000    152.80000      0.00000
     18.00000    152.80000      0.00000
     18.25000    152.80000      0.00000
     18.50000    152.80000      0.00000
     18.75000    152.80000      0.00000
     19.00000    152.80000      0.00000
     19.25000    152.80000      0.00000
     19.50000    152.80000      0.00000
     19.75000    152.80000      0.00000
     20.00000    152.80000      0.00000
     20.25000    152.80000      0.00000
     20.50000    152.80000      0.00000
     20.75000    152.80000      0.00000
     21.00000    152.80000      0.00000
     21.25000    152.80000      0.00000
     21.50000    152.80000      0.00000
     21.75000    152.80000      0.00000
     22.00000    152.80000      0.00000
     15.00000    152.50000      0.00000
     15.25000    152.50000      0.00000
     15.50000    152.50000      0.00007
     15.75000    152.50000      0.00007
     16.00000    152.50000      0.00001
     16.25000    152.50000      0.00000
     16.50000    152.50000      0.00000
     16.75000    152.50000      0.00000
     17.00000    152.50000      0.00000
     17.25000    152.50000      0.00000
     17.50000    152.50000      0.00000
     17.75000    152.50000      0.00000
     18.00000    152.50000      0.00000
     18.25000    152.50000      0.00000
     18.50000    152.50000      0.00000
     18.75000    152.50000      0.00000
     19.00000    152.50000      0.00000
     19.25000    152.50000      0.00000
     19.50000    152.50000      0.00000
     19.75000    152.50000      0.00000
     20.00000    152.50000      0.00000
     20.25000    152.50000      0.00000
     20.50000    152.50000      0.00000
     20.75000    152.50000      0.00000
     21.00000    152.50000      0.00000
     21.25000    152.50000      0.00000
     21.50000    152.50000      0.00000
     21.75000    152.50000      0.00000
     22.00000    152.50000      0.00000
     15.00000    152.20000      0.00000
     15.25000    152.20000      0.00000
     15.50000    152.20000      0.00007
     15.75000    152.20000      0.00035
     16.00000    152.20000      0.00027
     16.25000    152.20000      0.00020
     16.50000    152.20000      0.00011
     16.75000    152.20000      0.00008
     17.00000    152.20000      0.00000
     17.25000    152.20000      0.00000
     17.50000    152.20000      0.00000
     17.75000    152.20000      0.00000
     18.00000    152.20000      0.00000
     18.25000    152.20000      0.00000
     18.50000    152.20000      0.00000
     18.75000    152.20000      0.00000
     19.00000    152.20000      0.00000
     19.25000    152.20000      0.00000
     19.50000    152.20000      0.00000
     19.75000    152.20000      0.00000
     20.00000    152.20000      0.00000
     20.25000    152.20000      0.00000
     20.50000    152.20000      0.00000
     20.75000    152.20000      0.00000
     21.00000    152.20000      0.00000
     21.25000    152.20000      0.00000
     21.50000    152.20000      0.00000
     21.75000    152.20000      0.00000
     22.00000    152.20000      0.00000
     15.00000    152.00000      0.00000
     15.25000    152.00000      0.00000
     15.50000    152.00000      0.00000
     15.75000    152.00000      0.00021
     16.00000    152.00000      0.00059
     16.25000    152.00000      0.00055
     16.50000    152.00000      0.00048
     16.75000    152.00000      0.00042
     17.00000    152.00000      0.00017
     17.25000    152.00000      0.00000
     17.50000    152.00000      0.00000
     17.75000    152.00000      0.00000
     18.00000    152.00000      0.00000
     18.25000    152.00000      0.00000
     18.50000    152.00000      0.00000
     18.75000    152.00000      0.00000
     19.00000    152.00000      0.00000
     19.25000    152.00000      0.00000
     19.50000    152.00000      0.00000
     19.75000    152.00000      0.00000
     20.00000    152.00000      0.00000
     20.25000    152.00000      0.00000
     20.50000    152.00000      0.00000
     20.75000    152.00000      0.00000
     21.00000    152.00000      0.00000
     21.25000    152.00000      0.00000
     21.50000    152.00000      0.00000
     21.75000    152.00000      0.00000
     15.00000    151.80000      0.00000
     15.25000    151.80000      0.00000
     15.50000    151.80000      0.00000
     15.75000    151.80000      0.00000
     16.00000    151.80000      0.00017
     16.25000    151.80000      0.00045
     16.50000    151.80000      0.00066
     16.75000    151.80000      0.00051
     17.00000    151.80000      0.00022
     17.25000    151.80000      0.00000
     17.50000    151.80000      0.00000
     17.75000    151.80000      0.00000
     18.00000    151.80000      0.00000
     18.25000    151.80000      0.00000
     18.50000    151.80000      0.00000
     18.75000    151.80000      0.00000
     19.00000    151.80000      0.00000
     19.25000    151.80000      0.00000
     19.50000    151.80000      0.00000
     19.75000    151.80000      0.00000
     20.00000    151.80000      0.00000
     20.25000    151.80000      0.00000
     20.50000    151.80000      0.00000
     20.75000    151.80000      0.00000
     21.00000    151.80000      0.00000
     21.25000    151.80000      0.00000
     21.50000    151.80000      0.00000
     21.75000    151.80000      0.00000
     15.25000    151.50000      0.00000
     15.50000    151.50000      0.00000
     15.75000    151.50000      0.00000
     16.00000    151.50000      0.00000
     16.25000    151.50000      0.00010
     16.50000    151.50000      0.00054
     16.75000    151.50000      0.00027
     17.00000    151.50000      0.00004
     17.25000    151.50000      0.00000
     17.50000    151.50000      0.00000
     17.75000    151.50000      0.00000
     18.00000    151.50000      0.00000
     18.25000    151.50000      0.00000
     18.50000    151.50000      0.00000
     18.75000    151.50000      0.00000
     19.00000    151.50000      0.00000
     19.25000    151.50000      0.00000
     19.50000    151.50000      0.00000
     19.75000    151.50000      0.00000
     20.00000    151.50000      0.00000
     20.25000    151.50000      0.00000
     20.50000    151.50000      0.00000
     20.75000    151.50000      0.00000
     21.00000    151.50000      0.00000
     21.25000    151.50000      0.00000
     21.50000    151.50000      0.00000
     21.75000    151.50000      0.00000
     15.50000    151.20000      0.00000
     15.75000    151.20000      0.00000
     16.00000    151.20000      0.00000
     16.25000    151.20000      0.00000
     16.50000    151.20000      0.00034
     16.75000    151.20000      0.00009
     17.00000    151.20000      0.00000
     17.25000    151.20000      0.00000
     17.50000    151.20000      0.00000
     17.75000    151.20000      0.00000
     18.00000    151.20000      0.00000
     18.25000    151.20000      0.00000
     18.50000    151.20000      0.00000
     18.75000    151.20000      0.00000
     19.00000    151.20000      0.00000
     19.25000    151.20000      0.00000
     19.50000    151.20000      0.00000
     19.75000    151.20000      0.00000
     20.00000    151.20000      0.00000
     20.25000    151.20000      0.00000
     20.50000    151.20000      0.00000
     20.75000    151.20000      0.00000
     21.00000    151.20000      0.00000
     21.25000    151.20000      0.00000
     21.50000    151.20000      0.00000
     21.75000    151.20000      0.00000
     16.00000    151.00000      0.00000
     16.25000    151.00000      0.00000
     16.50000    151.00000      0.00012
     16.75000    151.00000      0.00000
     17.00000    151.00000      0.00000
     17.25000    151.00000      0.00000
     17.50000    151.00000      0.00000
     17.75000    151.00000      0.00000
     18.00000    151.00000      0.00000
     18.25000    151.00000      0.00000
     18.50000    151.00000      0.00000
     18.75000    151.00000      0.00000
     19.00000    151.00000      0.00000
     19.25000    151.00000      0.00000
     19.50000    151.00000      0.00000
     19.75000    151.00000      0.00000
     20.00000    151.00000      0.00000
     20.25000    151.00000      0.00000
     20.50000    151.00000      0.00000
     20.75000    151.00000      0.00000
     21.00000    151.00000      0.00000
     21.25000    151.00000      0.00000
     15.75000    150.80000      0.00000
     16.00000    150.80000      0.00000
     18.00000    150.80000      0.00000
     18.25000    150.80000      0.00000
     18.50000    150.80000      0.00000
     18.75000    150.80000      0.00000
     19.00000    150.80000      0.00000
     19.25000    150.80000      0.00000
     19.50000    150.80000      0.00000
     19.75000    150.80000      0.00000
     20.00000    150.80000      0.00000
     15.75000    150.50000      0.00000
     16.00000    150.50000      0.00000
     18.00000    150.50000      0.00000
     18.25000    150.50000      0.00000
     18.50000    150.50000      0.00000
     18.75000    150.50000      0.00000
     19.00000    150.50000      0.00000
     19.25000    150.50000      0.00000
     19.50000    150.50000      0.00000
     19.75000    150.50000      0.00000
     20.00000    150.50000      0.00000
     15.75000    150.20000      0.00003
     16.00000    150.20000      0.00000
     18.00000    150.20000      0.00000
     18.25000    150.20000      0.00000
     18.50000    150.20000      0.00000
     18.75000    150.20000      0.00000
     19.00000    150.20000      0.00000
     19.25000    150.20000      0.00000
     19.50000    150.20000      0.00000
     19.75000    150.20000      0.00000
     20.00000    150.20000      0.00000
     15.75000    150.00000      0.00003
     16.00000    150.00000      0.00000
     18.00000    150.00000      0.00000
     18.25000    150.00000      0.00000
     18.50000    150.00000      0.00000
     18.75000    150.00000      0.00000
     19.00000    150.00000      0.00000
     19.25000    150.00000      0.00000
     19.50000    150.00000      0.00000
     19.75000    150.00000      0.00000
     20.00000    150.00000      0.00000
     18.00000    149.80000      0.00000
     18.25000    149.80000      0.00000
     18.50000    149.80000      0.00000
     18.75000    149.80000      0.00000
     19.00000    149.80000      0.00000
     18.00000    149.50000      0.00000
     18.25000    149.50000      0.00000
     18.50000    149.50000      0.00000
     18.75000    149.50000      0.00000
     19.00000    149.50000      0.00000
     18.00000    149.20000      0.00000
     18.25000    149.20000      0.00000
     18.50000    149.20000      0.00000
     18.75000    149.20000      0.00000
     19.00000    149.20000      0.00000
