     21.25000    164.00000      0.00000
     21.50000    164.00000      0.00000
     21.75000    164.00000      0.00000
     22.00000    164.00000      0.00000
     22.25000    164.00000      0.00000
     22.50000    164.00000      0.00000
     22.75000    164.00000      0.00000
     23.00000    164.00000      0.00000
     23.25000    164.00000      0.00000
     23.50000    164.00000      0.00000
     20.75000    163.75000      0.00000
     21.00000    163.75000      0.00000
     21.25000    163.75000      0.00000
     21.50000    163.75000      0.00000
     21.75000    163.75000      0.00000
     22.00000    163.75000      0.00000
     22.25000    163.75000      0.00000
     22.50000    163.75000      0.00000
     22.75000    163.75000      0.00000
     23.00000    163.75000      0.00000
     23.25000    163.75000      0.00000
     23.50000    163.75000      0.00000
     23.75000    163.75000      0.00000
     24.00000    163.75000      0.00000
     24.25000    163.75000      0.00000
     20.50000    163.50000      0.00000
     20.75000    163.50000      0.00000
     21.00000    163.50000      0.00000
     21.25000    163.50000      0.00000
     21.50000    163.50000      0.00000
     21.75000    163.50000      0.00000
     22.00000    163.50000      0.00000
     22.25000    163.50000      0.00000
     22.50000    163.50000      0.00000
     22.75000    163.50000      0.00000
     23.00000    163.50000      0.00000
     23.25000    163.50000      0.00000
     23.50000    163.50000      0.00000
     23.75000    163.50000      0.00000
     24.00000    163.50000      0.00000
     24.25000    163.50000      0.00000
     20.25000    163.25000      0.00000
     20.50000    163.25000      0.00000
     20.75000    163.25000      0.00000
     21.00000    163.25000      0.00000
     21.25000    163.25000      0.00000
     21.50000    163.25000      0.00000
     21.75000    163.25000      0.00000
     22.00000    163.25000      0.00000
     22.25000    163.25000      0.00000
     22.50000    163.25000      0.00000
     22.75000    163.25000      0.00000
     23.00000    163.25000      0.00000
     23.25000    163.25000      0.00000
     23.50000    163.25000      0.00000
     23.75000    163.25000      0.00000
     24.00000    163.25000      0.00000
     24.25000    163.25000      0.00000
     19.75000    163.00000      0.00000
     20.00000    163.00000      0.00000
     20.25000    163.00000      0.00000
     20.50000    163.00000      0.00000
     20.75000    163.00000      0.00000
     21.00000    163.00000      0.00000
     21.25000    163.00000      0.00000
     21.50000    163.00000      0.00000
     21.75000    163.00000      0.00000
     22.00000    163.00000      0.00000
     22.25000    163.00000      0.00000
     22.50000    163.00000      0.00000
     22.75000    163.00000      0.00000
     23.00000    163.00000      0.00000
     23.25000    163.00000      0.00000
     23.50000    163.00000      0.00000
     23.75000    163.00000      0.00000
     24.00000    163.00000      0.00000
     24.25000    163.00000      0.00000
     19.50000    162.75000      0.00013
     19.75000    162.75000      0.00000
     20.00000    162.75000      0.00000
     20.25000    162.75000      0.00000
     20.50000    162.75000      0.00000
     20.75000    162.75000      0.00000
     21.00000    162.75000      0.00000
     21.25000    162.75000      0.00000
     21.50000    162.75000      0.00000
     21.75000    162.75000      0.00000
     22.00000    162.75000      0.00000
     22.25000    162.75000      0.00000
     22.50000    162.75000      0.00000
     22.75000    162.75000      0.00000
     23.00000    162.75000      0.00000
     23.25000    162.75000      0.00000
     23.50000    162.75000      0.00000
     23.75000    162.75000      0.00000
     24.00000    162.75000      0.00000
     24.25000    162.75000      0.00000
     19.25000    162.50000      0.00073
     19.50000    162.50000      0.00045
     19.75000    162.50000      0.00007
     20.00000    162.50000      0.00000
     20.25000    162.50000      0.00000
     20.50000    162.50000      0.00000
     20.75000    162.50000      0.00000
     21.00000    162.50000      0.00000
     21.25000    162.50000      0.00000
     21.50000    162.50000      0.00000
     21.75000    162.50000      0.00000
     22.00000    162.50000      0.00000
     22.25000    162.50000      0.00000
     22.50000    162.50000      0.00000
     22.75000    162.50000      0.00000
     23.00000    162.50000      0.00000
     23.25000    162.50000      0.00000
     23.50000    162.50000      0.00000
     23.75000    162.50000      0.00000
     24.00000    162.50000      0.00000
     24.25000    162.50000      0.00000
     24.50000    162.50000      0.00000
     19.00000    162.25000      0.00110
     19.25000    162.25000      0.00101
     19.50000    162.25000      0.00088
     19.75000    162.25000      0.00066
     20.00000    162.25000      0.00021
     20.25000    162.25000      0.00000
     20.50000    162.25000      0.00000
     20.75000    162.25000      0.00000
     21.00000    162.25000      0.00000
     21.25000    162.25000      0.00000
     21.50000    162.25000      0.00000
     21.75000    162.25000      0.00000
     22.00000    162.25000      0.00000
     22.25000    162.25000      0.00000
     22.50000    162.25000      0.00000
     22.75000    162.25000      0.00000
     23.00000    162.25000      0.00000
     23.25000    162.25000      0.00000
     23.50000    162.25000      0.00000
     23.75000    162.25000      0.00000
     24.00000    162.25000      0.00000
     24.25000    162.25000      0.00000
     24.50000    162.25000      0.00000
     19.00000    162.00000      0.00146
     19.25000    162.00000      0.00134
     19.50000    162.00000      0.00134
     19.75000    162.00000      0.00123
     20.00000    162.00000      0.00078
     20.25000    162.00000      0.00016
     20.50000    162.00000      0.00000
     20.75000    162.00000      0.00000
     21.00000    162.00000      0.00000
     21.25000    162.00000      0.00000
     21.50000    162.00000      0.00000
     21.75000    162.00000      0.00000
     22.00000    162.00000      0.00000
     22.25000    162.00000      0.00000
     22.50000    162.00000      0.00000
     22.75000    162.00000      0.00000
     23.00000    162.00000      0.00000
     23.25000    162.00000      0.00000
     23.50000    162.00000      0.00000
     23.75000    162.00000      0.00000
     24.00000    162.00000      0.00000
     24.25000    162.00000      0.00000
     24.50000    162.00000      0.00000
     19.00000    161.75000      0.00180
     19.25000    161.75000      0.00160
     19.50000    161.75000      0.00157
     19.75000    161.75000      0.00153
     20.00000    161.75000      0.00105
     20.25000    161.75000      0.00044
     20.50000    161.75000      0.00000
     20.75000    161.75000      0.00000
     21.00000    161.75000      0.00000
     21.25000    161.75000      0.00000
     21.50000    161.75000      0.00000
     21.75000    161.75000      0.00000
     22.00000    161.75000      0.00000
     22.25000    161.75000      0.00000
     22.50000    161.75000      0.00000
     22.75000    161.75000      0.00000
     23.00000    161.75000      0.00000
     23.25000    161.75000      0.00000
     23.50000    161.75000      0.00000
     23.75000    161.75000      0.00000
     24.00000    161.75000      0.00000
     24.25000    161.75000      0.00000
     24.50000    161.75000      0.00004
     19.00000    161.50000      0.00189
     19.25000    161.50000      0.00157
     19.50000    161.50000      0.00153
     19.75000    161.50000      0.00139
     20.00000    161.50000      0.00099
     20.25000    161.50000      0.00049
     20.50000    161.50000      0.00003
     20.75000    161.50000      0.00000
     21.00000    161.50000      0.00000
     21.25000    161.50000      0.00000
     21.50000    161.50000      0.00000
     21.75000    161.50000      0.00000
     22.00000    161.50000      0.00000
     22.25000    161.50000      0.00000
     22.50000    161.50000      0.00000
     22.75000    161.50000      0.00000
     23.00000    161.50000      0.00000
     23.25000    161.50000      0.00000
     23.50000    161.50000      0.00000
     23.75000    161.50000      0.00013
     24.00000    161.50000      0.00041
     24.25000    161.50000      0.00090
     24.50000    161.50000      0.00130
     15.50000    161.25000      0.00000
     15.75000    161.25000      0.00000
     16.00000    161.25000      0.00000
     19.00000    161.25000      0.00200
     19.25000    161.25000      0.00164
     19.50000    161.25000      0.00139
     19.75000    161.25000      0.00126
     20.00000    161.25000      0.00092
     20.25000    161.25000      0.00061
     20.50000    161.25000      0.00022
     20.75000    161.25000      0.00001
     21.00000    161.25000      0.00000
     21.25000    161.25000      0.00000
     21.50000    161.25000      0.00000
     21.75000    161.25000      0.00000
     22.00000    161.25000      0.00000
     22.25000    161.25000      0.00000
     22.50000    161.25000      0.00000
     22.75000    161.25000      0.00000
     23.00000    161.25000      0.00000
     23.25000    161.25000      0.00000
     23.50000    161.25000      0.00050
     23.75000    161.25000      0.00146
     24.00000    161.25000      0.00245
     24.25000    161.25000      0.00289
     24.50000    161.25000      0.00331
     24.75000    161.25000      0.00361
     15.25000    161.00000      0.00000
     15.50000    161.00000      0.00000
     15.75000    161.00000      0.00000
     16.00000    161.00000      0.00000
     16.25000    161.00000      0.00001
     16.50000    161.00000      0.00136
     16.75000    161.00000      0.00352
     17.00000    161.00000      0.00502
     19.00000    161.00000      0.00226
     19.25000    161.00000      0.00181
     19.50000    161.00000      0.00165
     19.75000    161.00000      0.00139
     20.00000    161.00000      0.00106
     20.25000    161.00000      0.00078
     20.50000    161.00000      0.00047
     20.75000    161.00000      0.00028
     21.00000    161.00000      0.00012
     21.25000    161.00000      0.00006
     21.50000    161.00000      0.00007
     21.75000    161.00000      0.00004
     22.00000    161.00000      0.00001
     22.25000    161.00000      0.00000
     22.50000    161.00000      0.00000
     22.75000    161.00000      0.00000
     23.00000    161.00000      0.00001
     23.25000    161.00000      0.00033
     23.50000    161.00000      0.00126
     23.75000    161.00000      0.00253
     24.00000    161.00000      0.00351
     24.25000    161.00000      0.00436
     24.50000    161.00000      0.00471
     24.75000    161.00000      0.00506
     15.00000    160.75000      0.00000
     15.25000    160.75000      0.00000
     15.50000    160.75000      0.00000
     15.75000    160.75000      0.00000
     16.00000    160.75000      0.00000
     16.25000    160.75000      0.00007
     16.50000    160.75000      0.00119
     16.75000    160.75000      0.00319
     17.00000    160.75000      0.00456
     19.00000    160.75000      0.00268
     19.25000    160.75000      0.00233
     19.50000    160.75000      0.00201
     19.75000    160.75000      0.00158
     20.00000    160.75000      0.00131
     20.25000    160.75000      0.00108
     20.50000    160.75000      0.00081
     20.75000    160.75000      0.00065
     21.00000    160.75000      0.00047
     21.25000    160.75000      0.00035
     21.50000    160.75000      0.00029
     21.75000    160.75000      0.00030
     22.00000    160.75000      0.00021
     22.25000    160.75000      0.00015
     22.50000    160.75000      0.00008
     22.75000    160.75000      0.00006
     23.00000    160.75000      0.00016
     23.25000    160.75000      0.00073
     23.50000    160.75000      0.00192
     23.75000    160.75000      0.00350
     24.00000    160.75000      0.00464
     24.25000    160.75000      0.00539
     24.50000    160.75000      0.00552
     24.75000    160.75000      0.00564
     15.00000    160.50000      0.00000
     15.25000    160.50000      0.00000
     15.50000    160.50000      0.00000
     15.75000    160.50000      0.00000
     16.00000    160.50000      0.00000
     16.25000    160.50000      0.00009
     16.50000    160.50000      0.00111
     16.75000    160.50000      0.00270
     17.00000    160.50000      0.00385
     19.00000    160.50000      0.00339
     19.25000    160.50000      0.00297
     19.50000    160.50000      0.00257
     19.75000    160.50000      0.00206
     20.00000    160.50000      0.00169
     20.25000    160.50000      0.00145
     20.50000    160.50000      0.00113
     20.75000    160.50000      0.00083
     21.00000    160.50000      0.00071
     21.25000    160.50000      0.00057
     21.50000    160.50000      0.00049
     21.75000    160.50000      0.00050
     22.00000    160.50000      0.00043
     22.25000    160.50000      0.00031
     22.50000    160.50000      0.00016
     22.75000    160.50000      0.00008
     23.00000    160.50000      0.00026
     23.25000    160.50000      0.00094
     23.50000    160.50000      0.00249
     23.75000    160.50000      0.00458
     24.00000    160.50000      0.00595
     24.25000    160.50000      0.00645
     24.50000    160.50000      0.00620
     24.75000    160.50000      0.00608
     15.00000    160.25000      0.00000
     15.25000    160.25000      0.00000
     15.50000    160.25000      0.00000
     15.75000    160.25000      0.00000
     16.00000    160.25000      0.00000
     16.25000    160.25000      0.00012
     16.50000    160.25000      0.00104
     16.75000    160.25000      0.00222
     17.00000    160.25000      0.00315
     19.00000    160.25000      0.00358
     19.25000    160.25000      0.00362
     19.50000    160.25000      0.00315
     19.75000    160.25000      0.00256
     20.00000    160.25000      0.00220
     20.25000    160.25000      0.00184
     20.50000    160.25000      0.00147
     20.75000    160.25000      0.00112
     21.00000    160.25000      0.00088
     21.25000    160.25000      0.00072
     21.50000    160.25000      0.00072
     21.75000    160.25000      0.00073
     22.00000    160.25000      0.00063
     22.25000    160.25000      0.00043
     22.50000    160.25000      0.00025
     22.75000    160.25000      0.00010
     23.00000    160.25000      0.00030
     23.25000    160.25000      0.00115
     23.50000    160.25000      0.00320
     23.75000    160.25000      0.00579
     24.00000    160.25000      0.00740
     24.25000    160.25000      0.00789
     24.50000    160.25000      0.00702
     24.75000    160.25000      0.00639
     25.00000    160.25000      0.00608
     15.00000    160.00000      0.00000
     15.25000    160.00000      0.00000
     15.50000    160.00000      0.00000
     15.75000    160.00000      0.00000
     16.00000    160.00000      0.00000
     16.25000    160.00000      0.00018
     16.50000    160.00000      0.00093
     16.75000    160.00000      0.00183
     17.00000    160.00000      0.00265
     17.25000    160.00000      0.00343
     17.50000    160.00000      0.00403
     17.75000    160.00000      0.00368
     18.00000    160.00000      0.00345
     18.25000    160.00000      0.00324
     18.50000    160.00000      0.00329
     18.75000    160.00000      0.00333
     19.00000    160.00000      0.00345
     19.25000    160.00000      0.00365
     19.50000    160.00000      0.00353
     19.75000    160.00000      0.00313
     20.00000    160.00000      0.00269
     20.25000    160.00000      0.00222
     20.50000    160.00000      0.00183
     20.75000    160.00000      0.00145
     21.00000    160.00000      0.00117
     21.25000    160.00000      0.00108
     21.50000    160.00000      0.00096
     21.75000    160.00000      0.00095
     22.00000    160.00000      0.00081
     22.25000    160.00000      0.00064
     22.50000    160.00000      0.00039
     22.75000    160.00000      0.00018
     23.00000    160.00000      0.00037
     23.25000    160.00000      0.00140
     23.50000    160.00000      0.00393
     23.75000    160.00000      0.00697
     24.00000    160.00000      0.00867
     24.25000    160.00000      0.00901
     24.50000    160.00000      0.00739
     24.75000    160.00000      0.00652
     25.00000    160.00000      0.00609
     25.25000    160.00000      0.00611
     15.00000    159.75000      0.00000
     15.25000    159.75000      0.00000
     15.50000    159.75000      0.00000
     15.75000    159.75000      0.00000
     16.00000    159.75000      0.00002
     16.25000    159.75000      0.00027
     16.50000    159.75000      0.00078
     16.75000    159.75000      0.00141
     17.00000    159.75000      0.00212
     17.25000    159.75000      0.00299
     17.50000    159.75000      0.00334
     17.75000    159.75000      0.00317
     18.00000    159.75000      0.00311
     18.25000    159.75000      0.00306
     18.50000    159.75000      0.00312
     18.75000    159.75000      0.00306
     19.00000    159.75000      0.00329
     19.25000    159.75000      0.00343
     19.50000    159.75000      0.00373
     19.75000    159.75000      0.00354
     20.00000    159.75000      0.00316
     20.25000    159.75000      0.00283
     20.50000    159.75000      0.00232
     20.75000    159.75000      0.00193
     21.00000    159.75000      0.00161
     21.25000    159.75000      0.00137
     21.50000    159.75000      0.00131
     21.75000    159.75000      0.00125
     22.00000    159.75000      0.00107
     22.25000    159.75000      0.00078
     22.50000    159.75000      0.00050
     22.75000    159.75000      0.00026
     23.00000    159.75000      0.00053
     23.25000    159.75000      0.00168
     23.50000    159.75000      0.00441
     23.75000    159.75000      0.00787
     24.00000    159.75000      0.00975
     15.00000    159.50000      0.00000
     15.25000    159.50000      0.00000
     15.50000    159.50000      0.00000
     15.75000    159.50000      0.00000
     16.00000    159.50000      0.00015
     16.25000    159.50000      0.00040
     16.50000    159.50000      0.00058
     16.75000    159.50000      0.00088
     17.00000    159.50000      0.00135
     17.25000    159.50000      0.00176
     17.50000    159.50000      0.00201
     17.75000    159.50000      0.00226
     18.00000    159.50000      0.00239
     18.25000    159.50000      0.00252
     18.50000    159.50000      0.00264
     18.75000    159.50000      0.00276
     19.00000    159.50000      0.00299
     19.25000    159.50000      0.00319
     19.50000    159.50000      0.00349
     19.75000    159.50000      0.00379
     20.00000    159.50000      0.00373
     20.25000    159.50000      0.00345
     20.50000    159.50000      0.00294
     20.75000    159.50000      0.00244
     21.00000    159.50000      0.00210
     21.25000    159.50000      0.00181
     21.50000    159.50000      0.00167
     21.75000    159.50000      0.00153
     22.00000    159.50000      0.00131
     22.25000    159.50000      0.00101
     22.50000    159.50000      0.00065
     22.75000    159.50000      0.00035
     23.00000    159.50000      0.00064
     23.25000    159.50000      0.00200
     23.50000    159.50000      0.00488
     23.75000    159.50000      0.00835
     24.00000    159.50000      0.00966
     15.00000    159.25000      0.00000
     15.25000    159.25000      0.00000
     15.50000    159.25000      0.00000
     15.75000    159.25000      0.00006
     16.00000    159.25000      0.00034
     16.25000    159.25000      0.00047
     16.50000    159.25000      0.00041
     16.75000    159.25000      0.00035
     17.00000    159.25000      0.00018
     17.25000    159.25000      0.00035
     17.50000    159.25000      0.00082
     17.75000    159.25000      0.00140
     18.00000    159.25000      0.00180
     18.25000    159.25000      0.00210
     18.50000    159.25000      0.00229
     18.75000    159.25000      0.00247
     19.00000    159.25000      0.00269
     19.25000    159.25000      0.00283
     19.50000    159.25000      0.00313
     19.75000    159.25000      0.00343
     20.00000    159.25000      0.00364
     20.25000    159.25000      0.00350
     20.50000    159.25000      0.00328
     20.75000    159.25000      0.00305
     21.00000    159.25000      0.00259
     21.25000    159.25000      0.00225
     21.50000    159.25000      0.00204
     21.75000    159.25000      0.00182
     22.00000    159.25000      0.00145
     22.25000    159.25000      0.00115
     22.50000    159.25000      0.00073
     22.75000    159.25000      0.00037
     23.00000    159.25000      0.00074
     23.25000    159.25000      0.00220
     23.50000    159.25000      0.00535
     23.75000    159.25000      0.00896
     24.00000    159.25000      0.00920
     15.00000    159.00000      0.00000
     15.25000    159.00000      0.00000
     15.50000    159.00000      0.00000
     15.75000    159.00000      0.00016
     16.00000    159.00000      0.00047
     16.25000    159.00000      0.00055
     16.50000    159.00000      0.00029
     16.75000    159.00000      0.00000
     17.00000    159.00000      0.00000
     17.25000    159.00000      0.00000
     17.50000    159.00000      0.00022
     17.75000    159.00000      0.00086
     18.00000    159.00000      0.00137
     18.25000    159.00000      0.00169
     18.50000    159.00000      0.00188
     18.75000    159.00000      0.00220
     19.00000    159.00000      0.00239
     19.25000    159.00000      0.00258
     19.50000    159.00000      0.00278
     19.75000    159.00000      0.00309
     20.00000    159.00000      0.00310
     20.25000    159.00000      0.00305
     20.50000    159.00000      0.00282
     20.75000    159.00000      0.00247
     21.00000    159.00000      0.00213
     21.25000    159.00000      0.00203
     21.50000    159.00000      0.00205
     21.75000    159.00000      0.00184
     22.00000    159.00000      0.00146
     22.25000    159.00000      0.00108
     22.50000    159.00000      0.00062
     22.75000    159.00000      0.00019
     23.00000    159.00000      0.00050
     23.25000    159.00000      0.00212
     23.50000    159.00000      0.00547
     23.75000    159.00000      0.00942
     24.00000    159.00000      0.00868
     15.00000    158.75000      0.00000
     15.25000    158.75000      0.00000
     15.50000    158.75000      0.00000
     15.75000    158.75000      0.00015
     16.00000    158.75000      0.00047
     16.25000    158.75000      0.00055
     16.50000    158.75000      0.00015
     16.75000    158.75000      0.00000
     17.00000    158.75000      0.00000
     17.25000    158.75000      0.00000
     17.50000    158.75000      0.00003
     17.75000    158.75000      0.00052
     18.00000    158.75000      0.00108
     18.25000    158.75000      0.00149
     18.50000    158.75000      0.00166
     18.75000    158.75000      0.00195
     19.00000    158.75000      0.00210
     19.25000    158.75000      0.00234
     19.50000    158.75000      0.00244
     19.75000    158.75000      0.00254
     20.00000    158.75000      0.00260
     20.25000    158.75000      0.00241
     20.50000    158.75000      0.00206
     20.75000    158.75000      0.00173
     21.00000    158.75000      0.00141
     21.25000    158.75000      0.00121
     21.50000    158.75000      0.00113
     21.75000    158.75000      0.00104
     22.00000    158.75000      0.00097
     22.25000    158.75000      0.00073
     22.50000    158.75000      0.00036
     22.75000    158.75000      0.00001
     23.00000    158.75000      0.00016
     23.25000    158.75000      0.00155
     23.50000    158.75000      0.00523
     23.75000    158.75000      0.00946
     24.00000    158.75000      0.00822
     15.00000    158.50000      0.00000
     15.25000    158.50000      0.00000
     15.50000    158.50000      0.00000
     15.75000    158.50000      0.00007
     16.00000    158.50000      0.00043
     16.25000    158.50000      0.00047
     16.50000    158.50000      0.00003
     16.75000    158.50000      0.00000
     17.00000    158.50000      0.00000
     17.25000    158.50000      0.00000
     17.50000    158.50000      0.00001
     17.75000    158.50000      0.00040
     18.00000    158.50000      0.00092
     18.25000    158.50000      0.00128
     18.50000    158.50000      0.00150
     18.75000    158.50000      0.00173
     19.00000    158.50000      0.00192
     19.25000    158.50000      0.00198
     19.50000    158.50000      0.00200
     19.75000    158.50000      0.00202
     20.00000    158.50000      0.00193
     20.25000    158.50000      0.00171
     20.50000    158.50000      0.00129
     20.75000    158.50000      0.00089
     21.00000    158.50000      0.00062
     21.25000    158.50000      0.00044
     21.50000    158.50000      0.00035
     21.75000    158.50000      0.00027
     22.00000    158.50000      0.00015
     22.25000    158.50000      0.00001
     22.50000    158.50000      0.00000
     22.75000    158.50000      0.00000
     23.00000    158.50000      0.00000
     23.25000    158.50000      0.00107
     23.50000    158.50000      0.00490
     23.75000    158.50000      0.00935
     24.00000    158.50000      0.00795
     15.00000    158.25000      0.00000
     15.25000    158.25000      0.00000
     15.50000    158.25000      0.00000
     15.75000    158.25000      0.00001
     16.00000    158.25000      0.00028
     16.25000    158.25000      0.00020
     16.50000    158.25000      0.00000
     16.75000    158.25000      0.00000
     17.00000    158.25000      0.00000
     17.25000    158.25000      0.00000
     17.50000    158.25000      0.00000
     17.75000    158.25000      0.00029
     18.00000    158.25000      0.00077
     18.25000    158.25000      0.00108
     18.50000    158.25000      0.00134
     18.75000    158.25000      0.00162
     19.00000    158.25000      0.00175
     19.25000    158.25000      0.00174
     19.50000    158.25000      0.00169
     19.75000    158.25000      0.00153
     20.00000    158.25000      0.00139
     20.25000    158.25000      0.00106
     20.50000    158.25000      0.00069
     20.75000    158.25000      0.00030
     21.00000    158.25000      0.00012
     21.25000    158.25000      0.00003
     21.50000    158.25000      0.00000
     21.75000    158.25000      0.00000
     22.00000    158.25000      0.00000
     22.25000    158.25000      0.00000
     22.50000    158.25000      0.00000
     22.75000    158.25000      0.00000
     23.00000    158.25000      0.00000
     23.25000    158.25000      0.00026
     23.50000    158.25000      0.00456
     23.75000    158.25000      0.00925
     24.00000    158.25000      0.00768
     15.00000    158.00000      0.00000
     15.25000    158.00000      0.00000
     15.50000    158.00000      0.00000
     15.75000    158.00000      0.00006
     16.00000    158.00000      0.00017
     16.25000    158.00000      0.00012
     16.50000    158.00000      0.00000
     16.75000    158.00000      0.00000
     17.00000    158.00000      0.00000
     17.25000    158.00000      0.00000
     17.50000    158.00000      0.00000
     17.75000    158.00000      0.00013
     18.00000    158.00000      0.00045
     18.25000    158.00000      0.00079
     18.50000    158.00000      0.00100
     18.75000    158.00000      0.00121
     19.00000    158.00000      0.00141
     19.25000    158.00000      0.00138
     19.50000    158.00000      0.00132
     19.75000    158.00000      0.00116
     20.00000    158.00000      0.00092
     20.25000    158.00000      0.00062
     20.50000    158.00000      0.00030
     20.75000    158.00000      0.00004
     21.00000    158.00000      0.00000
     21.25000    158.00000      0.00000
     21.50000    158.00000      0.00000
     21.75000    158.00000      0.00000
     22.00000    158.00000      0.00000
     22.25000    158.00000      0.00000
     22.50000    158.00000      0.00000
     22.75000    158.00000      0.00000
     23.00000    158.00000      0.00000
     23.25000    158.00000      0.00000
     23.50000    158.00000      0.00426
     23.75000    158.00000      0.00878
     24.00000    158.00000      0.00890
     15.00000    157.75000      0.00000
     15.25000    157.75000      0.00000
     15.50000    157.75000      0.00000
     15.75000    157.75000      0.00023
     16.00000    157.75000      0.00035
     16.25000    157.75000      0.00023
     16.50000    157.75000      0.00000
     16.75000    157.75000      0.00000
     17.00000    157.75000      0.00000
     17.25000    157.75000      0.00000
     17.50000    157.75000      0.00000
     17.75000    157.75000      0.00000
     18.00000    157.75000      0.00013
     18.25000    157.75000      0.00037
     18.50000    157.75000      0.00060
     18.75000    157.75000      0.00085
     19.00000    157.75000      0.00094
     19.25000    157.75000      0.00103
     19.50000    157.75000      0.00092
     19.75000    157.75000      0.00091
     20.00000    157.75000      0.00070
     20.25000    157.75000      0.00042
     20.50000    157.75000      0.00013
     20.75000    157.75000      0.00000
     21.00000    157.75000      0.00000
     21.25000    157.75000      0.00000
     21.50000    157.75000      0.00000
     21.75000    157.75000      0.00000
     22.00000    157.75000      0.00000
     22.25000    157.75000      0.00000
     22.50000    157.75000      0.00000
     22.75000    157.75000      0.00000
     23.00000    157.75000      0.00000
     23.25000    157.75000      0.00000
     23.50000    157.75000      0.00286
     23.75000    157.75000      0.00808
     24.00000    157.75000      0.01010
     15.00000    157.50000      0.00001
     15.25000    157.50000      0.00008
     15.50000    157.50000      0.00040
     15.75000    157.50000      0.00086
     16.00000    157.50000      0.00089
     16.25000    157.50000      0.00055
     16.50000    157.50000      0.00003
     16.75000    157.50000      0.00000
     17.00000    157.50000      0.00000
     17.25000    157.50000      0.00000
     17.50000    157.50000      0.00000
     17.75000    157.50000      0.00000
     18.00000    157.50000      0.00000
     18.25000    157.50000      0.00001
     18.50000    157.50000      0.00015
     18.75000    157.50000      0.00032
     19.00000    157.50000      0.00048
     19.25000    157.50000      0.00061
     19.50000    157.50000      0.00069
     19.75000    157.50000      0.00069
     20.00000    157.50000      0.00053
     20.25000    157.50000      0.00034
     20.50000    157.50000      0.00006
     20.75000    157.50000      0.00000
     21.00000    157.50000      0.00000
     21.25000    157.50000      0.00000
     21.50000    157.50000      0.00000
     21.75000    157.50000      0.00000
     22.00000    157.50000      0.00000
     22.25000    157.50000      0.00000
     22.50000    157.50000      0.00000
     22.75000    157.50000      0.00000
     23.00000    157.50000      0.00000
     23.25000    157.50000      0.00000
     23.50000    157.50000      0.00134
     23.75000    157.50000      0.00512
     24.00000    157.50000      0.00733
     15.00000    157.25000      0.00064
     15.25000    157.25000      0.00077
     15.50000    157.25000      0.00120
     15.75000    157.25000      0.00157
     16.00000    157.25000      0.00155
     16.25000    157.25000      0.00095
     16.50000    157.25000      0.00020
     16.75000    157.25000      0.00000
     17.00000    157.25000      0.00000
     17.25000    157.25000      0.00000
     17.50000    157.25000      0.00000
     17.75000    157.25000      0.00000
     18.00000    157.25000      0.00000
     18.25000    157.25000      0.00000
     18.50000    157.25000      0.00000
     18.75000    157.25000      0.00004
     19.00000    157.25000      0.00014
     19.25000    157.25000      0.00027
     19.50000    157.25000      0.00041
     19.75000    157.25000      0.00048
     20.00000    157.25000      0.00046
     20.25000    157.25000      0.00021
     20.50000    157.25000      0.00001
     20.75000    157.25000      0.00000
     21.00000    157.25000      0.00000
     21.25000    157.25000      0.00000
     21.50000    157.25000      0.00000
     21.75000    157.25000      0.00000
     22.00000    157.25000      0.00000
     22.25000    157.25000      0.00000
     22.50000    157.25000      0.00000
     22.75000    157.25000      0.00000
     23.00000    157.25000      0.00000
     23.25000    157.25000      0.00000
     23.50000    157.25000      0.00024
     23.75000    157.25000      0.00232
     24.00000    157.25000      0.00384
     13.25000    157.00000      0.00039
     13.50000    157.00000      0.00036
     13.75000    157.00000      0.00079
     14.00000    157.00000      0.00117
     14.25000    157.00000      0.00149
     14.50000    157.00000      0.00151
     14.75000    157.00000      0.00122
     15.00000    157.00000      0.00135
     15.25000    157.00000      0.00146
     15.50000    157.00000      0.00180
     15.75000    157.00000      0.00214
     16.00000    157.00000      0.00193
     16.25000    157.00000      0.00140
     16.50000    157.00000      0.00034
     16.75000    157.00000      0.00000
     17.00000    157.00000      0.00000
     17.25000    157.00000      0.00000
     17.50000    157.00000      0.00000
     17.75000    157.00000      0.00000
     18.00000    157.00000      0.00000
     18.25000    157.00000      0.00000
     18.50000    157.00000      0.00000
     18.75000    157.00000      0.00000
     19.00000    157.00000      0.00000
     19.25000    157.00000      0.00005
     19.50000    157.00000      0.00014
     19.75000    157.00000      0.00026
     20.00000    157.00000      0.00019
     20.25000    157.00000      0.00007
     20.50000    157.00000      0.00000
     20.75000    157.00000      0.00000
     21.00000    157.00000      0.00000
     21.25000    157.00000      0.00000
     21.50000    157.00000      0.00000
     21.75000    157.00000      0.00000
     22.00000    157.00000      0.00000
     22.25000    157.00000      0.00000
     22.50000    157.00000      0.00000
     22.75000    157.00000      0.00000
     23.00000    157.00000      0.00000
     23.25000    157.00000      0.00000
     23.50000    157.00000      0.00002
     23.75000    157.00000      0.00106
     24.00000    157.00000      0.00217
     13.25000    156.75000      0.00042
     13.50000    156.75000      0.00033
     13.75000    156.75000      0.00025
     14.00000    156.75000      0.00033
     14.25000    156.75000      0.00061
     14.50000    156.75000      0.00097
     14.75000    156.75000      0.00147
     15.00000    156.75000      0.00176
     15.25000    156.75000      0.00203
     15.50000    156.75000      0.00227
     15.75000    156.75000      0.00252
     16.00000    156.75000      0.00231
     16.25000    156.75000      0.00165
     16.50000    156.75000      0.00059
     16.75000    156.75000      0.00000
     17.00000    156.75000      0.00000
     17.25000    156.75000      0.00000
     17.50000    156.75000      0.00000
     17.75000    156.75000      0.00000
     18.00000    156.75000      0.00000
     18.25000    156.75000      0.00000
     18.50000    156.75000      0.00000
     18.75000    156.75000      0.00000
     19.00000    156.75000      0.00000
     19.25000    156.75000      0.00000
     19.50000    156.75000      0.00000
     19.75000    156.75000      0.00002
     20.00000    156.75000      0.00001
     20.25000    156.75000      0.00000
     20.50000    156.75000      0.00000
     20.75000    156.75000      0.00000
     21.00000    156.75000      0.00000
     21.25000    156.75000      0.00000
     21.50000    156.75000      0.00000
     21.75000    156.75000      0.00000
     22.00000    156.75000      0.00000
     22.25000    156.75000      0.00000
     22.50000    156.75000      0.00000
     22.75000    156.75000      0.00000
     23.00000    156.75000      0.00000
     13.25000    156.50000      0.00037
     13.50000    156.50000      0.00018
     13.75000    156.50000      0.00005
     14.00000    156.50000      0.00011
     14.25000    156.50000      0.00041
     14.50000    156.50000      0.00105
     14.75000    156.50000      0.00160
     15.00000    156.50000      0.00201
     15.25000    156.50000      0.00227
     15.50000    156.50000      0.00248
     15.75000    156.50000      0.00256
     16.00000    156.50000      0.00233
     16.25000    156.50000      0.00179
     16.50000    156.50000      0.00082
     16.75000    156.50000      0.00008
     17.00000    156.50000      0.00000
     17.25000    156.50000      0.00000
     17.50000    156.50000      0.00000
     17.75000    156.50000      0.00000
     18.00000    156.50000      0.00000
     18.25000    156.50000      0.00000
     18.50000    156.50000      0.00000
     18.75000    156.50000      0.00000
     19.00000    156.50000      0.00000
     19.25000    156.50000      0.00000
     19.50000    156.50000      0.00000
     19.75000    156.50000      0.00000
     20.00000    156.50000      0.00000
     20.25000    156.50000      0.00000
     20.50000    156.50000      0.00000
     20.75000    156.50000      0.00000
     21.00000    156.50000      0.00000
     21.25000    156.50000      0.00000
     21.50000    156.50000      0.00000
     21.75000    156.50000      0.00000
     22.00000    156.50000      0.00000
     22.25000    156.50000      0.00000
     22.50000    156.50000      0.00000
     22.75000    156.50000      0.00000
     23.00000    156.50000      0.00000
     13.25000    156.25000      0.00039
     13.50000    156.25000      0.00011
     13.75000    156.25000      0.00000
     14.00000    156.25000      0.00000
     14.25000    156.25000      0.00023
     14.50000    156.25000      0.00103
     14.75000    156.25000      0.00183
     15.00000    156.25000      0.00221
     15.25000    156.25000      0.00219
     15.50000    156.25000      0.00226
     15.75000    156.25000      0.00222
     16.00000    156.25000      0.00201
     16.25000    156.25000      0.00165
     16.50000    156.25000      0.00105
     16.75000    156.25000      0.00028
     17.00000    156.25000      0.00000
     17.25000    156.25000      0.00000
     17.50000    156.25000      0.00000
     17.75000    156.25000      0.00000
     18.00000    156.25000      0.00000
     18.25000    156.25000      0.00000
     18.50000    156.25000      0.00000
     18.75000    156.25000      0.00000
     19.00000    156.25000      0.00000
     19.25000    156.25000      0.00000
     19.50000    156.25000      0.00000
     19.75000    156.25000      0.00000
     20.00000    156.25000      0.00000
     20.25000    156.25000      0.00000
     20.50000    156.25000      0.00000
     20.75000    156.25000      0.00000
     21.00000    156.25000      0.00000
     21.25000    156.25000      0.00000
     21.50000    156.25000      0.00000
     21.75000    156.25000      0.00000
     22.00000    156.25000      0.00000
     22.25000    156.25000      0.00000
     22.50000    156.25000      0.00000
     22.75000    156.25000      0.00000
     23.00000    156.25000      0.00000
     13.25000    156.00000      0.00020
     13.50000    156.00000      0.00001
     13.75000    156.00000      0.00000
     14.00000    156.00000      0.00000
     14.25000    156.00000      0.00023
     14.50000    156.00000      0.00096
     14.75000    156.00000      0.00178
     15.00000    156.00000      0.00191
     15.25000    156.00000      0.00191
     15.50000    156.00000      0.00190
     15.75000    156.00000      0.00201
     16.00000    156.00000      0.00194
     16.25000    156.00000      0.00159
     16.50000    156.00000      0.00099
     16.75000    156.00000      0.00039
     17.00000    156.00000      0.00002
     17.25000    156.00000      0.00000
     17.50000    156.00000      0.00000
     17.75000    156.00000      0.00000
     18.00000    156.00000      0.00000
     18.25000    156.00000      0.00000
     18.50000    156.00000      0.00000
     18.75000    156.00000      0.00000
     19.00000    156.00000      0.00000
     19.25000    156.00000      0.00000
     19.50000    156.00000      0.00000
     19.75000    156.00000      0.00000
     20.00000    156.00000      0.00000
     20.25000    156.00000      0.00000
     20.50000    156.00000      0.00000
     20.75000    156.00000      0.00000
     21.00000    156.00000      0.00000
     21.25000    156.00000      0.00000
     21.50000    156.00000      0.00000
     21.75000    156.00000      0.00000
     22.00000    156.00000      0.00000
     22.25000    156.00000      0.00000
     22.50000    156.00000      0.00000
     22.75000    156.00000      0.00000
     23.00000    156.00000      0.00000
     13.00000    155.75000      0.00003
     13.25000    155.75000      0.00002
     13.50000    155.75000      0.00000
     13.75000    155.75000      0.00000
     14.00000    155.75000      0.00000
     16.00000    155.75000      0.00216
     16.25000    155.75000      0.00194
     16.50000    155.75000      0.00108
     16.75000    155.75000      0.00023
     17.00000    155.75000      0.00000
     17.25000    155.75000      0.00000
     17.50000    155.75000      0.00000
     17.75000    155.75000      0.00000
     18.00000    155.75000      0.00000
     18.25000    155.75000      0.00000
     18.50000    155.75000      0.00000
     18.75000    155.75000      0.00000
     19.00000    155.75000      0.00000
     19.25000    155.75000      0.00000
     19.50000    155.75000      0.00000
     19.75000    155.75000      0.00000
     20.00000    155.75000      0.00000
     20.25000    155.75000      0.00000
     20.50000    155.75000      0.00000
     20.75000    155.75000      0.00000
     21.00000    155.75000      0.00000
     21.25000    155.75000      0.00000
     21.50000    155.75000      0.00000
     21.75000    155.75000      0.00000
     22.00000    155.75000      0.00000
     22.25000    155.75000      0.00000
     22.50000    155.75000      0.00000
     22.75000    155.75000      0.00000
     23.00000    155.75000      0.00000
     13.00000    155.50000      0.00000
     13.25000    155.50000      0.00000
     13.50000    155.50000      0.00000
     13.75000    155.50000      0.00000
     14.00000    155.50000      0.00000
     16.00000    155.50000      0.00272
     16.25000    155.50000      0.00199
     16.50000    155.50000      0.00086
     16.75000    155.50000      0.00002
     17.00000    155.50000      0.00000
     17.25000    155.50000      0.00000
     17.50000    155.50000      0.00000
     17.75000    155.50000      0.00000
     18.00000    155.50000      0.00000
     18.25000    155.50000      0.00000
     18.50000    155.50000      0.00000
     18.75000    155.50000      0.00000
     19.00000    155.50000      0.00000
     19.25000    155.50000      0.00000
     19.50000    155.50000      0.00000
     19.75000    155.50000      0.00000
     20.00000    155.50000      0.00000
     20.25000    155.50000      0.00000
     20.50000    155.50000      0.00000
     20.75000    155.50000      0.00000
     21.00000    155.50000      0.00000
     21.25000    155.50000      0.00000
     21.50000    155.50000      0.00000
     21.75000    155.50000      0.00000
     22.00000    155.50000      0.00000
     22.25000    155.50000      0.00000
     22.50000    155.50000      0.00000
     22.75000    155.50000      0.00023
     23.00000    155.50000      0.00034
     13.00000    155.25000      0.00000
     13.25000    155.25000      0.00000
     13.50000    155.25000      0.00000
     13.75000    155.25000      0.00000
     14.00000    155.25000      0.00000
     16.00000    155.25000      0.00289
     16.25000    155.25000      0.00200
     16.50000    155.25000      0.00065
     16.75000    155.25000      0.00000
     17.00000    155.25000      0.00000
     17.25000    155.25000      0.00000
     17.50000    155.25000      0.00000
     17.75000    155.25000      0.00000
     18.00000    155.25000      0.00000
     18.25000    155.25000      0.00000
     18.50000    155.25000      0.00000
     18.75000    155.25000      0.00000
     19.00000    155.25000      0.00000
     19.25000    155.25000      0.00000
     19.50000    155.25000      0.00000
     19.75000    155.25000      0.00000
     20.00000    155.25000      0.00000
     20.25000    155.25000      0.00000
     20.50000    155.25000      0.00000
     20.75000    155.25000      0.00000
     21.00000    155.25000      0.00000
     21.25000    155.25000      0.00000
     21.50000    155.25000      0.00000
     21.75000    155.25000      0.00000
     22.00000    155.25000      0.00000
     22.25000    155.25000      0.00000
     22.50000    155.25000      0.00008
     22.75000    155.25000      0.00053
     23.00000    155.25000      0.00087
     13.00000    155.00000      0.00000
     13.25000    155.00000      0.00000
     13.50000    155.00000      0.00000
     13.75000    155.00000      0.00000
     14.00000    155.00000      0.00000
     16.00000    155.00000      0.00293
     16.25000    155.00000      0.00205
     16.50000    155.00000      0.00069
     16.75000    155.00000      0.00000
     17.00000    155.00000      0.00000
     17.25000    155.00000      0.00000
     17.50000    155.00000      0.00000
     17.75000    155.00000      0.00000
     18.00000    155.00000      0.00000
     18.25000    155.00000      0.00000
     18.50000    155.00000      0.00000
     18.75000    155.00000      0.00001
     19.00000    155.00000      0.00000
     19.25000    155.00000      0.00000
     19.50000    155.00000      0.00000
     19.75000    155.00000      0.00000
     20.00000    155.00000      0.00000
     20.25000    155.00000      0.00000
     20.50000    155.00000      0.00000
     20.75000    155.00000      0.00000
     21.00000    155.00000      0.00000
     21.25000    155.00000      0.00000
     21.50000    155.00000      0.00000
     21.75000    155.00000      0.00000
     22.00000    155.00000      0.00000
     22.25000    155.00000      0.00000
     22.50000    155.00000      0.00000
     22.75000    155.00000      0.00019
     23.00000    155.00000      0.00042
     23.25000    155.00000      0.00054
     23.50000    155.00000      0.00035
     23.75000    155.00000      0.00000
     14.00000    154.75000      0.00000
     16.00000    154.75000      0.00271
     16.25000    154.75000      0.00201
     16.50000    154.75000      0.00081
     16.75000    154.75000      0.00002
     17.00000    154.75000      0.00000
     17.25000    154.75000      0.00000
     17.50000    154.75000      0.00000
     17.75000    154.75000      0.00000
     18.00000    154.75000      0.00000
     18.25000    154.75000      0.00000
     18.50000    154.75000      0.00011
     18.75000    154.75000      0.00023
     19.00000    154.75000      0.00000
     19.25000    154.75000      0.00000
     19.50000    154.75000      0.00000
     19.75000    154.75000      0.00000
     20.00000    154.75000      0.00000
     20.25000    154.75000      0.00000
     20.50000    154.75000      0.00000
     20.75000    154.75000      0.00000
     21.00000    154.75000      0.00000
     21.25000    154.75000      0.00000
     21.50000    154.75000      0.00000
     21.75000    154.75000      0.00000
     22.00000    154.75000      0.00000
     14.00000    154.50000      0.00000
     16.00000    154.50000      0.00247
     16.25000    154.50000      0.00201
     16.50000    154.50000      0.00131
     16.75000    154.50000      0.00051
     17.00000    154.50000      0.00029
     17.25000    154.50000      0.00011
     17.50000    154.50000      0.00012
     17.75000    154.50000      0.00008
     18.00000    154.50000      0.00013
     18.25000    154.50000      0.00023
     18.50000    154.50000      0.00043
     18.75000    154.50000      0.00062
     19.00000    154.50000      0.00014
     19.25000    154.50000      0.00000
     19.50000    154.50000      0.00000
     19.75000    154.50000      0.00000
     20.00000    154.50000      0.00000
     20.25000    154.50000      0.00000
     20.50000    154.50000      0.00000
     20.75000    154.50000      0.00000
     21.00000    154.50000      0.00000
     21.25000    154.50000      0.00000
     21.50000    154.50000      0.00000
     21.75000    154.50000      0.00000
     22.00000    154.50000      0.00000
     14.00000    154.25000      0.00000
     16.00000    154.25000      0.00135
     16.25000    154.25000      0.00114
     16.50000    154.25000      0.00081
     16.75000    154.25000      0.00043
     17.00000    154.25000      0.00023
     17.25000    154.25000      0.00022
     17.50000    154.25000      0.00030
     17.75000    154.25000      0.00039
     18.00000    154.25000      0.00049
     18.25000    154.25000      0.00068
     18.50000    154.25000      0.00097
     18.75000    154.25000      0.00112
     19.00000    154.25000      0.00045
     19.25000    154.25000      0.00003
     19.50000    154.25000      0.00000
     19.75000    154.25000      0.00000
     20.00000    154.25000      0.00000
     20.25000    154.25000      0.00000
     20.50000    154.25000      0.00000
     20.75000    154.25000      0.00000
     21.00000    154.25000      0.00000
     21.25000    154.25000      0.00000
     21.50000    154.25000      0.00000
     21.75000    154.25000      0.00000
     22.00000    154.25000      0.00000
     14.00000    154.00000      0.00000
     14.25000    154.00000      0.00000
     14.50000    154.00000      0.00000
     14.75000    154.00000      0.00035
     15.00000    154.00000      0.00083
     15.25000    154.00000      0.00114
     15.50000    154.00000      0.00132
     15.75000    154.00000      0.00116
     16.00000    154.00000      0.00095
     16.25000    154.00000      0.00078
     16.50000    154.00000      0.00057
     16.75000    154.00000      0.00031
     17.00000    154.00000      0.00024
     17.25000    154.00000      0.00026
     17.50000    154.00000      0.00044
     17.75000    154.00000      0.00066
     18.00000    154.00000      0.00085
     18.25000    154.00000      0.00109
     18.50000    154.00000      0.00126
     18.75000    154.00000      0.00144
     19.00000    154.00000      0.00096
     19.25000    154.00000      0.00026
     19.50000    154.00000      0.00000
     19.75000    154.00000      0.00000
     20.00000    154.00000      0.00000
     20.25000    154.00000      0.00000
     20.50000    154.00000      0.00000
     20.75000    154.00000      0.00000
     21.00000    154.00000      0.00000
     21.25000    154.00000      0.00000
     21.50000    154.00000      0.00000
     21.75000    154.00000      0.00000
     22.00000    154.00000      0.00000
     14.00000    153.75000      0.00000
     14.25000    153.75000      0.00000
     14.50000    153.75000      0.00001
     14.75000    153.75000      0.00039
     15.00000    153.75000      0.00089
     15.25000    153.75000      0.00131
     15.50000    153.75000      0.00136
     15.75000    153.75000      0.00110
     16.00000    153.75000      0.00086
     16.25000    153.75000      0.00073
     16.50000    153.75000      0.00053
     16.75000    153.75000      0.00035
     17.00000    153.75000      0.00032
     17.25000    153.75000      0.00042
     17.50000    153.75000      0.00060
     17.75000    153.75000      0.00080
     18.00000    153.75000      0.00102
     18.25000    153.75000      0.00117
     18.50000    153.75000      0.00132
     18.75000    153.75000      0.00147
     19.00000    153.75000      0.00136
     19.25000    153.75000      0.00073
     19.50000    153.75000      0.00006
     19.75000    153.75000      0.00000
     20.00000    153.75000      0.00000
     20.25000    153.75000      0.00000
     20.50000    153.75000      0.00000
     20.75000    153.75000      0.00000
     21.00000    153.75000      0.00000
     21.25000    153.75000      0.00000
     21.50000    153.75000      0.00000
     21.75000    153.75000      0.00000
     22.00000    153.75000      0.00000
     14.00000    153.50000      0.00000
     14.25000    153.50000      0.00000
     14.50000    153.50000      0.00000
     14.75000    153.50000      0.00025
     15.00000    153.50000      0.00072
     15.25000    153.50000      0.00110
     15.50000    153.50000      0.00120
     15.75000    153.50000      0.00110
     16.00000    153.50000      0.00096
     16.25000    153.50000      0.00089
     16.50000    153.50000      0.00070
     16.75000    153.50000      0.00060
     17.00000    153.50000      0.00051
     17.25000    153.50000      0.00059
     17.50000    153.50000      0.00076
     17.75000    153.50000      0.00085
     18.00000    153.50000      0.00106
     18.25000    153.50000      0.00119
     18.50000    153.50000      0.00123
     18.75000    153.50000      0.00137
     19.00000    153.50000      0.00115
     19.25000    153.50000      0.00072
     19.50000    153.50000      0.00033
     19.75000    153.50000      0.00000
     20.00000    153.50000      0.00000
     20.25000    153.50000      0.00000
     20.50000    153.50000      0.00000
     20.75000    153.50000      0.00000
     21.00000    153.50000      0.00000
     21.25000    153.50000      0.00000
     21.50000    153.50000      0.00000
     21.75000    153.50000      0.00000
     22.00000    153.50000      0.00000
     14.00000    153.25000      0.00000
     14.25000    153.25000      0.00000
     14.50000    153.25000      0.00000
     14.75000    153.25000      0.00013
     15.00000    153.25000      0.00048
     15.25000    153.25000      0.00081
     15.50000    153.25000      0.00095
     15.75000    153.25000      0.00110
     16.00000    153.25000      0.00107
     16.25000    153.25000      0.00096
     16.50000    153.25000      0.00088
     16.75000    153.25000      0.00079
     17.00000    153.25000      0.00072
     17.25000    153.25000      0.00077
     17.50000    153.25000      0.00083
     17.75000    153.25000      0.00090
     18.00000    153.25000      0.00100
     18.25000    153.25000      0.00111
     18.50000    153.25000      0.00114
     18.75000    153.25000      0.00116
     19.00000    153.25000      0.00095
     19.25000    153.25000      0.00054
     19.50000    153.25000      0.00014
     19.75000    153.25000      0.00000
     20.00000    153.25000      0.00000
     20.25000    153.25000      0.00000
     20.50000    153.25000      0.00000
     20.75000    153.25000      0.00000
     21.00000    153.25000      0.00000
     21.25000    153.25000      0.00000
     21.50000    153.25000      0.00000
     21.75000    153.25000      0.00000
     22.00000    153.25000      0.00000
     14.25000    153.00000      0.00000
     14.50000    153.00000      0.00000
     14.75000    153.00000      0.00011
     15.00000    153.00000      0.00044
     15.25000    153.00000      0.00079
     15.50000    153.00000      0.00096
     15.75000    153.00000      0.00113
     16.00000    153.00000      0.00122
     16.25000    153.00000      0.00122
     16.50000    153.00000      0.00111
     16.75000    153.00000      0.00101
     17.00000    153.00000      0.00091
     17.25000    153.00000      0.00092
     17.50000    153.00000      0.00093
     17.75000    153.00000      0.00095
     18.00000    153.00000      0.00098
     18.25000    153.00000      0.00105
     18.50000    153.00000      0.00103
     18.75000    153.00000      0.00101
     19.00000    153.00000      0.00078
     19.25000    153.00000      0.00039
     19.50000    153.00000      0.00006
     19.75000    153.00000      0.00000
     20.00000    153.00000      0.00000
     20.25000    153.00000      0.00000
     20.50000    153.00000      0.00000
     20.75000    153.00000      0.00000
     21.00000    153.00000      0.00000
     21.25000    153.00000      0.00000
     21.50000    153.00000      0.00000
     21.75000    153.00000      0.00000
     22.00000    153.00000      0.00000
     15.00000    152.75000      0.00058
     15.25000    152.75000      0.00094
     15.50000    152.75000      0.00122
     15.75000    152.75000      0.00142
     16.00000    152.75000      0.00153
     16.25000    152.75000      0.00147
     16.50000    152.75000      0.00142
     16.75000    152.75000      0.00136
     17.00000    152.75000      0.00126
     17.25000    152.75000      0.00123
     17.50000    152.75000      0.00115
     17.75000    152.75000      0.00108
     18.00000    152.75000      0.00103
     18.25000    152.75000      0.00101
     18.50000    152.75000      0.00091
     18.75000    152.75000      0.00082
     19.00000    152.75000      0.00055
     19.25000    152.75000      0.00027
     19.50000    152.75000      0.00001
     19.75000    152.75000      0.00000
     20.00000    152.75000      0.00000
     20.25000    152.75000      0.00000
     20.50000    152.75000      0.00000
     20.75000    152.75000      0.00000
     21.00000    152.75000      0.00000
     21.25000    152.75000      0.00000
     21.50000    152.75000      0.00000
     21.75000    152.75000      0.00000
     22.00000    152.75000      0.00000
     15.00000    152.50000      0.00082
     15.25000    152.50000      0.00113
     15.50000    152.50000      0.00157
     15.75000    152.50000      0.00176
     16.00000    152.50000      0.00180
     16.25000    152.50000      0.00192
     16.50000    152.50000      0.00189
     16.75000    152.50000      0.00185
     17.00000    152.50000      0.00169
     17.25000    152.50000      0.00161
     17.50000    152.50000      0.00141
     17.75000    152.50000      0.00121
     18.00000    152.50000      0.00104
     18.25000    152.50000      0.00099
     18.50000    152.50000      0.00078
     18.75000    152.50000      0.00068
     19.00000    152.50000      0.00045
     19.25000    152.50000      0.00017
     19.50000    152.50000      0.00000
     19.75000    152.50000      0.00000
     20.00000    152.50000      0.00000
     20.25000    152.50000      0.00000
     20.50000    152.50000      0.00000
     20.75000    152.50000      0.00000
     21.00000    152.50000      0.00000
     21.25000    152.50000      0.00000
     21.50000    152.50000      0.00000
     21.75000    152.50000      0.00000
     22.00000    152.50000      0.00000
     15.00000    152.25000      0.00108
     15.25000    152.25000      0.00129
     15.50000    152.25000      0.00176
     15.75000    152.25000      0.00211
     16.00000    152.25000      0.00219
     16.25000    152.25000      0.00228
     16.50000    152.25000      0.00226
     16.75000    152.25000      0.00237
     17.00000    152.25000      0.00224
     17.25000    152.25000      0.00201
     17.50000    152.25000      0.00167
     17.75000    152.25000      0.00145
     18.00000    152.25000      0.00115
     18.25000    152.25000      0.00088
     18.50000    152.25000      0.00075
     18.75000    152.25000      0.00055
     19.00000    152.25000      0.00028
     19.25000    152.25000      0.00008
     19.50000    152.25000      0.00000
     19.75000    152.25000      0.00000
     20.00000    152.25000      0.00000
     20.25000    152.25000      0.00000
     20.50000    152.25000      0.00000
     20.75000    152.25000      0.00005
     21.00000    152.25000      0.00007
     21.25000    152.25000      0.00006
     21.50000    152.25000      0.00000
     21.75000    152.25000      0.00000
     22.00000    152.25000      0.00000
     15.00000    152.00000      0.00121
     15.25000    152.00000      0.00142
     15.50000    152.00000      0.00169
     15.75000    152.00000      0.00208
     16.00000    152.00000      0.00245
     16.25000    152.00000      0.00250
     16.50000    152.00000      0.00253
     16.75000    152.00000      0.00256
     17.00000    152.00000      0.00245
     17.25000    152.00000      0.00221
     17.50000    152.00000      0.00184
     17.75000    152.00000      0.00136
     18.00000    152.00000      0.00112
     18.25000    152.00000      0.00080
     18.50000    152.00000      0.00060
     18.75000    152.00000      0.00042
     19.00000    152.00000      0.00021
     19.25000    152.00000      0.00006
     19.50000    152.00000      0.00000
     19.75000    152.00000      0.00000
     20.00000    152.00000      0.00000
     20.25000    152.00000      0.00000
     20.50000    152.00000      0.00004
     20.75000    152.00000      0.00027
     21.00000    152.00000      0.00038
     21.25000    152.00000      0.00051
     21.50000    152.00000      0.00039
     21.75000    152.00000      0.00028
     15.00000    151.75000      0.00120
     15.25000    151.75000      0.00130
     15.50000    151.75000      0.00157
     15.75000    151.75000      0.00185
     16.00000    151.75000      0.00212
     16.25000    151.75000      0.00237
     16.50000    151.75000      0.00256
     16.75000    151.75000      0.00254
     17.00000    151.75000      0.00243
     17.25000    151.75000      0.00210
     17.50000    151.75000      0.00169
     17.75000    151.75000      0.00118
     18.00000    151.75000      0.00088
     18.25000    151.75000      0.00065
     18.50000    151.75000      0.00043
     18.75000    151.75000      0.00031
     19.00000    151.75000      0.00015
     19.25000    151.75000      0.00004
     19.50000    151.75000      0.00000
     19.75000    151.75000      0.00000
     20.00000    151.75000      0.00000
     20.25000    151.75000      0.00000
     20.50000    151.75000      0.00005
     20.75000    151.75000      0.00027
     21.00000    151.75000      0.00037
     21.25000    151.75000      0.00041
     21.50000    151.75000      0.00030
     21.75000    151.75000      0.00015
     15.25000    151.50000      0.00124
     15.50000    151.50000      0.00130
     15.75000    151.50000      0.00146
     16.00000    151.50000      0.00165
     16.25000    151.50000      0.00199
     16.50000    151.50000      0.00235
     16.75000    151.50000      0.00232
     17.00000    151.50000      0.00218
     17.25000    151.50000      0.00181
     17.50000    151.50000      0.00134
     17.75000    151.50000      0.00081
     18.00000    151.50000      0.00054
     18.25000    151.50000      0.00031
     18.50000    151.50000      0.00026
     18.75000    151.50000      0.00020
     19.00000    151.50000      0.00015
     19.25000    151.50000      0.00004
     19.50000    151.50000      0.00000
     19.75000    151.50000      0.00000
     20.00000    151.50000      0.00000
     20.25000    151.50000      0.00000
     20.50000    151.50000      0.00000
     20.75000    151.50000      0.00008
     21.00000    151.50000      0.00009
     21.25000    151.50000      0.00001
     21.50000    151.50000      0.00000
     21.75000    151.50000      0.00000
     15.50000    151.25000      0.00104
     15.75000    151.25000      0.00109
     16.00000    151.25000      0.00121
     16.25000    151.25000      0.00161
     16.50000    151.25000      0.00210
     16.75000    151.25000      0.00211
     17.00000    151.25000      0.00182
     17.25000    151.25000      0.00141
     17.50000    151.25000      0.00091
     17.75000    151.25000      0.00041
     18.00000    151.25000      0.00014
     18.25000    151.25000      0.00007
     18.50000    151.25000      0.00012
     18.75000    151.25000      0.00017
     19.00000    151.25000      0.00011
     19.25000    151.25000      0.00006
     19.50000    151.25000      0.00000
     19.75000    151.25000      0.00000
     20.00000    151.25000      0.00000
     20.25000    151.25000      0.00000
     20.50000    151.25000      0.00000
     20.75000    151.25000      0.00000
     21.00000    151.25000      0.00000
     21.25000    151.25000      0.00000
     21.50000    151.25000      0.00000
     21.75000    151.25000      0.00000
     16.00000    151.00000      0.00101
     16.25000    151.00000      0.00120
     16.50000    151.00000      0.00181
     16.75000    151.00000      0.00169
     17.00000    151.00000      0.00143
     17.25000    151.00000      0.00100
     17.50000    151.00000      0.00056
     17.75000    151.00000      0.00015
     18.00000    151.00000      0.00007
     18.25000    151.00000      0.00002
     18.50000    151.00000      0.00004
     18.75000    151.00000      0.00009
     19.00000    151.00000      0.00006
     19.25000    151.00000      0.00002
     19.50000    151.00000      0.00000
     19.75000    151.00000      0.00000
     20.00000    151.00000      0.00000
     20.25000    151.00000      0.00000
     20.50000    151.00000      0.00000
     20.75000    151.00000      0.00000
     21.00000    151.00000      0.00000
     21.25000    151.00000      0.00000
     15.75000    150.75000      0.00114
     16.00000    150.75000      0.00102
     18.00000    150.75000      0.00015
     18.25000    150.75000      0.00010
     18.50000    150.75000      0.00005
     18.75000    150.75000      0.00003
     19.00000    150.75000      0.00000
     19.25000    150.75000      0.00000
     19.50000    150.75000      0.00000
     19.75000    150.75000      0.00000
     20.00000    150.75000      0.00000
     15.75000    150.50000      0.00168
     16.00000    150.50000      0.00135
     18.00000    150.50000      0.00063
     18.25000    150.50000      0.00049
     18.50000    150.50000      0.00017
     18.75000    150.50000      0.00000
     19.00000    150.50000      0.00000
     19.25000    150.50000      0.00000
     19.50000    150.50000      0.00000
     19.75000    150.50000      0.00000
     20.00000    150.50000      0.00000
     15.75000    150.25000      0.00224
     16.00000    150.25000      0.00180
     18.00000    150.25000      0.00062
     18.25000    150.25000      0.00087
     18.50000    150.25000      0.00027
     18.75000    150.25000      0.00000
     19.00000    150.25000      0.00000
     19.25000    150.25000      0.00000
     19.50000    150.25000      0.00000
     19.75000    150.25000      0.00000
     20.00000    150.25000      0.00000
     15.75000    150.00000      0.00196
     16.00000    150.00000      0.00138
     18.00000    150.00000      0.00027
     18.25000    150.00000      0.00047
     18.50000    150.00000      0.00030
     18.75000    150.00000      0.00000
     19.00000    150.00000      0.00000
     19.25000    150.00000      0.00000
     19.50000    150.00000      0.00000
     19.75000    150.00000      0.00000
     20.00000    150.00000      0.00000
     18.00000    149.75000      0.00000
     18.25000    149.75000      0.00002
     18.50000    149.75000      0.00000
     18.75000    149.75000      0.00000
     19.00000    149.75000      0.00000
     18.00000    149.50000      0.00000
     18.25000    149.50000      0.00000
     18.50000    149.50000      0.00000
     18.75000    149.50000      0.00000
     19.00000    149.50000      0.00000
     18.00000    149.25000      0.00000
     18.25000    149.25000      0.00000
     18.50000    149.25000      0.00000
     18.75000    149.25000      0.00000
     19.00000    149.25000      0.00000
