     21.25000    164.00000      0.00641
     21.50000    164.00000      0.00473
     21.75000    164.00000      0.00307
     22.00000    164.00000      0.00160
     22.25000    164.00000      0.00073
     22.50000    164.00000      0.00067
     22.75000    164.00000      0.00060
     23.00000    164.00000      0.00057
     23.25000    164.00000      0.00040
     23.50000    164.00000      0.00009
     20.75000    163.75000      0.00792
     21.00000    163.75000      0.00671
     21.25000    163.75000      0.00554
     21.50000    163.75000      0.00430
     21.75000    163.75000      0.00272
     22.00000    163.75000      0.00138
     22.25000    163.75000      0.00054
     22.50000    163.75000      0.00041
     22.75000    163.75000      0.00036
     23.00000    163.75000      0.00026
     23.25000    163.75000      0.00014
     23.50000    163.75000      0.00001
     23.75000    163.75000      0.00000
     24.00000    163.75000      0.00000
     24.25000    163.75000      0.00046
     20.50000    163.50000      0.00802
     20.75000    163.50000      0.00696
     21.00000    163.50000      0.00584
     21.25000    163.50000      0.00474
     21.50000    163.50000      0.00365
     21.75000    163.50000      0.00223
     22.00000    163.50000      0.00099
     22.25000    163.50000      0.00031
     22.50000    163.50000      0.00016
     22.75000    163.50000      0.00004
     23.00000    163.50000      0.00000
     23.25000    163.50000      0.00000
     23.50000    163.50000      0.00000
     23.75000    163.50000      0.00000
     24.00000    163.50000      0.00000
     24.25000    163.50000      0.00072
     20.25000    163.25000      0.00684
     20.50000    163.25000      0.00638
     20.75000    163.25000      0.00561
     21.00000    163.25000      0.00473
     21.25000    163.25000      0.00382
     21.50000    163.25000      0.00277
     21.75000    163.25000      0.00165
     22.00000    163.25000      0.00064
     22.25000    163.25000      0.00013
     22.50000    163.25000      0.00000
     22.75000    163.25000      0.00000
     23.00000    163.25000      0.00000
     23.25000    163.25000      0.00000
     23.50000    163.25000      0.00000
     23.75000    163.25000      0.00000
     24.00000    163.25000      0.00000
     24.25000    163.25000      0.00052
     19.75000    163.00000      0.00821
     20.00000    163.00000      0.00672
     20.25000    163.00000      0.00561
     20.50000    163.00000      0.00514
     20.75000    163.00000      0.00467
     21.00000    163.00000      0.00405
     21.25000    163.00000      0.00325
     21.50000    163.00000      0.00240
     21.75000    163.00000      0.00159
     22.00000    163.00000      0.00075
     22.25000    163.00000      0.00025
     22.50000    163.00000      0.00001
     22.75000    163.00000      0.00000
     23.00000    163.00000      0.00000
     23.25000    163.00000      0.00000
     23.50000    163.00000      0.00000
     23.75000    163.00000      0.00000
     24.00000    163.00000      0.00000
     24.25000    163.00000      0.00073
     19.50000    162.75000      0.00924
     19.75000    162.75000      0.00805
     20.00000    162.75000      0.00656
     20.25000    162.75000      0.00543
     20.50000    162.75000      0.00479
     20.75000    162.75000      0.00442
     21.00000    162.75000      0.00407
     21.25000    162.75000      0.00340
     21.50000    162.75000      0.00278
     21.75000    162.75000      0.00206
     22.00000    162.75000      0.00146
     22.25000    162.75000      0.00081
     22.50000    162.75000      0.00035
     22.75000    162.75000      0.00002
     23.00000    162.75000      0.00000
     23.25000    162.75000      0.00000
     23.50000    162.75000      0.00000
     23.75000    162.75000      0.00000
     24.00000    162.75000      0.00036
     24.25000    162.75000      0.00155
     19.25000    162.50000      0.01043
     19.50000    162.50000      0.00989
     19.75000    162.50000      0.00896
     20.00000    162.50000      0.00798
     20.25000    162.50000      0.00681
     20.50000    162.50000      0.00587
     20.75000    162.50000      0.00505
     21.00000    162.50000      0.00458
     21.25000    162.50000      0.00426
     21.50000    162.50000      0.00368
     21.75000    162.50000      0.00310
     22.00000    162.50000      0.00250
     22.25000    162.50000      0.00187
     22.50000    162.50000      0.00125
     22.75000    162.50000      0.00070
     23.00000    162.50000      0.00051
     23.25000    162.50000      0.00043
     23.50000    162.50000      0.00063
     23.75000    162.50000      0.00085
     24.00000    162.50000      0.00169
     24.25000    162.50000      0.00296
     24.50000    162.50000      0.00426
     19.00000    162.25000      0.01094
     19.25000    162.25000      0.01082
     19.50000    162.25000      0.01055
     19.75000    162.25000      0.01013
     20.00000    162.25000      0.00927
     20.25000    162.25000      0.00820
     20.50000    162.25000      0.00694
     20.75000    162.25000      0.00569
     21.00000    162.25000      0.00504
     21.25000    162.25000      0.00472
     21.50000    162.25000      0.00460
     21.75000    162.25000      0.00419
     22.00000    162.25000      0.00372
     22.25000    162.25000      0.00307
     22.50000    162.25000      0.00238
     22.75000    162.25000      0.00171
     23.00000    162.25000      0.00141
     23.25000    162.25000      0.00145
     23.50000    162.25000      0.00181
     23.75000    162.25000      0.00218
     24.00000    162.25000      0.00322
     24.25000    162.25000      0.00447
     24.50000    162.25000      0.00564
     19.00000    162.00000      0.01137
     19.25000    162.00000      0.01124
     19.50000    162.00000      0.01115
     19.75000    162.00000      0.01094
     20.00000    162.00000      0.01029
     20.25000    162.00000      0.00918
     20.50000    162.00000      0.00776
     20.75000    162.00000      0.00647
     21.00000    162.00000      0.00564
     21.25000    162.00000      0.00529
     21.50000    162.00000      0.00540
     21.75000    162.00000      0.00550
     22.00000    162.00000      0.00507
     22.25000    162.00000      0.00455
     22.50000    162.00000      0.00395
     22.75000    162.00000      0.00323
     23.00000    162.00000      0.00299
     23.25000    162.00000      0.00295
     23.50000    162.00000      0.00337
     23.75000    162.00000      0.00405
     24.00000    162.00000      0.00496
     24.25000    162.00000      0.00623
     24.50000    162.00000      0.00719
     19.00000    161.75000      0.01173
     19.25000    161.75000      0.01153
     19.50000    161.75000      0.01146
     19.75000    161.75000      0.01139
     20.00000    161.75000      0.01078
     20.25000    161.75000      0.00988
     20.50000    161.75000      0.00844
     20.75000    161.75000      0.00725
     21.00000    161.75000      0.00639
     21.25000    161.75000      0.00600
     21.50000    161.75000      0.00608
     21.75000    161.75000      0.00628
     22.00000    161.75000      0.00618
     22.25000    161.75000      0.00591
     22.50000    161.75000      0.00547
     22.75000    161.75000      0.00504
     23.00000    161.75000      0.00493
     23.25000    161.75000      0.00510
     23.50000    161.75000      0.00560
     23.75000    161.75000      0.00622
     24.00000    161.75000      0.00709
     24.25000    161.75000      0.00807
     24.50000    161.75000      0.00891
     19.00000    161.50000      0.01177
     19.25000    161.50000      0.01146
     19.50000    161.50000      0.01147
     19.75000    161.50000      0.01135
     20.00000    161.50000      0.01088
     20.25000    161.50000      0.01017
     20.50000    161.50000      0.00910
     20.75000    161.50000      0.00816
     21.00000    161.50000      0.00754
     21.25000    161.50000      0.00713
     21.50000    161.50000      0.00717
     21.75000    161.50000      0.00721
     22.00000    161.50000      0.00722
     22.25000    161.50000      0.00693
     22.50000    161.50000      0.00661
     22.75000    161.50000      0.00629
     23.00000    161.50000      0.00645
     23.25000    161.50000      0.00709
     23.50000    161.50000      0.00819
     23.75000    161.50000      0.00888
     24.00000    161.50000      0.00957
     24.25000    161.50000      0.01037
     24.50000    161.50000      0.01089
     15.50000    161.25000      0.00775
     15.75000    161.25000      0.00801
     16.00000    161.25000      0.00816
     19.00000    161.25000      0.01182
     19.25000    161.25000      0.01152
     19.50000    161.25000      0.01135
     19.75000    161.25000      0.01131
     20.00000    161.25000      0.01096
     20.25000    161.25000      0.01057
     20.50000    161.25000      0.00988
     20.75000    161.25000      0.00919
     21.00000    161.25000      0.00882
     21.25000    161.25000      0.00850
     21.50000    161.25000      0.00851
     21.75000    161.25000      0.00839
     22.00000    161.25000      0.00837
     22.25000    161.25000      0.00819
     22.50000    161.25000      0.00800
     22.75000    161.25000      0.00779
     23.00000    161.25000      0.00797
     23.25000    161.25000      0.00864
     23.50000    161.25000      0.00980
     23.75000    161.25000      0.01095
     24.00000    161.25000      0.01198
     24.25000    161.25000      0.01251
     24.50000    161.25000      0.01298
     24.75000    161.25000      0.01332
     15.25000    161.00000      0.00662
     15.50000    161.00000      0.00697
     15.75000    161.00000      0.00719
     16.00000    161.00000      0.00769
     16.25000    161.00000      0.00885
     16.50000    161.00000      0.01133
     16.75000    161.00000      0.01378
     17.00000    161.00000      0.01530
     19.00000    161.00000      0.01202
     19.25000    161.00000      0.01167
     19.50000    161.00000      0.01165
     19.75000    161.00000      0.01150
     20.00000    161.00000      0.01120
     20.25000    161.00000      0.01089
     20.50000    161.00000      0.01045
     20.75000    161.00000      0.01013
     21.00000    161.00000      0.00974
     21.25000    161.00000      0.00953
     21.50000    161.00000      0.00952
     21.75000    161.00000      0.00937
     22.00000    161.00000      0.00919
     22.25000    161.00000      0.00911
     22.50000    161.00000      0.00900
     22.75000    161.00000      0.00876
     23.00000    161.00000      0.00905
     23.25000    161.00000      0.00986
     23.50000    161.00000      0.01105
     23.75000    161.00000      0.01235
     24.00000    161.00000      0.01328
     24.25000    161.00000      0.01410
     24.50000    161.00000      0.01443
     24.75000    161.00000      0.01475
     15.00000    160.75000      0.00490
     15.25000    160.75000      0.00629
     15.50000    160.75000      0.00663
     15.75000    160.75000      0.00698
     16.00000    160.75000      0.00772
     16.25000    160.75000      0.00914
     16.50000    160.75000      0.01109
     16.75000    160.75000      0.01342
     17.00000    160.75000      0.01481
     19.00000    160.75000      0.01239
     19.25000    160.75000      0.01216
     19.50000    160.75000      0.01198
     19.75000    160.75000      0.01167
     20.00000    160.75000      0.01147
     20.25000    160.75000      0.01126
     20.50000    160.75000      0.01093
     20.75000    160.75000      0.01073
     21.00000    160.75000      0.01045
     21.25000    160.75000      0.01023
     21.50000    160.75000      0.01007
     21.75000    160.75000      0.01004
     22.00000    160.75000      0.00983
     22.25000    160.75000      0.00970
     22.50000    160.75000      0.00951
     22.75000    160.75000      0.00946
     23.00000    160.75000      0.00970
     23.25000    160.75000      0.01062
     23.50000    160.75000      0.01194
     23.75000    160.75000      0.01351
     24.00000    160.75000      0.01456
     24.25000    160.75000      0.01526
     24.50000    160.75000      0.01535
     24.75000    160.75000      0.01544
     15.00000    160.50000      0.00549
     15.25000    160.50000      0.00652
     15.50000    160.50000      0.00687
     15.75000    160.50000      0.00722
     16.00000    160.50000      0.00800
     16.25000    160.50000      0.00921
     16.50000    160.50000      0.01095
     16.75000    160.50000      0.01282
     17.00000    160.50000      0.01399
     19.00000    160.50000      0.01304
     19.25000    160.50000      0.01273
     19.50000    160.50000      0.01246
     19.75000    160.50000      0.01206
     20.00000    160.50000      0.01176
     20.25000    160.50000      0.01156
     20.50000    160.50000      0.01120
     20.75000    160.50000      0.01084
     21.00000    160.50000      0.01068
     21.25000    160.50000      0.01045
     21.50000    160.50000      0.01029
     21.75000    160.50000      0.01026
     22.00000    160.50000      0.01014
     22.25000    160.50000      0.00995
     22.50000    160.50000      0.00967
     22.75000    160.50000      0.00951
     23.00000    160.50000      0.00994
     23.25000    160.50000      0.01094
     23.50000    160.50000      0.01262
     23.75000    160.50000      0.01467
     24.00000    160.50000      0.01597
     24.25000    160.50000      0.01640
     24.50000    160.50000      0.01611
     24.75000    160.50000      0.01594
     15.00000    160.25000      0.00559
     15.25000    160.25000      0.00674
     15.50000    160.25000      0.00711
     15.75000    160.25000      0.00747
     16.00000    160.25000      0.00828
     16.25000    160.25000      0.00927
     16.50000    160.25000      0.01081
     16.75000    160.25000      0.01223
     17.00000    160.25000      0.01316
     19.00000    160.25000      0.01326
     19.25000    160.25000      0.01328
     19.50000    160.25000      0.01294
     19.75000    160.25000      0.01245
     20.00000    160.25000      0.01217
     20.25000    160.25000      0.01184
     20.50000    160.25000      0.01146
     20.75000    160.25000      0.01108
     21.00000    160.25000      0.01077
     21.25000    160.25000      0.01054
     21.50000    160.25000      0.01050
     21.75000    160.25000      0.01047
     22.00000    160.25000      0.01032
     22.25000    160.25000      0.01006
     22.50000    160.25000      0.00981
     22.75000    160.25000      0.00956
     23.00000    160.25000      0.01005
     23.25000    160.25000      0.01126
     23.50000    160.25000      0.01343
     23.75000    160.25000      0.01596
     24.00000    160.25000      0.01749
     24.25000    160.25000      0.01792
     24.50000    160.25000      0.01699
     24.75000    160.25000      0.01632
     25.00000    160.25000      0.01591
     15.00000    160.00000      0.00572
     15.25000    160.00000      0.00687
     15.50000    160.00000      0.00725
     15.75000    160.00000      0.00776
     16.00000    160.00000      0.00846
     16.25000    160.00000      0.00936
     16.50000    160.00000      0.01059
     16.75000    160.00000      0.01169
     17.00000    160.00000      0.01252
     17.25000    160.00000      0.01322
     17.50000    160.00000      0.01366
     17.75000    160.00000      0.01349
     18.00000    160.00000      0.01336
     18.25000    160.00000      0.01316
     18.50000    160.00000      0.01315
     18.75000    160.00000      0.01315
     19.00000    160.00000      0.01320
     19.25000    160.00000      0.01331
     19.50000    160.00000      0.01322
     19.75000    160.00000      0.01293
     20.00000    160.00000      0.01255
     20.25000    160.00000      0.01211
     20.50000    160.00000      0.01172
     20.75000    160.00000      0.01133
     21.00000    160.00000      0.01101
     21.25000    160.00000      0.01089
     21.50000    160.00000      0.01070
     21.75000    160.00000      0.01065
     22.00000    160.00000      0.01047
     22.25000    160.00000      0.01030
     22.50000    160.00000      0.01000
     22.75000    160.00000      0.00970
     23.00000    160.00000      0.01013
     23.25000    160.00000      0.01155
     23.50000    160.00000      0.01419
     23.75000    160.00000      0.01718
     24.00000    160.00000      0.01881
     24.25000    160.00000      0.01909
     24.50000    160.00000      0.01741
     24.75000    160.00000      0.01648
     25.00000    160.00000      0.01595
     25.25000    160.00000      0.01581
     15.00000    159.75000      0.00561
     15.25000    159.75000      0.00690
     15.50000    159.75000      0.00755
     15.75000    159.75000      0.00820
     16.00000    159.75000      0.00881
     16.25000    159.75000      0.00951
     16.50000    159.75000      0.01029
     16.75000    159.75000      0.01106
     17.00000    159.75000      0.01180
     17.25000    159.75000      0.01262
     17.50000    159.75000      0.01304
     17.75000    159.75000      0.01303
     18.00000    159.75000      0.01306
     18.25000    159.75000      0.01302
     18.50000    159.75000      0.01303
     18.75000    159.75000      0.01291
     19.00000    159.75000      0.01308
     19.25000    159.75000      0.01314
     19.50000    159.75000      0.01337
     19.75000    159.75000      0.01323
     20.00000    159.75000      0.01291
     20.25000    159.75000      0.01262
     20.50000    159.75000      0.01211
     20.75000    159.75000      0.01172
     21.00000    159.75000      0.01139
     21.25000    159.75000      0.01111
     21.50000    159.75000      0.01102
     21.75000    159.75000      0.01092
     22.00000    159.75000      0.01072
     22.25000    159.75000      0.01040
     22.50000    159.75000      0.01010
     22.75000    159.75000      0.00980
     23.00000    159.75000      0.01033
     23.25000    159.75000      0.01183
     23.50000    159.75000      0.01466
     23.75000    159.75000      0.01809
     24.00000    159.75000      0.01992
     15.00000    159.50000      0.00553
     15.25000    159.50000      0.00683
     15.50000    159.50000      0.00762
     15.75000    159.50000      0.00855
     16.00000    159.50000      0.00919
     16.25000    159.50000      0.00968
     16.50000    159.50000      0.00990
     16.75000    159.50000      0.01023
     17.00000    159.50000      0.01074
     17.25000    159.50000      0.01128
     17.50000    159.50000      0.01171
     17.75000    159.50000      0.01214
     18.00000    159.50000      0.01236
     18.25000    159.50000      0.01249
     18.50000    159.50000      0.01255
     18.75000    159.50000      0.01261
     19.00000    159.50000      0.01278
     19.25000    159.50000      0.01293
     19.50000    159.50000      0.01319
     19.75000    159.50000      0.01345
     20.00000    159.50000      0.01337
     20.25000    159.50000      0.01312
     20.50000    159.50000      0.01263
     20.75000    159.50000      0.01213
     21.00000    159.50000      0.01178
     21.25000    159.50000      0.01147
     21.50000    159.50000      0.01132
     21.75000    159.50000      0.01117
     22.00000    159.50000      0.01094
     22.25000    159.50000      0.01063
     22.50000    159.50000      0.01024
     22.75000    159.50000      0.00984
     23.00000    159.50000      0.01037
     23.25000    159.50000      0.01208
     23.50000    159.50000      0.01508
     23.75000    159.50000      0.01855
     24.00000    159.50000      0.01982
     15.00000    159.25000      0.00562
     15.25000    159.25000      0.00689
     15.50000    159.25000      0.00782
     15.75000    159.25000      0.00889
     16.00000    159.25000      0.00957
     16.25000    159.25000      0.00973
     16.50000    159.25000      0.00950
     16.75000    159.25000      0.00927
     17.00000    159.25000      0.00901
     17.25000    159.25000      0.00950
     17.50000    159.25000      0.01037
     17.75000    159.25000      0.01125
     18.00000    159.25000      0.01177
     18.25000    159.25000      0.01209
     18.50000    159.25000      0.01220
     18.75000    159.25000      0.01230
     19.00000    159.25000      0.01247
     19.25000    159.25000      0.01258
     19.50000    159.25000      0.01288
     19.75000    159.25000      0.01318
     20.00000    159.25000      0.01338
     20.25000    159.25000      0.01320
     20.50000    159.25000      0.01292
     20.75000    159.25000      0.01263
     21.00000    159.25000      0.01217
     21.25000    159.25000      0.01183
     21.50000    159.25000      0.01162
     21.75000    159.25000      0.01141
     22.00000    159.25000      0.01103
     22.25000    159.25000      0.01072
     22.50000    159.25000      0.01024
     22.75000    159.25000      0.00975
     23.00000    159.25000      0.01041
     23.25000    159.25000      0.01220
     23.50000    159.25000      0.01550
     23.75000    159.25000      0.01913
     24.00000    159.25000      0.01934
     15.00000    159.00000      0.00575
     15.25000    159.00000      0.00668
     15.50000    159.00000      0.00791
     15.75000    159.00000      0.00914
     16.00000    159.00000      0.00972
     16.25000    159.00000      0.00978
     16.50000    159.00000      0.00918
     16.75000    159.00000      0.00804
     17.00000    159.00000      0.00761
     17.25000    159.00000      0.00812
     17.50000    159.00000      0.00943
     17.75000    159.00000      0.01060
     18.00000    159.00000      0.01130
     18.25000    159.00000      0.01164
     18.50000    159.00000      0.01177
     18.75000    159.00000      0.01202
     19.00000    159.00000      0.01217
     19.25000    159.00000      0.01236
     19.50000    159.00000      0.01258
     19.75000    159.00000      0.01293
     20.00000    159.00000      0.01294
     20.25000    159.00000      0.01286
     20.50000    159.00000      0.01257
     20.75000    159.00000      0.01215
     21.00000    159.00000      0.01173
     21.25000    159.00000      0.01158
     21.50000    159.00000      0.01156
     21.75000    159.00000      0.01131
     22.00000    159.00000      0.01092
     22.25000    159.00000      0.01051
     22.50000    159.00000      0.00993
     22.75000    159.00000      0.00923
     23.00000    159.00000      0.00987
     23.25000    159.00000      0.01199
     23.50000    159.00000      0.01555
     23.75000    159.00000      0.01957
     24.00000    159.00000      0.01882
     15.00000    158.75000      0.00582
     15.25000    158.75000      0.00633
     15.50000    158.75000      0.00775
     15.75000    158.75000      0.00904
     16.00000    158.75000      0.00965
     16.25000    158.75000      0.00970
     16.50000    158.75000      0.00885
     16.75000    158.75000      0.00740
     17.00000    158.75000      0.00688
     17.25000    158.75000      0.00741
     17.50000    158.75000      0.00888
     17.75000    158.75000      0.01009
     18.00000    158.75000      0.01093
     18.25000    158.75000      0.01140
     18.50000    158.75000      0.01151
     18.75000    158.75000      0.01174
     19.00000    158.75000      0.01186
     19.25000    158.75000      0.01213
     19.50000    158.75000      0.01228
     19.75000    158.75000      0.01243
     20.00000    158.75000      0.01252
     20.25000    158.75000      0.01229
     20.50000    158.75000      0.01187
     20.75000    158.75000      0.01145
     21.00000    158.75000      0.01103
     21.25000    158.75000      0.01074
     21.50000    158.75000      0.01058
     21.75000    158.75000      0.01043
     22.00000    158.75000      0.01028
     22.25000    158.75000      0.00989
     22.50000    158.75000      0.00932
     22.75000    158.75000      0.00840
     23.00000    158.75000      0.00902
     23.25000    158.75000      0.01118
     23.50000    158.75000      0.01522
     23.75000    158.75000      0.01960
     24.00000    158.75000      0.01838
     15.00000    158.50000      0.00568
     15.25000    158.50000      0.00597
     15.50000    158.50000      0.00735
     15.75000    158.50000      0.00872
     16.00000    158.50000      0.00948
     16.25000    158.50000      0.00949
     16.50000    158.50000      0.00850
     16.75000    158.50000      0.00727
     17.00000    158.50000      0.00694
     17.25000    158.50000      0.00739
     17.50000    158.50000      0.00874
     17.75000    158.50000      0.00983
     18.00000    158.50000      0.01066
     18.25000    158.50000      0.01111
     18.50000    158.50000      0.01129
     18.75000    158.50000      0.01148
     19.00000    158.50000      0.01168
     19.25000    158.50000      0.01176
     19.50000    158.50000      0.01186
     19.75000    158.50000      0.01195
     20.00000    158.50000      0.01187
     20.25000    158.50000      0.01162
     20.50000    158.50000      0.01107
     20.75000    158.50000      0.01052
     21.00000    158.50000      0.01008
     21.25000    158.50000      0.00977
     21.50000    158.50000      0.00958
     21.75000    158.50000      0.00940
     22.00000    158.50000      0.00908
     22.25000    158.50000      0.00852
     22.50000    158.50000      0.00783
     22.75000    158.50000      0.00688
     23.00000    158.50000      0.00773
     23.25000    158.50000      0.01042
     23.50000    158.50000      0.01479
     23.75000    158.50000      0.01949
     24.00000    158.50000      0.01815
     15.00000    158.25000      0.00527
     15.25000    158.25000      0.00549
     15.50000    158.25000      0.00694
     15.75000    158.25000      0.00840
     16.00000    158.25000      0.00913
     16.25000    158.25000      0.00902
     16.50000    158.25000      0.00815
     16.75000    158.25000      0.00714
     17.00000    158.25000      0.00688
     17.25000    158.25000      0.00737
     17.50000    158.25000      0.00847
     17.75000    158.25000      0.00957
     18.00000    158.25000      0.01039
     18.25000    158.25000      0.01081
     18.50000    158.25000      0.01108
     18.75000    158.25000      0.01135
     19.00000    158.25000      0.01150
     19.25000    158.25000      0.01153
     19.50000    158.25000      0.01156
     19.75000    158.25000      0.01147
     20.00000    158.25000      0.01135
     20.25000    158.25000      0.01095
     20.50000    158.25000      0.01039
     20.75000    158.25000      0.00971
     21.00000    158.25000      0.00926
     21.25000    158.25000      0.00893
     21.50000    158.25000      0.00857
     21.75000    158.25000      0.00835
     22.00000    158.25000      0.00787
     22.25000    158.25000      0.00726
     22.50000    158.25000      0.00626
     22.75000    158.25000      0.00513
     23.00000    158.25000      0.00602
     23.25000    158.25000      0.00918
     23.50000    158.25000      0.01435
     23.75000    158.25000      0.01937
     24.00000    158.25000      0.01791
     15.00000    158.00000      0.00552
     15.25000    158.00000      0.00586
     15.50000    158.00000      0.00734
     15.75000    158.00000      0.00858
     16.00000    158.00000      0.00897
     16.25000    158.00000      0.00888
     16.50000    158.00000      0.00805
     16.75000    158.00000      0.00723
     17.00000    158.00000      0.00687
     17.25000    158.00000      0.00724
     17.50000    158.00000      0.00823
     17.75000    158.00000      0.00920
     18.00000    158.00000      0.00989
     18.25000    158.00000      0.01042
     18.50000    158.00000      0.01065
     18.75000    158.00000      0.01089
     19.00000    158.00000      0.01114
     19.25000    158.00000      0.01115
     19.50000    158.00000      0.01118
     19.75000    158.00000      0.01107
     20.00000    158.00000      0.01081
     20.25000    158.00000      0.01039
     20.50000    158.00000      0.00982
     20.75000    158.00000      0.00911
     21.00000    158.00000      0.00863
     21.25000    158.00000      0.00826
     21.50000    158.00000      0.00785
     21.75000    158.00000      0.00758
     22.00000    158.00000      0.00707
     22.25000    158.00000      0.00644
     22.50000    158.00000      0.00545
     22.75000    158.00000      0.00434
     23.00000    158.00000      0.00511
     23.25000    158.00000      0.00829
     23.50000    158.00000      0.01390
     23.75000    158.00000      0.01878
     24.00000    158.00000      0.01905
     15.00000    157.75000      0.00668
     15.25000    157.75000      0.00711
     15.50000    157.75000      0.00820
     15.75000    157.75000      0.00910
     16.00000    157.75000      0.00938
     16.25000    157.75000      0.00918
     16.50000    157.75000      0.00822
     16.75000    157.75000      0.00726
     17.00000    157.75000      0.00677
     17.25000    157.75000      0.00702
     17.50000    157.75000      0.00788
     17.75000    157.75000      0.00873
     18.00000    157.75000      0.00928
     18.25000    157.75000      0.00979
     18.50000    157.75000      0.01014
     18.75000    157.75000      0.01048
     19.00000    157.75000      0.01060
     19.25000    157.75000      0.01076
     19.50000    157.75000      0.01070
     19.75000    157.75000      0.01077
     20.00000    157.75000      0.01052
     20.25000    157.75000      0.01009
     20.50000    157.75000      0.00947
     20.75000    157.75000      0.00872
     21.00000    157.75000      0.00820
     21.25000    157.75000      0.00777
     21.50000    157.75000      0.00730
     21.75000    157.75000      0.00696
     22.00000    157.75000      0.00643
     22.25000    157.75000      0.00582
     22.50000    157.75000      0.00502
     22.75000    157.75000      0.00410
     23.00000    157.75000      0.00486
     23.25000    157.75000      0.00771
     23.50000    157.75000      0.01260
     23.75000    157.75000      0.01783
     24.00000    157.75000      0.02003
     15.00000    157.50000      0.00838
     15.25000    157.50000      0.00871
     15.50000    157.50000      0.00945
     15.75000    157.50000      0.01018
     16.00000    157.50000      0.01025
     16.25000    157.50000      0.00978
     16.50000    157.50000      0.00865
     16.75000    157.50000      0.00751
     17.00000    157.50000      0.00673
     17.25000    157.50000      0.00670
     17.50000    157.50000      0.00729
     17.75000    157.50000      0.00801
     18.00000    157.50000      0.00856
     18.25000    157.50000      0.00893
     18.50000    157.50000      0.00940
     18.75000    157.50000      0.00973
     19.00000    157.50000      0.01001
     19.25000    157.50000      0.01023
     19.50000    157.50000      0.01039
     19.75000    157.50000      0.01043
     20.00000    157.50000      0.01022
     20.25000    157.50000      0.00991
     20.50000    157.50000      0.00924
     20.75000    157.50000      0.00856
     21.00000    157.50000      0.00797
     21.25000    157.50000      0.00733
     21.50000    157.50000      0.00692
     21.75000    157.50000      0.00637
     22.00000    157.50000      0.00595
     22.25000    157.50000      0.00553
     22.50000    157.50000      0.00511
     22.75000    157.50000      0.00455
     23.00000    157.50000      0.00528
     23.25000    157.50000      0.00743
     23.50000    157.50000      0.01112
     23.75000    157.50000      0.01514
     24.00000    157.50000      0.01729
     15.00000    157.25000      0.00996
     15.25000    157.25000      0.01012
     15.50000    157.25000      0.01069
     15.75000    157.25000      0.01112
     16.00000    157.25000      0.01111
     16.25000    157.25000      0.01038
     16.50000    157.25000      0.00920
     16.75000    157.25000      0.00763
     17.00000    157.25000      0.00668
     17.25000    157.25000      0.00637
     17.50000    157.25000      0.00683
     17.75000    157.25000      0.00729
     18.00000    157.25000      0.00770
     18.25000    157.25000      0.00820
     18.50000    157.25000      0.00866
     18.75000    157.25000      0.00911
     19.00000    157.25000      0.00941
     19.25000    157.25000      0.00969
     19.50000    157.25000      0.00995
     19.75000    157.25000      0.01008
     20.00000    157.25000      0.01006
     20.25000    157.25000      0.00961
     20.50000    157.25000      0.00900
     20.75000    157.25000      0.00826
     21.00000    157.25000      0.00760
     21.25000    157.25000      0.00702
     21.50000    157.25000      0.00640
     21.75000    157.25000      0.00591
     22.00000    157.25000      0.00547
     22.25000    157.25000      0.00524
     22.50000    157.25000      0.00506
     22.75000    157.25000      0.00501
     23.00000    157.25000      0.00557
     23.25000    157.25000      0.00714
     23.50000    157.25000      0.00973
     23.75000    157.25000      0.01256
     24.00000    157.25000      0.01413
     13.25000    157.00000      0.01001
     13.50000    157.00000      0.00994
     13.75000    157.00000      0.01053
     14.00000    157.00000      0.01096
     14.25000    157.00000      0.01128
     14.50000    157.00000      0.01127
     14.75000    157.00000      0.01086
     15.00000    157.00000      0.01097
     15.25000    157.00000      0.01107
     15.50000    157.00000      0.01143
     15.75000    157.00000      0.01178
     16.00000    157.00000      0.01153
     16.25000    157.00000      0.01094
     16.50000    157.00000      0.00948
     16.75000    157.00000      0.00788
     17.00000    157.00000      0.00679
     17.25000    157.00000      0.00623
     17.50000    157.00000      0.00658
     17.75000    157.00000      0.00680
     18.00000    157.00000      0.00708
     18.25000    157.00000      0.00757
     18.50000    157.00000      0.00799
     18.75000    157.00000      0.00842
     19.00000    157.00000      0.00884
     19.25000    157.00000      0.00913
     19.50000    157.00000      0.00941
     19.75000    157.00000      0.00969
     20.00000    157.00000      0.00954
     20.25000    157.00000      0.00922
     20.50000    157.00000      0.00872
     20.75000    157.00000      0.00809
     21.00000    157.00000      0.00741
     21.25000    157.00000      0.00681
     21.50000    157.00000      0.00628
     21.75000    157.00000      0.00562
     22.00000    157.00000      0.00531
     22.25000    157.00000      0.00522
     22.50000    157.00000      0.00536
     22.75000    157.00000      0.00535
     23.00000    157.00000      0.00575
     23.25000    157.00000      0.00682
     23.50000    157.00000      0.00921
     23.75000    157.00000      0.01132
     24.00000    157.00000      0.01259
     13.25000    156.75000      0.01001
     13.50000    156.75000      0.00982
     13.75000    156.75000      0.00963
     14.00000    156.75000      0.00975
     14.25000    156.75000      0.01015
     14.50000    156.75000      0.01059
     14.75000    156.75000      0.01115
     15.00000    156.75000      0.01143
     15.25000    156.75000      0.01169
     15.50000    156.75000      0.01192
     15.75000    156.75000      0.01215
     16.00000    156.75000      0.01191
     16.25000    156.75000      0.01119
     16.50000    156.75000      0.00987
     16.75000    156.75000      0.00827
     17.00000    156.75000      0.00707
     17.25000    156.75000      0.00653
     17.50000    156.75000      0.00653
     17.75000    156.75000      0.00652
     18.00000    156.75000      0.00669
     18.25000    156.75000      0.00703
     18.50000    156.75000      0.00754
     18.75000    156.75000      0.00806
     19.00000    156.75000      0.00843
     19.25000    156.75000      0.00866
     19.50000    156.75000      0.00888
     19.75000    156.75000      0.00898
     20.00000    156.75000      0.00893
     20.25000    156.75000      0.00874
     20.50000    156.75000      0.00827
     20.75000    156.75000      0.00793
     21.00000    156.75000      0.00741
     21.25000    156.75000      0.00682
     21.50000    156.75000      0.00630
     21.75000    156.75000      0.00564
     22.00000    156.75000      0.00546
     22.25000    156.75000      0.00537
     22.50000    156.75000      0.00561
     22.75000    156.75000      0.00598
     23.00000    156.75000      0.00608
     13.25000    156.50000      0.00987
     13.50000    156.50000      0.00945
     13.75000    156.50000      0.00902
     14.00000    156.50000      0.00916
     14.25000    156.50000      0.00972
     14.50000    156.50000      0.01059
     14.75000    156.50000      0.01118
     15.00000    156.50000      0.01160
     15.25000    156.50000      0.01184
     15.50000    156.50000      0.01204
     15.75000    156.50000      0.01211
     16.00000    156.50000      0.01185
     16.25000    156.50000      0.01127
     16.50000    156.50000      0.01010
     16.75000    156.50000      0.00879
     17.00000    156.50000      0.00763
     17.25000    156.50000      0.00701
     17.50000    156.50000      0.00681
     17.75000    156.50000      0.00661
     18.00000    156.50000      0.00666
     18.25000    156.50000      0.00685
     18.50000    156.50000      0.00730
     18.75000    156.50000      0.00775
     19.00000    156.50000      0.00804
     19.25000    156.50000      0.00816
     19.50000    156.50000      0.00812
     19.75000    156.50000      0.00808
     20.00000    156.50000      0.00810
     20.25000    156.50000      0.00804
     20.50000    156.50000      0.00791
     20.75000    156.50000      0.00778
     21.00000    156.50000      0.00745
     21.25000    156.50000      0.00705
     21.50000    156.50000      0.00658
     21.75000    156.50000      0.00598
     22.00000    156.50000      0.00581
     22.25000    156.50000      0.00580
     22.50000    156.50000      0.00621
     22.75000    156.50000      0.00649
     23.00000    156.50000      0.00630
     13.25000    156.25000      0.00986
     13.50000    156.25000      0.00920
     13.75000    156.25000      0.00854
     14.00000    156.25000      0.00857
     14.25000    156.25000      0.00930
     14.50000    156.25000      0.01045
     14.75000    156.25000      0.01134
     15.00000    156.25000      0.01171
     15.25000    156.25000      0.01174
     15.50000    156.25000      0.01184
     15.75000    156.25000      0.01180
     16.00000    156.25000      0.01156
     16.25000    156.25000      0.01111
     16.50000    156.25000      0.01032
     16.75000    156.25000      0.00917
     17.00000    156.25000      0.00818
     17.25000    156.25000      0.00748
     17.50000    156.25000      0.00708
     17.75000    156.25000      0.00655
     18.00000    156.25000      0.00650
     18.25000    156.25000      0.00654
     18.50000    156.25000      0.00706
     18.75000    156.25000      0.00745
     19.00000    156.25000      0.00765
     19.25000    156.25000      0.00767
     19.50000    156.25000      0.00750
     19.75000    156.25000      0.00731
     20.00000    156.25000      0.00726
     20.25000    156.25000      0.00721
     20.50000    156.25000      0.00741
     20.75000    156.25000      0.00762
     21.00000    156.25000      0.00762
     21.25000    156.25000      0.00728
     21.50000    156.25000      0.00687
     21.75000    156.25000      0.00632
     22.00000    156.25000      0.00615
     22.25000    156.25000      0.00623
     22.50000    156.25000      0.00668
     22.75000    156.25000      0.00713
     23.00000    156.25000      0.00690
     13.25000    156.00000      0.00943
     13.50000    156.00000      0.00876
     13.75000    156.00000      0.00796
     14.00000    156.00000      0.00826
     14.25000    156.00000      0.00926
     14.50000    156.00000      0.01031
     14.75000    156.00000      0.01122
     15.00000    156.00000      0.01144
     15.25000    156.00000      0.01148
     15.50000    156.00000      0.01147
     15.75000    156.00000      0.01160
     16.00000    156.00000      0.01150
     16.25000    156.00000      0.01106
     16.50000    156.00000      0.01026
     16.75000    156.00000      0.00936
     17.00000    156.00000      0.00840
     17.25000    156.00000      0.00764
     17.50000    156.00000      0.00720
     17.75000    156.00000      0.00659
     18.00000    156.00000      0.00634
     18.25000    156.00000      0.00666
     18.50000    156.00000      0.00698
     18.75000    156.00000      0.00730
     19.00000    156.00000      0.00731
     19.25000    156.00000      0.00726
     19.50000    156.00000      0.00688
     19.75000    156.00000      0.00650
     20.00000    156.00000      0.00642
     20.25000    156.00000      0.00665
     20.50000    156.00000      0.00705
     20.75000    156.00000      0.00746
     21.00000    156.00000      0.00752
     21.25000    156.00000      0.00737
     21.50000    156.00000      0.00687
     21.75000    156.00000      0.00651
     22.00000    156.00000      0.00636
     22.25000    156.00000      0.00655
     22.50000    156.00000      0.00721
     22.75000    156.00000      0.00774
     23.00000    156.00000      0.00764
     13.00000    155.75000      0.00897
     13.25000    155.75000      0.00884
     13.50000    155.75000      0.00812
     13.75000    155.75000      0.00741
     14.00000    155.75000      0.00782
     16.00000    155.75000      0.01172
     16.25000    155.75000      0.01142
     16.50000    155.75000      0.01038
     16.75000    155.75000      0.00909
     17.00000    155.75000      0.00817
     17.25000    155.75000      0.00749
     17.50000    155.75000      0.00708
     17.75000    155.75000      0.00634
     18.00000    155.75000      0.00615
     18.25000    155.75000      0.00640
     18.50000    155.75000      0.00720
     18.75000    155.75000      0.00732
     19.00000    155.75000      0.00727
     19.25000    155.75000      0.00692
     19.50000    155.75000      0.00642
     19.75000    155.75000      0.00590
     20.00000    155.75000      0.00584
     20.25000    155.75000      0.00597
     20.50000    155.75000      0.00657
     20.75000    155.75000      0.00716
     21.00000    155.75000      0.00741
     21.25000    155.75000      0.00731
     21.50000    155.75000      0.00686
     21.75000    155.75000      0.00655
     22.00000    155.75000      0.00656
     22.25000    155.75000      0.00689
     22.50000    155.75000      0.00767
     22.75000    155.75000      0.00844
     23.00000    155.75000      0.00848
     13.00000    155.50000      0.00812
     13.25000    155.50000      0.00794
     13.50000    155.50000      0.00742
     13.75000    155.50000      0.00690
     14.00000    155.50000      0.00739
     16.00000    155.50000      0.01230
     16.25000    155.50000      0.01154
     16.50000    155.50000      0.01022
     16.75000    155.50000      0.00862
     17.00000    155.50000      0.00760
     17.25000    155.50000      0.00703
     17.50000    155.50000      0.00711
     17.75000    155.50000      0.00658
     18.00000    155.50000      0.00643
     18.25000    155.50000      0.00681
     18.50000    155.50000      0.00745
     18.75000    155.50000      0.00762
     19.00000    155.50000      0.00727
     19.25000    155.50000      0.00680
     19.50000    155.50000      0.00623
     19.75000    155.50000      0.00551
     20.00000    155.50000      0.00538
     20.25000    155.50000      0.00557
     20.50000    155.50000      0.00621
     20.75000    155.50000      0.00672
     21.00000    155.50000      0.00701
     21.25000    155.50000      0.00696
     21.50000    155.50000      0.00670
     21.75000    155.50000      0.00644
     22.00000    155.50000      0.00662
     22.25000    155.50000      0.00710
     22.50000    155.50000      0.00816
     22.75000    155.50000      0.00922
     23.00000    155.50000      0.00942
     13.00000    155.25000      0.00728
     13.25000    155.25000      0.00718
     13.50000    155.25000      0.00685
     13.75000    155.25000      0.00651
     14.00000    155.25000      0.00671
     16.00000    155.25000      0.01259
     16.25000    155.25000      0.01167
     16.50000    155.25000      0.01005
     16.75000    155.25000      0.00815
     17.00000    155.25000      0.00690
     17.25000    155.25000      0.00657
     17.50000    155.25000      0.00726
     17.75000    155.25000      0.00681
     18.00000    155.25000      0.00684
     18.25000    155.25000      0.00710
     18.50000    155.25000      0.00770
     18.75000    155.25000      0.00793
     19.00000    155.25000      0.00741
     19.25000    155.25000      0.00669
     19.50000    155.25000      0.00591
     19.75000    155.25000      0.00513
     20.00000    155.25000      0.00492
     20.25000    155.25000      0.00517
     20.50000    155.25000      0.00572
     20.75000    155.25000      0.00640
     21.00000    155.25000      0.00674
     21.25000    155.25000      0.00674
     21.50000    155.25000      0.00652
     21.75000    155.25000      0.00631
     22.00000    155.25000      0.00666
     22.25000    155.25000      0.00743
     22.50000    155.25000      0.00863
     22.75000    155.25000      0.00964
     23.00000    155.25000      0.01018
     13.00000    155.00000      0.00645
     13.25000    155.00000      0.00646
     13.50000    155.00000      0.00623
     13.75000    155.00000      0.00608
     14.00000    155.00000      0.00639
     16.00000    155.00000      0.01266
     16.25000    155.00000      0.01174
     16.50000    155.00000      0.01013
     16.75000    155.00000      0.00811
     17.00000    155.00000      0.00702
     17.25000    155.00000      0.00685
     17.50000    155.00000      0.00758
     17.75000    155.00000      0.00747
     18.00000    155.00000      0.00748
     18.25000    155.00000      0.00762
     18.50000    155.00000      0.00814
     18.75000    155.00000      0.00836
     19.00000    155.00000      0.00769
     19.25000    155.00000      0.00686
     19.50000    155.00000      0.00599
     19.75000    155.00000      0.00512
     20.00000    155.00000      0.00483
     20.25000    155.00000      0.00497
     20.50000    155.00000      0.00543
     20.75000    155.00000      0.00601
     21.00000    155.00000      0.00636
     21.25000    155.00000      0.00638
     21.50000    155.00000      0.00618
     21.75000    155.00000      0.00598
     22.00000    155.00000      0.00613
     22.25000    155.00000      0.00653
     22.50000    155.00000      0.00795
     22.75000    155.00000      0.00911
     23.00000    155.00000      0.00962
     23.25000    155.00000      0.00988
     23.50000    155.00000      0.00962
     23.75000    155.00000      0.00858
     14.00000    154.75000      0.00614
     16.00000    154.75000      0.01237
     16.25000    154.75000      0.01164
     16.50000    154.75000      0.01021
     16.75000    154.75000      0.00864
     17.00000    154.75000      0.00781
     17.25000    154.75000      0.00787
     17.50000    154.75000      0.00820
     17.75000    154.75000      0.00817
     18.00000    154.75000      0.00822
     18.25000    154.75000      0.00851
     18.50000    154.75000      0.00889
     18.75000    154.75000      0.00905
     19.00000    154.75000      0.00827
     19.25000    154.75000      0.00732
     19.50000    154.75000      0.00634
     19.75000    154.75000      0.00536
     20.00000    154.75000      0.00496
     20.25000    154.75000      0.00499
     20.50000    154.75000      0.00546
     20.75000    154.75000      0.00579
     21.00000    154.75000      0.00602
     21.25000    154.75000      0.00589
     21.50000    154.75000      0.00548
     21.75000    154.75000      0.00506
     22.00000    154.75000      0.00488
     14.00000    154.50000      0.00613
     16.00000    154.50000      0.01200
     16.25000    154.50000      0.01148
     16.50000    154.50000      0.01067
     16.75000    154.50000      0.00958
     17.00000    154.50000      0.00915
     17.25000    154.50000      0.00881
     17.50000    154.50000      0.00898
     17.75000    154.50000      0.00902
     18.00000    154.50000      0.00919
     18.25000    154.50000      0.00938
     18.50000    154.50000      0.00956
     18.75000    154.50000      0.00974
     19.00000    154.50000      0.00899
     19.25000    154.50000      0.00794
     19.50000    154.50000      0.00696
     19.75000    154.50000      0.00598
     20.00000    154.50000      0.00544
     20.25000    154.50000      0.00522
     20.50000    154.50000      0.00542
     20.75000    154.50000      0.00562
     21.00000    154.50000      0.00557
     21.25000    154.50000      0.00522
     21.50000    154.50000      0.00460
     21.75000    154.50000      0.00407
     22.00000    154.50000      0.00329
     14.00000    154.25000      0.00598
     16.00000    154.25000      0.01082
     16.25000    154.25000      0.01060
     16.50000    154.25000      0.01016
     16.75000    154.25000      0.00960
     17.00000    154.25000      0.00926
     17.25000    154.25000      0.00927
     17.50000    154.25000      0.00951
     17.75000    154.25000      0.00974
     18.00000    154.25000      0.00990
     18.25000    154.25000      0.01011
     18.50000    154.25000      0.01036
     18.75000    154.25000      0.01042
     19.00000    154.25000      0.00959
     19.25000    154.25000      0.00868
     19.50000    154.25000      0.00758
     19.75000    154.25000      0.00647
     20.00000    154.25000      0.00593
     20.25000    154.25000      0.00557
     20.50000    154.25000      0.00552
     20.75000    154.25000      0.00546
     21.00000    154.25000      0.00511
     21.25000    154.25000      0.00442
     21.50000    154.25000      0.00382
     21.75000    154.25000      0.00311
     22.00000    154.25000      0.00205
     14.00000    154.00000      0.00603
     14.25000    154.00000      0.00741
     14.50000    154.00000      0.00846
     14.75000    154.00000      0.00950
     15.00000    154.00000      0.01019
     15.25000    154.00000      0.01051
     15.50000    154.00000      0.01067
     15.75000    154.00000      0.01058
     16.00000    154.00000      0.01038
     16.25000    154.00000      0.01021
     16.50000    154.00000      0.00995
     16.75000    154.00000      0.00956
     17.00000    154.00000      0.00946
     17.25000    154.00000      0.00952
     17.50000    154.00000      0.00989
     17.75000    154.00000      0.01025
     18.00000    154.00000      0.01048
     18.25000    154.00000      0.01070
     18.50000    154.00000      0.01078
     18.75000    154.00000      0.01086
     19.00000    154.00000      0.01028
     19.25000    154.00000      0.00926
     19.50000    154.00000      0.00816
     19.75000    154.00000      0.00706
     20.00000    154.00000      0.00638
     20.25000    154.00000      0.00587
     20.50000    154.00000      0.00578
     20.75000    154.00000      0.00543
     21.00000    154.00000      0.00478
     21.25000    154.00000      0.00397
     21.50000    154.00000      0.00319
     21.75000    154.00000      0.00240
     22.00000    154.00000      0.00149
     14.00000    153.75000      0.00615
     14.25000    153.75000      0.00741
     14.50000    153.75000      0.00861
     14.75000    153.75000      0.00955
     15.00000    153.75000      0.01024
     15.25000    153.75000      0.01070
     15.50000    153.75000      0.01075
     15.75000    153.75000      0.01052
     16.00000    153.75000      0.01029
     16.25000    153.75000      0.01020
     16.50000    153.75000      0.00999
     16.75000    153.75000      0.00977
     17.00000    153.75000      0.00977
     17.25000    153.75000      0.00997
     17.50000    153.75000      0.01026
     17.75000    153.75000      0.01054
     18.00000    153.75000      0.01080
     18.25000    153.75000      0.01089
     18.50000    153.75000      0.01095
     18.75000    153.75000      0.01100
     19.00000    153.75000      0.01075
     19.25000    153.75000      0.00993
     19.50000    153.75000      0.00870
     19.75000    153.75000      0.00760
     20.00000    153.75000      0.00678
     20.25000    153.75000      0.00636
     20.50000    153.75000      0.00608
     20.75000    153.75000      0.00560
     21.00000    153.75000      0.00469
     21.25000    153.75000      0.00377
     21.50000    153.75000      0.00285
     21.75000    153.75000      0.00196
     22.00000    153.75000      0.00129
     14.00000    153.50000      0.00608
     14.25000    153.50000      0.00725
     14.50000    153.50000      0.00838
     14.75000    153.50000      0.00924
     15.00000    153.50000      0.00996
     15.25000    153.50000      0.01041
     15.50000    153.50000      0.01057
     15.75000    153.50000      0.01052
     16.00000    153.50000      0.01043
     16.25000    153.50000      0.01044
     16.50000    153.50000      0.01029
     16.75000    153.50000      0.01026
     17.00000    153.50000      0.01019
     17.25000    153.50000      0.01035
     17.50000    153.50000      0.01061
     17.75000    153.50000      0.01074
     18.00000    153.50000      0.01098
     18.25000    153.50000      0.01106
     18.50000    153.50000      0.01098
     18.75000    153.50000      0.01103
     19.00000    153.50000      0.01064
     19.25000    153.50000      0.00996
     19.50000    153.50000      0.00923
     19.75000    153.50000      0.00811
     20.00000    153.50000      0.00739
     20.25000    153.50000      0.00678
     20.50000    153.50000      0.00642
     20.75000    153.50000      0.00586
     21.00000    153.50000      0.00499
     21.25000    153.50000      0.00392
     21.50000    153.50000      0.00269
     21.75000    153.50000      0.00165
     22.00000    153.50000      0.00119
     14.00000    153.25000      0.00600
     14.25000    153.25000      0.00708
     14.50000    153.25000      0.00801
     14.75000    153.25000      0.00893
     15.00000    153.25000      0.00954
     15.25000    153.25000      0.01001
     15.50000    153.25000      0.01026
     15.75000    153.25000      0.01052
     16.00000    153.25000      0.01057
     16.25000    153.25000      0.01055
     16.50000    153.25000      0.01058
     16.75000    153.25000      0.01061
     17.00000    153.25000      0.01061
     17.25000    153.25000      0.01073
     17.50000    153.25000      0.01084
     17.75000    153.25000      0.01095
     18.00000    153.25000      0.01103
     18.25000    153.25000      0.01110
     18.50000    153.25000      0.01101
     18.75000    153.25000      0.01092
     19.00000    153.25000      0.01053
     19.25000    153.25000      0.00985
     19.50000    153.25000      0.00900
     19.75000    153.25000      0.00814
     20.00000    153.25000      0.00758
     20.25000    153.25000      0.00694
     20.50000    153.25000      0.00647
     20.75000    153.25000      0.00600
     21.00000    153.25000      0.00515
     21.25000    153.25000      0.00394
     21.50000    153.25000      0.00253
     21.75000    153.25000      0.00135
     22.00000    153.25000      0.00070
     14.25000    153.00000      0.00697
     14.50000    153.00000      0.00791
     14.75000    153.00000      0.00885
     15.00000    153.00000      0.00946
     15.25000    153.00000      0.00999
     15.50000    153.00000      0.01027
     15.75000    153.00000      0.01055
     16.00000    153.00000      0.01075
     16.25000    153.00000      0.01086
     16.50000    153.00000      0.01088
     16.75000    153.00000      0.01090
     17.00000    153.00000      0.01088
     17.25000    153.00000      0.01096
     17.50000    153.00000      0.01101
     17.75000    153.00000      0.01106
     18.00000    153.00000      0.01110
     18.25000    153.00000      0.01112
     18.50000    153.00000      0.01099
     18.75000    153.00000      0.01086
     19.00000    153.00000      0.01045
     19.25000    153.00000      0.00975
     19.50000    153.00000      0.00889
     19.75000    153.00000      0.00804
     20.00000    153.00000      0.00751
     20.25000    153.00000      0.00704
     20.50000    153.00000      0.00664
     20.75000    153.00000      0.00637
     21.00000    153.00000      0.00555
     21.25000    153.00000      0.00446
     21.50000    153.00000      0.00311
     21.75000    153.00000      0.00172
     22.00000    153.00000      0.00101
     15.00000    152.75000      0.00970
     15.25000    152.75000      0.01018
     15.50000    152.75000      0.01059
     15.75000    152.75000      0.01088
     16.00000    152.75000      0.01109
     16.25000    152.75000      0.01111
     16.50000    152.75000      0.01118
     16.75000    152.75000      0.01125
     17.00000    152.75000      0.01124
     17.25000    152.75000      0.01128
     17.50000    152.75000      0.01126
     17.75000    152.75000      0.01122
     18.00000    152.75000      0.01118
     18.25000    152.75000      0.01112
     18.50000    152.75000      0.01091
     18.75000    152.75000      0.01071
     19.00000    152.75000      0.01024
     19.25000    152.75000      0.00965
     19.50000    152.75000      0.00880
     19.75000    152.75000      0.00808
     20.00000    152.75000      0.00757
     20.25000    152.75000      0.00715
     20.50000    152.75000      0.00707
     20.75000    152.75000      0.00685
     21.00000    152.75000      0.00645
     21.25000    152.75000      0.00549
     21.50000    152.75000      0.00422
     21.75000    152.75000      0.00297
     22.00000    152.75000      0.00241
     15.00000    152.50000      0.01010
     15.25000    152.50000      0.01047
     15.50000    152.50000      0.01096
     15.75000    152.50000      0.01124
     16.00000    152.50000      0.01135
     16.25000    152.50000      0.01157
     16.50000    152.50000      0.01162
     16.75000    152.50000      0.01166
     17.00000    152.50000      0.01157
     17.25000    152.50000      0.01158
     17.50000    152.50000      0.01144
     17.75000    152.50000      0.01130
     18.00000    152.50000      0.01115
     18.25000    152.50000      0.01111
     18.50000    152.50000      0.01079
     18.75000    152.50000      0.01060
     19.00000    152.50000      0.01020
     19.25000    152.50000      0.00957
     19.50000    152.50000      0.00885
     19.75000    152.50000      0.00827
     20.00000    152.50000      0.00778
     20.25000    152.50000      0.00764
     20.50000    152.50000      0.00774
     20.75000    152.50000      0.00783
     21.00000    152.50000      0.00760
     21.25000    152.50000      0.00716
     21.50000    152.50000      0.00625
     21.75000    152.50000      0.00548
     22.00000    152.50000      0.00517
     15.00000    152.25000      0.01050
     15.25000    152.25000      0.01073
     15.50000    152.25000      0.01124
     15.75000    152.25000      0.01160
     16.00000    152.25000      0.01174
     16.25000    152.25000      0.01189
     16.50000    152.25000      0.01191
     16.75000    152.25000      0.01207
     17.00000    152.25000      0.01201
     17.25000    152.25000      0.01186
     17.50000    152.25000      0.01163
     17.75000    152.25000      0.01151
     18.00000    152.25000      0.01125
     18.25000    152.25000      0.01096
     18.50000    152.25000      0.01079
     18.75000    152.25000      0.01050
     19.00000    152.25000      0.01002
     19.25000    152.25000      0.00948
     19.50000    152.25000      0.00903
     19.75000    152.25000      0.00844
     20.00000    152.25000      0.00810
     20.25000    152.25000      0.00813
     20.50000    152.25000      0.00854
     20.75000    152.25000      0.00895
     21.00000    152.25000      0.00900
     21.25000    152.25000      0.00896
     21.50000    152.25000      0.00870
     21.75000    152.25000      0.00830
     22.00000    152.25000      0.00828
     15.00000    152.00000      0.01074
     15.25000    152.00000      0.01096
     15.50000    152.00000      0.01122
     15.75000    152.00000      0.01161
     16.00000    152.00000      0.01198
     16.25000    152.00000      0.01206
     16.50000    152.00000      0.01212
     16.75000    152.00000      0.01218
     17.00000    152.00000      0.01214
     17.25000    152.00000      0.01199
     17.50000    152.00000      0.01173
     17.75000    152.00000      0.01133
     18.00000    152.00000      0.01115
     18.25000    152.00000      0.01081
     18.50000    152.00000      0.01056
     18.75000    152.00000      0.01031
     19.00000    152.00000      0.00990
     19.25000    152.00000      0.00946
     19.50000    152.00000      0.00899
     19.75000    152.00000      0.00852
     20.00000    152.00000      0.00831
     20.25000    152.00000      0.00861
     20.50000    152.00000      0.00903
     20.75000    152.00000      0.00959
     21.00000    152.00000      0.00978
     21.25000    152.00000      0.01000
     21.50000    152.00000      0.00986
     21.75000    152.00000      0.00971
     15.00000    151.75000      0.01081
     15.25000    151.75000      0.01089
     15.50000    151.75000      0.01116
     15.75000    151.75000      0.01143
     16.00000    151.75000      0.01168
     16.25000    151.75000      0.01192
     16.50000    151.75000      0.01210
     16.75000    151.75000      0.01213
     17.00000    151.75000      0.01208
     17.25000    151.75000      0.01182
     17.50000    151.75000      0.01149
     17.75000    151.75000      0.01102
     18.00000    151.75000      0.01073
     18.25000    151.75000      0.01050
     18.50000    151.75000      0.01021
     18.75000    151.75000      0.01005
     19.00000    151.75000      0.00973
     19.25000    151.75000      0.00938
     19.50000    151.75000      0.00888
     19.75000    151.75000      0.00851
     20.00000    151.75000      0.00839
     20.25000    151.75000      0.00854
     20.50000    151.75000      0.00908
     20.75000    151.75000      0.00962
     21.00000    151.75000      0.00980
     21.25000    151.75000      0.00988
     21.50000    151.75000      0.00974
     21.75000    151.75000      0.00946
     15.25000    151.50000      0.01092
     15.50000    151.50000      0.01093
     15.75000    151.50000      0.01107
     16.00000    151.50000      0.01123
     16.25000    151.50000      0.01154
     16.50000    151.50000      0.01187
     16.75000    151.50000      0.01192
     17.00000    151.50000      0.01185
     17.25000    151.50000      0.01151
     17.50000    151.50000      0.01104
     17.75000    151.50000      0.01044
     18.00000    151.50000      0.01011
     18.25000    151.50000      0.00979
     18.50000    151.50000      0.00975
     18.75000    151.50000      0.00971
     19.00000    151.50000      0.00962
     19.25000    151.50000      0.00924
     19.50000    151.50000      0.00882
     19.75000    151.50000      0.00839
     20.00000    151.50000      0.00823
     20.25000    151.50000      0.00833
     20.50000    151.50000      0.00869
     20.75000    151.50000      0.00918
     21.00000    151.50000      0.00920
     21.25000    151.50000      0.00887
     21.50000    151.50000      0.00820
     21.75000    151.50000      0.00740
     15.50000    151.25000      0.01070
     15.75000    151.25000      0.01071
     16.00000    151.25000      0.01078
     16.25000    151.25000      0.01116
     16.50000    151.25000      0.01159
     16.75000    151.25000      0.01171
     17.00000    151.25000      0.01148
     17.25000    151.25000      0.01107
     17.50000    151.25000      0.01046
     17.75000    151.25000      0.00973
     18.00000    151.25000      0.00922
     18.25000    151.25000      0.00908
     18.50000    151.25000      0.00929
     18.75000    151.25000      0.00950
     19.00000    151.25000      0.00939
     19.25000    151.25000      0.00923
     19.50000    151.25000      0.00876
     19.75000    151.25000      0.00828
     20.00000    151.25000      0.00807
     20.25000    151.25000      0.00812
     20.50000    151.25000      0.00843
     20.75000    151.25000      0.00874
     21.00000    151.25000      0.00859
     21.25000    151.25000      0.00799
     21.50000    151.25000      0.00679
     21.75000    151.25000      0.00533
     16.00000    151.00000      0.01055
     16.25000    151.00000      0.01069
     16.50000    151.00000      0.01128
     16.75000    151.00000      0.01122
     17.00000    151.00000      0.01100
     17.25000    151.00000      0.01051
     17.50000    151.00000      0.00986
     17.75000    151.00000      0.00909
     18.00000    151.00000      0.00889
     18.25000    151.00000      0.00874
     18.50000    151.00000      0.00890
     18.75000    151.00000      0.00919
     19.00000    151.00000      0.00917
     19.25000    151.00000      0.00899
     19.50000    151.00000      0.00850
     19.75000    151.00000      0.00815
     20.00000    151.00000      0.00786
     20.25000    151.00000      0.00794
     20.50000    151.00000      0.00815
     20.75000    151.00000      0.00844
     21.00000    151.00000      0.00833
     21.25000    151.00000      0.00769
     15.75000    150.75000      0.01079
     16.00000    150.75000      0.01056
     18.00000    150.75000      0.00897
     18.25000    150.75000      0.00891
     18.50000    150.75000      0.00885
     18.75000    150.75000      0.00892
     19.00000    150.75000      0.00872
     19.25000    150.75000      0.00852
     19.50000    150.75000      0.00819
     19.75000    150.75000      0.00786
     20.00000    150.75000      0.00767
     15.75000    150.50000      0.01137
     16.00000    150.50000      0.01093
     18.00000    150.50000      0.00975
     18.25000    150.50000      0.00959
     18.50000    150.50000      0.00915
     18.75000    150.50000      0.00857
     19.00000    150.50000      0.00817
     19.25000    150.50000      0.00783
     19.50000    150.50000      0.00769
     19.75000    150.50000      0.00742
     20.00000    150.50000      0.00735
     15.75000    150.25000      0.01194
     16.00000    150.25000      0.01143
     18.00000    150.25000      0.00990
     18.25000    150.25000      0.01011
     18.50000    150.25000      0.00932
     18.75000    150.25000      0.00834
     19.00000    150.25000      0.00761
     19.25000    150.25000      0.00714
     19.50000    150.25000      0.00706
     19.75000    150.25000      0.00712
     20.00000    150.25000      0.00707
     15.75000    150.00000      0.01156
     16.00000    150.00000      0.01089
     18.00000    150.00000      0.00943
     18.25000    150.00000      0.00964
     18.50000    150.00000      0.00924
     18.75000    150.00000      0.00786
     19.00000    150.00000      0.00708
     19.25000    150.00000      0.00684
     19.50000    150.00000      0.00704
     19.75000    150.00000      0.00712
     20.00000    150.00000      0.00717
     18.00000    149.75000      0.00857
     18.25000    149.75000      0.00872
     18.50000    149.75000      0.00834
     18.75000    149.75000      0.00750
     19.00000    149.75000      0.00677
     18.00000    149.50000      0.00768
     18.25000    149.50000      0.00733
     18.50000    149.50000      0.00678
     18.75000    149.50000      0.00597
     19.00000    149.50000      0.00569
     18.00000    149.25000      0.00668
     18.25000    149.25000      0.00619
     18.50000    149.25000      0.00520
     18.75000    149.25000      0.00435
     19.00000    149.25000      0.00384
