     21.25000    164.00000      0.00025
     21.50000    164.00000      0.00000
     21.75000    164.00000      0.00000
     22.00000    164.00000      0.00000
     22.25000    164.00000      0.00000
     22.50000    164.00000      0.00000
     22.75000    164.00000      0.00000
     23.00000    164.00000      0.00000
     23.25000    164.00000      0.00000
     23.50000    164.00000      0.00000
     20.75000    163.75000      0.00145
     21.00000    163.75000      0.00043
     21.25000    163.75000      0.00000
     21.50000    163.75000      0.00000
     21.75000    163.75000      0.00000
     22.00000    163.75000      0.00000
     22.25000    163.75000      0.00000
     22.50000    163.75000      0.00000
     22.75000    163.75000      0.00000
     23.00000    163.75000      0.00000
     23.25000    163.75000      0.00000
     23.50000    163.75000      0.00000
     23.75000    163.75000      0.00000
     24.00000    163.75000      0.00000
     24.25000    163.75000      0.00000
     20.50000    163.50000      0.00157
     20.75000    163.50000      0.00067
     21.00000    163.50000      0.00003
     21.25000    163.50000      0.00000
     21.50000    163.50000      0.00000
     21.75000    163.50000      0.00000
     22.00000    163.50000      0.00000
     22.25000    163.50000      0.00000
     22.50000    163.50000      0.00000
     22.75000    163.50000      0.00000
     23.00000    163.50000      0.00000
     23.25000    163.50000      0.00000
     23.50000    163.50000      0.00000
     23.75000    163.50000      0.00000
     24.00000    163.50000      0.00000
     24.25000    163.50000      0.00000
     20.25000    163.25000      0.00052
     20.50000    163.25000      0.00028
     20.75000    163.25000      0.00000
     21.00000    163.25000      0.00000
     21.25000    163.25000      0.00000
     21.50000    163.25000      0.00000
     21.75000    163.25000      0.00000
     22.00000    163.25000      0.00000
     22.25000    163.25000      0.00000
     22.50000    163.25000      0.00000
     22.75000    163.25000      0.00000
     23.00000    163.25000      0.00000
     23.25000    163.25000      0.00000
     23.50000    163.25000      0.00000
     23.75000    163.25000      0.00000
     24.00000    163.25000      0.00000
     24.25000    163.25000      0.00000
     19.75000    163.00000      0.00154
     20.00000    163.00000      0.00039
     20.25000    163.00000      0.00000
     20.50000    163.00000      0.00000
     20.75000    163.00000      0.00000
     21.00000    163.00000      0.00000
     21.25000    163.00000      0.00000
     21.50000    163.00000      0.00000
     21.75000    163.00000      0.00000
     22.00000    163.00000      0.00000
     22.25000    163.00000      0.00000
     22.50000    163.00000      0.00000
     22.75000    163.00000      0.00000
     23.00000    163.00000      0.00000
     23.25000    163.00000      0.00000
     23.50000    163.00000      0.00000
     23.75000    163.00000      0.00000
     24.00000    163.00000      0.00000
     24.25000    163.00000      0.00000
     19.50000    162.75000      0.00247
     19.75000    162.75000      0.00138
     20.00000    162.75000      0.00029
     20.25000    162.75000      0.00000
     20.50000    162.75000      0.00000
     20.75000    162.75000      0.00000
     21.00000    162.75000      0.00000
     21.25000    162.75000      0.00000
     21.50000    162.75000      0.00000
     21.75000    162.75000      0.00000
     22.00000    162.75000      0.00000
     22.25000    162.75000      0.00000
     22.50000    162.75000      0.00000
     22.75000    162.75000      0.00000
     23.00000    162.75000      0.00000
     23.25000    162.75000      0.00000
     23.50000    162.75000      0.00000
     23.75000    162.75000      0.00000
     24.00000    162.75000      0.00000
     24.25000    162.75000      0.00000
     19.25000    162.50000      0.00365
     19.50000    162.50000      0.00315
     19.75000    162.50000      0.00226
     20.00000    162.50000      0.00137
     20.25000    162.50000      0.00047
     20.50000    162.50000      0.00003
     20.75000    162.50000      0.00000
     21.00000    162.50000      0.00000
     21.25000    162.50000      0.00000
     21.50000    162.50000      0.00000
     21.75000    162.50000      0.00000
     22.00000    162.50000      0.00000
     22.25000    162.50000      0.00000
     22.50000    162.50000      0.00000
     22.75000    162.50000      0.00000
     23.00000    162.50000      0.00000
     23.25000    162.50000      0.00000
     23.50000    162.50000      0.00000
     23.75000    162.50000      0.00000
     24.00000    162.50000      0.00000
     24.25000    162.50000      0.00000
     24.50000    162.50000      0.00000
     19.00000    162.25000      0.00420
     19.25000    162.25000      0.00407
     19.50000    162.25000      0.00385
     19.75000    162.25000      0.00349
     20.00000    162.25000      0.00263
     20.25000    162.25000      0.00161
     20.50000    162.25000      0.00056
     20.75000    162.25000      0.00000
     21.00000    162.25000      0.00000
     21.25000    162.25000      0.00000
     21.50000    162.25000      0.00000
     21.75000    162.25000      0.00000
     22.00000    162.25000      0.00000
     22.25000    162.25000      0.00000
     22.50000    162.25000      0.00000
     22.75000    162.25000      0.00000
     23.00000    162.25000      0.00000
     23.25000    162.25000      0.00000
     23.50000    162.25000      0.00000
     23.75000    162.25000      0.00000
     24.00000    162.25000      0.00000
     24.25000    162.25000      0.00000
     24.50000    162.25000      0.00000
     19.00000    162.00000      0.00468
     19.25000    162.00000      0.00453
     19.50000    162.00000      0.00450
     19.75000    162.00000      0.00433
     20.00000    162.00000      0.00366
     20.25000    162.00000      0.00251
     20.50000    162.00000      0.00115
     20.75000    162.00000      0.00023
     21.00000    162.00000      0.00000
     21.25000    162.00000      0.00000
     21.50000    162.00000      0.00000
     21.75000    162.00000      0.00000
     22.00000    162.00000      0.00000
     22.25000    162.00000      0.00000
     22.50000    162.00000      0.00000
     22.75000    162.00000      0.00000
     23.00000    162.00000      0.00000
     23.25000    162.00000      0.00000
     23.50000    162.00000      0.00000
     23.75000    162.00000      0.00000
     24.00000    162.00000      0.00000
     24.25000    162.00000      0.00005
     24.50000    162.00000      0.00056
     19.00000    161.75000      0.00512
     19.25000    161.75000      0.00488
     19.50000    161.75000      0.00482
     19.75000    161.75000      0.00476
     20.00000    161.75000      0.00410
     20.25000    161.75000      0.00314
     20.50000    161.75000      0.00167
     20.75000    161.75000      0.00064
     21.00000    161.75000      0.00014
     21.25000    161.75000      0.00003
     21.50000    161.75000      0.00006
     21.75000    161.75000      0.00017
     22.00000    161.75000      0.00015
     22.25000    161.75000      0.00006
     22.50000    161.75000      0.00000
     22.75000    161.75000      0.00000
     23.00000    161.75000      0.00000
     23.25000    161.75000      0.00000
     23.50000    161.75000      0.00000
     23.75000    161.75000      0.00010
     24.00000    161.75000      0.00056
     24.25000    161.75000      0.00134
     24.50000    161.75000      0.00215
     19.00000    161.50000      0.00523
     19.25000    161.50000      0.00482
     19.50000    161.50000      0.00479
     19.75000    161.50000      0.00461
     20.00000    161.50000      0.00406
     20.25000    161.50000      0.00328
     20.50000    161.50000      0.00216
     20.75000    161.50000      0.00126
     21.00000    161.50000      0.00075
     21.25000    161.50000      0.00048
     21.50000    161.50000      0.00054
     21.75000    161.50000      0.00061
     22.00000    161.50000      0.00064
     22.25000    161.50000      0.00046
     22.50000    161.50000      0.00028
     22.75000    161.50000      0.00014
     23.00000    161.50000      0.00024
     23.25000    161.50000      0.00070
     23.50000    161.50000      0.00175
     23.75000    161.50000      0.00236
     24.00000    161.50000      0.00301
     24.25000    161.50000      0.00383
     24.50000    161.50000      0.00439
     15.50000    161.25000      0.00107
     15.75000    161.25000      0.00126
     16.00000    161.25000      0.00137
     19.00000    161.25000      0.00533
     19.25000    161.25000      0.00491
     19.50000    161.25000      0.00461
     19.75000    161.25000      0.00446
     20.00000    161.25000      0.00401
     20.25000    161.25000      0.00355
     20.50000    161.25000      0.00280
     20.75000    161.25000      0.00208
     21.00000    161.25000      0.00172
     21.25000    161.25000      0.00145
     21.50000    161.25000      0.00150
     21.75000    161.25000      0.00142
     22.00000    161.25000      0.00143
     22.25000    161.25000      0.00130
     22.50000    161.25000      0.00114
     22.75000    161.25000      0.00099
     23.00000    161.25000      0.00118
     23.25000    161.25000      0.00188
     23.50000    161.25000      0.00319
     23.75000    161.25000      0.00457
     24.00000    161.25000      0.00580
     24.25000    161.25000      0.00635
     24.50000    161.25000      0.00686
     24.75000    161.25000      0.00723
     15.25000    161.00000      0.00031
     15.50000    161.00000      0.00050
     15.75000    161.00000      0.00062
     16.00000    161.00000      0.00097
     16.25000    161.00000      0.00200
     16.50000    161.00000      0.00458
     16.75000    161.00000      0.00729
     17.00000    161.00000      0.00903
     19.00000    161.00000      0.00563
     19.25000    161.00000      0.00512
     19.50000    161.00000      0.00496
     19.75000    161.00000      0.00465
     20.00000    161.00000      0.00423
     20.25000    161.00000      0.00383
     20.50000    161.00000      0.00333
     20.75000    161.00000      0.00298
     21.00000    161.00000      0.00257
     21.25000    161.00000      0.00238
     21.50000    161.00000      0.00239
     21.75000    161.00000      0.00228
     22.00000    161.00000      0.00213
     22.25000    161.00000      0.00206
     22.50000    161.00000      0.00196
     22.75000    161.00000      0.00173
     23.00000    161.00000      0.00206
     23.25000    161.00000      0.00298
     23.50000    161.00000      0.00439
     23.75000    161.00000      0.00598
     24.00000    161.00000      0.00712
     24.25000    161.00000      0.00811
     24.50000    161.00000      0.00851
     24.75000    161.00000      0.00891
     15.00000    160.75000      0.00000
     15.25000    160.75000      0.00015
     15.50000    160.75000      0.00030
     15.75000    160.75000      0.00048
     16.00000    160.75000      0.00101
     16.25000    160.75000      0.00230
     16.50000    160.75000      0.00433
     16.75000    160.75000      0.00688
     17.00000    160.75000      0.00849
     19.00000    160.75000      0.00613
     19.25000    160.75000      0.00574
     19.50000    160.75000      0.00540
     19.75000    160.75000      0.00489
     20.00000    160.75000      0.00457
     20.25000    160.75000      0.00427
     20.50000    160.75000      0.00388
     20.75000    160.75000      0.00364
     21.00000    160.75000      0.00333
     21.25000    160.75000      0.00311
     21.50000    160.75000      0.00297
     21.75000    160.75000      0.00298
     22.00000    160.75000      0.00277
     22.25000    160.75000      0.00263
     22.50000    160.75000      0.00243
     22.75000    160.75000      0.00236
     23.00000    160.75000      0.00264
     23.25000    160.75000      0.00370
     23.50000    160.75000      0.00530
     23.75000    160.75000      0.00719
     24.00000    160.75000      0.00849
     24.25000    160.75000      0.00934
     24.50000    160.75000      0.00947
     24.75000    160.75000      0.00961
     15.00000    160.50000      0.00000
     15.25000    160.50000      0.00026
     15.50000    160.50000      0.00044
     15.75000    160.50000      0.00065
     16.00000    160.50000      0.00126
     16.25000    160.50000      0.00238
     16.50000    160.50000      0.00422
     16.75000    160.50000      0.00627
     17.00000    160.50000      0.00763
     19.00000    160.50000      0.00695
     19.25000    160.50000      0.00649
     19.50000    160.50000      0.00605
     19.75000    160.50000      0.00547
     20.00000    160.50000      0.00503
     20.25000    160.50000      0.00473
     20.50000    160.50000      0.00431
     20.75000    160.50000      0.00388
     21.00000    160.50000      0.00369
     21.25000    160.50000      0.00346
     21.50000    160.50000      0.00332
     21.75000    160.50000      0.00332
     22.00000    160.50000      0.00320
     22.25000    160.50000      0.00297
     22.50000    160.50000      0.00263
     22.75000    160.50000      0.00243
     23.00000    160.50000      0.00288
     23.25000    160.50000      0.00402
     23.50000    160.50000      0.00602
     23.75000    160.50000      0.00846
     24.00000    160.50000      0.01003
     24.25000    160.50000      0.01058
     24.50000    160.50000      0.01028
     24.75000    160.50000      0.01013
     15.00000    160.25000      0.00000
     15.25000    160.25000      0.00039
     15.50000    160.25000      0.00060
     15.75000    160.25000      0.00084
     16.00000    160.25000      0.00151
     16.25000    160.25000      0.00246
     16.50000    160.25000      0.00410
     16.75000    160.25000      0.00566
     17.00000    160.25000      0.00677
     19.00000    160.25000      0.00719
     19.25000    160.25000      0.00722
     19.50000    160.25000      0.00671
     19.75000    160.25000      0.00604
     20.00000    160.25000      0.00563
     20.25000    160.25000      0.00519
     20.50000    160.25000      0.00472
     20.75000    160.25000      0.00426
     21.00000    160.25000      0.00391
     21.25000    160.25000      0.00367
     21.50000    160.25000      0.00366
     21.75000    160.25000      0.00365
     22.00000    160.25000      0.00349
     22.25000    160.25000      0.00317
     22.50000    160.25000      0.00283
     22.75000    160.25000      0.00250
     23.00000    160.25000      0.00298
     23.25000    160.25000      0.00435
     23.50000    160.25000      0.00690
     23.75000    160.25000      0.00988
     24.00000    160.25000      0.01170
     24.25000    160.25000      0.01224
     24.50000    160.25000      0.01123
     24.75000    160.25000      0.01050
     25.00000    160.25000      0.01012
     15.00000    160.00000      0.00000
     15.25000    160.00000      0.00047
     15.50000    160.00000      0.00070
     15.75000    160.00000      0.00108
     16.00000    160.00000      0.00170
     16.25000    160.00000      0.00259
     16.50000    160.00000      0.00392
     16.75000    160.00000      0.00514
     17.00000    160.00000      0.00614
     17.25000    160.00000      0.00704
     17.50000    160.00000      0.00769
     17.75000    160.00000      0.00734
     18.00000    160.00000      0.00710
     18.25000    160.00000      0.00686
     18.50000    160.00000      0.00689
     18.75000    160.00000      0.00693
     19.00000    160.00000      0.00705
     19.25000    160.00000      0.00726
     19.50000    160.00000      0.00713
     19.75000    160.00000      0.00669
     20.00000    160.00000      0.00619
     20.25000    160.00000      0.00562
     20.50000    160.00000      0.00515
     20.75000    160.00000      0.00467
     21.00000    160.00000      0.00429
     21.25000    160.00000      0.00416
     21.50000    160.00000      0.00399
     21.75000    160.00000      0.00395
     22.00000    160.00000      0.00375
     22.25000    160.00000      0.00351
     22.50000    160.00000      0.00309
     22.75000    160.00000      0.00268
     23.00000    160.00000      0.00310
     23.25000    160.00000      0.00468
     23.50000    160.00000      0.00776
     23.75000    160.00000      0.01125
     24.00000    160.00000      0.01316
     24.25000    160.00000      0.01354
     24.50000    160.00000      0.01167
     24.75000    160.00000      0.01066
     25.00000    160.00000      0.01014
     25.25000    160.00000      0.01011
     15.00000    159.75000      0.00000
     15.25000    159.75000      0.00049
     15.50000    159.75000      0.00095
     15.75000    159.75000      0.00149
     16.00000    159.75000      0.00206
     16.25000    159.75000      0.00279
     16.50000    159.75000      0.00366
     16.75000    159.75000      0.00455
     17.00000    159.75000      0.00544
     17.25000    159.75000      0.00647
     17.50000    159.75000      0.00691
     17.75000    159.75000      0.00675
     18.00000    159.75000      0.00671
     18.25000    159.75000      0.00665
     18.50000    159.75000      0.00671
     18.75000    159.75000      0.00662
     19.00000    159.75000      0.00687
     19.25000    159.75000      0.00702
     19.50000    159.75000      0.00735
     19.75000    159.75000      0.00714
     20.00000    159.75000      0.00671
     20.25000    159.75000      0.00633
     20.50000    159.75000      0.00572
     20.75000    159.75000      0.00524
     21.00000    159.75000      0.00485
     21.25000    159.75000      0.00453
     21.50000    159.75000      0.00444
     21.75000    159.75000      0.00435
     22.00000    159.75000      0.00410
     22.25000    159.75000      0.00369
     22.50000    159.75000      0.00327
     22.75000    159.75000      0.00285
     23.00000    159.75000      0.00338
     23.25000    159.75000      0.00504
     23.50000    159.75000      0.00831
     23.75000    159.75000      0.01228
     24.00000    159.75000      0.01441
     15.00000    159.50000      0.00000
     15.25000    159.50000      0.00046
     15.50000    159.50000      0.00103
     15.75000    159.50000      0.00184
     16.00000    159.50000      0.00249
     16.25000    159.50000      0.00303
     16.50000    159.50000      0.00333
     16.75000    159.50000      0.00376
     17.00000    159.50000      0.00440
     17.25000    159.50000      0.00496
     17.50000    159.50000      0.00532
     17.75000    159.50000      0.00567
     18.00000    159.50000      0.00585
     18.25000    159.50000      0.00601
     18.50000    159.50000      0.00614
     18.75000    159.50000      0.00627
     19.00000    159.50000      0.00652
     19.25000    159.50000      0.00674
     19.50000    159.50000      0.00708
     19.75000    159.50000      0.00743
     20.00000    159.50000      0.00735
     20.25000    159.50000      0.00703
     20.50000    159.50000      0.00643
     20.75000    159.50000      0.00583
     21.00000    159.50000      0.00542
     21.25000    159.50000      0.00506
     21.50000    159.50000      0.00488
     21.75000    159.50000      0.00470
     22.00000    159.50000      0.00441
     22.25000    159.50000      0.00402
     22.50000    159.50000      0.00350
     22.75000    159.50000      0.00299
     23.00000    159.50000      0.00352
     23.25000    159.50000      0.00541
     23.50000    159.50000      0.00884
     23.75000    159.50000      0.01282
     24.00000    159.50000      0.01430
     15.00000    159.25000      0.00000
     15.25000    159.25000      0.00051
     15.50000    159.25000      0.00123
     15.75000    159.25000      0.00221
     16.00000    159.25000      0.00292
     16.25000    159.25000      0.00314
     16.50000    159.25000      0.00299
     16.75000    159.25000      0.00285
     17.00000    159.25000      0.00249
     17.25000    159.25000      0.00291
     17.50000    159.25000      0.00374
     17.75000    159.25000      0.00459
     18.00000    159.25000      0.00514
     18.25000    159.25000      0.00551
     18.50000    159.25000      0.00571
     18.75000    159.25000      0.00591
     19.00000    159.25000      0.00616
     19.25000    159.25000      0.00632
     19.50000    159.25000      0.00667
     19.75000    159.25000      0.00703
     20.00000    159.25000      0.00727
     20.25000    159.25000      0.00710
     20.50000    159.25000      0.00682
     20.75000    159.25000      0.00653
     21.00000    159.25000      0.00599
     21.25000    159.25000      0.00557
     21.50000    159.25000      0.00531
     21.75000    159.25000      0.00505
     22.00000    159.25000      0.00458
     22.25000    159.25000      0.00419
     22.50000    159.25000      0.00359
     22.75000    159.25000      0.00300
     23.00000    159.25000      0.00366
     23.25000    159.25000      0.00563
     23.50000    159.25000      0.00937
     23.75000    159.25000      0.01351
     24.00000    159.25000      0.01377
     15.00000    159.00000      0.00000
     15.25000    159.00000      0.00038
     15.50000    159.00000      0.00133
     15.75000    159.00000      0.00250
     16.00000    159.00000      0.00313
     16.25000    159.00000      0.00325
     16.50000    159.00000      0.00273
     16.75000    159.00000      0.00156
     17.00000    159.00000      0.00109
     17.25000    159.00000      0.00147
     17.50000    159.00000      0.00268
     17.75000    159.00000      0.00385
     18.00000    159.00000      0.00458
     18.25000    159.00000      0.00499
     18.50000    159.00000      0.00521
     18.75000    159.00000      0.00558
     19.00000    159.00000      0.00580
     19.25000    159.00000      0.00603
     19.50000    159.00000      0.00627
     19.75000    159.00000      0.00665
     20.00000    159.00000      0.00667
     20.25000    159.00000      0.00660
     20.50000    159.00000      0.00631
     20.75000    159.00000      0.00587
     21.00000    159.00000      0.00544
     21.25000    159.00000      0.00530
     21.50000    159.00000      0.00531
     21.75000    159.00000      0.00504
     22.00000    159.00000      0.00456
     22.25000    159.00000      0.00406
     22.50000    159.00000      0.00338
     22.75000    159.00000      0.00258
     23.00000    159.00000      0.00321
     23.25000    159.00000      0.00550
     23.50000    159.00000      0.00949
     23.75000    159.00000      0.01402
     24.00000    159.00000      0.01318
     15.00000    158.75000      0.00001
     15.25000    158.75000      0.00020
     15.50000    158.75000      0.00122
     15.75000    158.75000      0.00245
     16.00000    158.75000      0.00311
     16.25000    158.75000      0.00323
     16.50000    158.75000      0.00241
     16.75000    158.75000      0.00096
     17.00000    158.75000      0.00050
     17.25000    158.75000      0.00084
     17.50000    158.75000      0.00212
     17.75000    158.75000      0.00329
     18.00000    158.75000      0.00418
     18.25000    158.75000      0.00472
     18.50000    158.75000      0.00493
     18.75000    158.75000      0.00527
     19.00000    158.75000      0.00544
     19.25000    158.75000      0.00574
     19.50000    158.75000      0.00588
     19.75000    158.75000      0.00601
     20.00000    158.75000      0.00610
     20.25000    158.75000      0.00585
     20.50000    158.75000      0.00541
     20.75000    158.75000      0.00497
     21.00000    158.75000      0.00454
     21.25000    158.75000      0.00426
     21.50000    158.75000      0.00412
     21.75000    158.75000      0.00399
     22.00000    158.75000      0.00388
     22.25000    158.75000      0.00349
     22.50000    158.75000      0.00287
     22.75000    158.75000      0.00190
     23.00000    158.75000      0.00247
     23.25000    158.75000      0.00472
     23.50000    158.75000      0.00919
     23.75000    158.75000      0.01407
     24.00000    158.75000      0.01266
     15.00000    158.50000      0.00000
     15.25000    158.50000      0.00006
     15.50000    158.50000      0.00090
     15.75000    158.50000      0.00219
     16.00000    158.50000      0.00301
     16.25000    158.50000      0.00307
     16.50000    158.50000      0.00202
     16.75000    158.50000      0.00086
     17.00000    158.50000      0.00056
     17.25000    158.50000      0.00085
     17.50000    158.50000      0.00202
     17.75000    158.50000      0.00306
     18.00000    158.50000      0.00393
     18.25000    158.50000      0.00443
     18.50000    158.50000      0.00471
     18.75000    158.50000      0.00498
     19.00000    158.50000      0.00523
     19.25000    158.50000      0.00530
     19.50000    158.50000      0.00535
     19.75000    158.50000      0.00540
     20.00000    158.50000      0.00528
     20.25000    158.50000      0.00501
     20.50000    158.50000      0.00443
     20.75000    158.50000      0.00385
     21.00000    158.50000      0.00341
     21.25000    158.50000      0.00311
     21.50000    158.50000      0.00294
     21.75000    158.50000      0.00276
     22.00000    158.50000      0.00246
     22.25000    158.50000      0.00193
     22.50000    158.50000      0.00131
     22.75000    158.50000      0.00056
     23.00000    158.50000      0.00130
     23.25000    158.50000      0.00402
     23.50000    158.50000      0.00877
     23.75000    158.50000      0.01394
     24.00000    158.50000      0.01236
     15.00000    158.25000      0.00000
     15.25000    158.25000      0.00000
     15.50000    158.25000      0.00062
     15.75000    158.25000      0.00193
     16.00000    158.25000      0.00270
     16.25000    158.25000      0.00255
     16.50000    158.25000      0.00165
     16.75000    158.25000      0.00075
     17.00000    158.25000      0.00053
     17.25000    158.25000      0.00086
     17.50000    158.25000      0.00179
     17.75000    158.25000      0.00284
     18.00000    158.25000      0.00368
     18.25000    158.25000      0.00414
     18.50000    158.25000      0.00449
     18.75000    158.25000      0.00484
     19.00000    158.25000      0.00501
     19.25000    158.25000      0.00500
     19.50000    158.25000      0.00496
     19.75000    158.25000      0.00478
     20.00000    158.25000      0.00461
     20.25000    158.25000      0.00416
     20.50000    158.25000      0.00359
     20.75000    158.25000      0.00290
     21.00000    158.25000      0.00246
     21.25000    158.25000      0.00214
     21.50000    158.25000      0.00180
     21.75000    158.25000      0.00160
     22.00000    158.25000      0.00117
     22.25000    158.25000      0.00068
     22.50000    158.25000      0.00010
     22.75000    158.25000      0.00000
     23.00000    158.25000      0.00005
     23.25000    158.25000      0.00268
     23.50000    158.25000      0.00835
     23.75000    158.25000      0.01382
     24.00000    158.25000      0.01206
     15.00000    158.00000      0.00000
     15.25000    158.00000      0.00004
     15.50000    158.00000      0.00097
     15.75000    158.00000      0.00213
     16.00000    158.00000      0.00248
     16.25000    158.00000      0.00236
     16.50000    158.00000      0.00154
     16.75000    158.00000      0.00081
     17.00000    158.00000      0.00052
     17.25000    158.00000      0.00076
     17.50000    158.00000      0.00156
     17.75000    158.00000      0.00246
     18.00000    158.00000      0.00315
     18.25000    158.00000      0.00371
     18.50000    158.00000      0.00401
     18.75000    158.00000      0.00430
     19.00000    158.00000      0.00458
     19.25000    158.00000      0.00455
     19.50000    158.00000      0.00450
     19.75000    158.00000      0.00430
     20.00000    158.00000      0.00397
     20.25000    158.00000      0.00350
     20.50000    158.00000      0.00292
     20.75000    158.00000      0.00222
     21.00000    158.00000      0.00176
     21.25000    158.00000      0.00141
     21.50000    158.00000      0.00105
     21.75000    158.00000      0.00082
     22.00000    158.00000      0.00045
     22.25000    158.00000      0.00012
     22.50000    158.00000      0.00000
     22.75000    158.00000      0.00000
     23.00000    158.00000      0.00000
     23.25000    158.00000      0.00168
     23.50000    158.00000      0.00796
     23.75000    158.00000      0.01325
     24.00000    158.00000      0.01343
     15.00000    157.75000      0.00044
     15.25000    157.75000      0.00078
     15.50000    157.75000      0.00176
     15.75000    157.75000      0.00262
     16.00000    157.75000      0.00288
     16.25000    157.75000      0.00264
     16.50000    157.75000      0.00167
     16.75000    157.75000      0.00081
     17.00000    157.75000      0.00044
     17.25000    157.75000      0.00058
     17.50000    157.75000      0.00122
     17.75000    157.75000      0.00196
     18.00000    157.75000      0.00248
     18.25000    157.75000      0.00301
     18.50000    157.75000      0.00341
     18.75000    157.75000      0.00380
     19.00000    157.75000      0.00393
     19.25000    157.75000      0.00408
     19.50000    157.75000      0.00394
     19.75000    157.75000      0.00395
     20.00000    157.75000      0.00364
     20.25000    157.75000      0.00317
     20.50000    157.75000      0.00254
     20.75000    157.75000      0.00180
     21.00000    157.75000      0.00131
     21.25000    157.75000      0.00093
     21.50000    157.75000      0.00055
     21.75000    157.75000      0.00032
     22.00000    157.75000      0.00007
     22.25000    157.75000      0.00000
     22.50000    157.75000      0.00000
     22.75000    157.75000      0.00000
     23.00000    157.75000      0.00000
     23.25000    157.75000      0.00106
     23.50000    157.75000      0.00635
     23.75000    157.75000      0.01238
     24.00000    157.75000      0.01474
     15.00000    157.50000      0.00191
     15.25000    157.50000      0.00222
     15.50000    157.50000      0.00296
     15.75000    157.50000      0.00373
     16.00000    157.50000      0.00378
     16.25000    157.50000      0.00325
     16.50000    157.50000      0.00205
     16.75000    157.50000      0.00098
     17.00000    157.50000      0.00037
     17.25000    157.50000      0.00033
     17.50000    157.50000      0.00068
     17.75000    157.50000      0.00123
     18.00000    157.50000      0.00170
     18.25000    157.50000      0.00206
     18.50000    157.50000      0.00256
     18.75000    157.50000      0.00293
     19.00000    157.50000      0.00322
     19.25000    157.50000      0.00345
     19.50000    157.50000      0.00359
     19.75000    157.50000      0.00360
     20.00000    157.50000      0.00335
     20.25000    157.50000      0.00301
     20.50000    157.50000      0.00230
     20.75000    157.50000      0.00163
     21.00000    157.50000      0.00107
     21.25000    157.50000      0.00055
     21.50000    157.50000      0.00026
     21.75000    157.50000      0.00003
     22.00000    157.50000      0.00000
     22.25000    157.50000      0.00000
     22.50000    157.50000      0.00000
     22.75000    157.50000      0.00000
     23.00000    157.50000      0.00000
     23.25000    157.50000      0.00076
     23.50000    157.50000      0.00450
     23.75000    157.50000      0.00907
     24.00000    157.50000      0.01158
     15.00000    157.25000      0.00341
     15.25000    157.25000      0.00360
     15.50000    157.25000      0.00423
     15.75000    157.25000      0.00473
     16.00000    157.25000      0.00470
     16.25000    157.25000      0.00389
     16.50000    157.25000      0.00259
     16.75000    157.25000      0.00104
     17.00000    157.25000      0.00031
     17.25000    157.25000      0.00013
     17.50000    157.25000      0.00033
     17.75000    157.25000      0.00060
     18.00000    157.25000      0.00089
     18.25000    157.25000      0.00131
     18.50000    157.25000      0.00175
     18.75000    157.25000      0.00222
     19.00000    157.25000      0.00253
     19.25000    157.25000      0.00283
     19.50000    157.25000      0.00311
     19.75000    157.25000      0.00325
     20.00000    157.25000      0.00321
     20.25000    157.25000      0.00272
     20.50000    157.25000      0.00207
     20.75000    157.25000      0.00134
     21.00000    157.25000      0.00075
     21.25000    157.25000      0.00032
     21.50000    157.25000      0.00003
     21.75000    157.25000      0.00000
     22.00000    157.25000      0.00000
     22.25000    157.25000      0.00000
     22.50000    157.25000      0.00000
     22.75000    157.25000      0.00000
     23.00000    157.25000      0.00000
     23.25000    157.25000      0.00049
     23.50000    157.25000      0.00280
     23.75000    157.25000      0.00585
     24.00000    157.25000      0.00767
     13.25000    157.00000      0.00310
     13.50000    157.00000      0.00304
     13.75000    157.00000      0.00374
     14.00000    157.00000      0.00427
     14.25000    157.00000      0.00469
     14.50000    157.00000      0.00471
     14.75000    157.00000      0.00431
     15.00000    157.00000      0.00446
     15.25000    157.00000      0.00461
     15.50000    157.00000      0.00504
     15.75000    157.00000      0.00546
     16.00000    157.00000      0.00519
     16.25000    157.00000      0.00451
     16.50000    157.00000      0.00288
     16.75000    157.00000      0.00126
     17.00000    157.00000      0.00038
     17.25000    157.00000      0.00008
     17.50000    157.00000      0.00020
     17.75000    157.00000      0.00028
     18.00000    157.00000      0.00044
     18.25000    157.00000      0.00078
     18.50000    157.00000      0.00114
     18.75000    157.00000      0.00153
     19.00000    157.00000      0.00195
     19.25000    157.00000      0.00224
     19.50000    157.00000      0.00253
     19.75000    157.00000      0.00283
     20.00000    157.00000      0.00267
     20.25000    157.00000      0.00232
     20.50000    157.00000      0.00179
     20.75000    157.00000      0.00118
     21.00000    157.00000      0.00060
     21.25000    157.00000      0.00019
     21.50000    157.00000      0.00000
     21.75000    157.00000      0.00000
     22.00000    157.00000      0.00000
     22.25000    157.00000      0.00000
     22.50000    157.00000      0.00000
     22.75000    157.00000      0.00000
     23.00000    157.00000      0.00000
     23.25000    157.00000      0.00025
     23.50000    157.00000      0.00214
     23.75000    157.00000      0.00427
     24.00000    157.00000      0.00572
     13.25000    156.75000      0.00315
     13.50000    156.75000      0.00297
     13.75000    156.75000      0.00280
     14.00000    156.75000      0.00295
     14.25000    156.75000      0.00342
     14.50000    156.75000      0.00396
     14.75000    156.75000      0.00463
     15.00000    156.75000      0.00500
     15.25000    156.75000      0.00533
     15.50000    156.75000      0.00562
     15.75000    156.75000      0.00591
     16.00000    156.75000      0.00565
     16.25000    156.75000      0.00482
     16.50000    156.75000      0.00333
     16.75000    156.75000      0.00165
     17.00000    156.75000      0.00059
     17.25000    156.75000      0.00023
     17.50000    156.75000      0.00021
     17.75000    156.75000      0.00018
     18.00000    156.75000      0.00025
     18.25000    156.75000      0.00045
     18.50000    156.75000      0.00082
     18.75000    156.75000      0.00125
     19.00000    156.75000      0.00158
     19.25000    156.75000      0.00179
     19.50000    156.75000      0.00200
     19.75000    156.75000      0.00209
     20.00000    156.75000      0.00202
     20.25000    156.75000      0.00182
     20.50000    156.75000      0.00135
     20.75000    156.75000      0.00104
     21.00000    156.75000      0.00059
     21.25000    156.75000      0.00019
     21.50000    156.75000      0.00000
     21.75000    156.75000      0.00000
     22.00000    156.75000      0.00000
     22.25000    156.75000      0.00000
     22.50000    156.75000      0.00000
     22.75000    156.75000      0.00000
     23.00000    156.75000      0.00000
     13.25000    156.50000      0.00304
     13.50000    156.50000      0.00262
     13.75000    156.50000      0.00222
     14.00000    156.50000      0.00240
     14.25000    156.50000      0.00305
     14.50000    156.50000      0.00404
     14.75000    156.50000      0.00477
     15.00000    156.50000      0.00529
     15.25000    156.50000      0.00560
     15.50000    156.50000      0.00584
     15.75000    156.50000      0.00594
     16.00000    156.50000      0.00565
     16.25000    156.50000      0.00498
     16.50000    156.50000      0.00365
     16.75000    156.50000      0.00224
     17.00000    156.50000      0.00111
     17.25000    156.50000      0.00060
     17.50000    156.50000      0.00044
     17.75000    156.50000      0.00030
     18.00000    156.50000      0.00032
     18.25000    156.50000      0.00043
     18.50000    156.50000      0.00073
     18.75000    156.50000      0.00108
     19.00000    156.50000      0.00130
     19.25000    156.50000      0.00137
     19.50000    156.50000      0.00129
     19.75000    156.50000      0.00121
     20.00000    156.50000      0.00119
     20.25000    156.50000      0.00112
     20.50000    156.50000      0.00101
     20.75000    156.50000      0.00090
     21.00000    156.50000      0.00063
     21.25000    156.50000      0.00034
     21.50000    156.50000      0.00008
     21.75000    156.50000      0.00000
     22.00000    156.50000      0.00000
     22.25000    156.50000      0.00000
     22.50000    156.50000      0.00000
     22.75000    156.50000      0.00010
     23.00000    156.50000      0.00004
     13.25000    156.25000      0.00307
     13.50000    156.25000      0.00242
     13.75000    156.25000      0.00180
     14.00000    156.25000      0.00188
     14.25000    156.25000      0.00267
     14.50000    156.25000      0.00398
     14.75000    156.25000      0.00504
     15.00000    156.25000      0.00550
     15.25000    156.25000      0.00550
     15.50000    156.25000      0.00559
     15.75000    156.25000      0.00554
     16.00000    156.25000      0.00527
     16.25000    156.25000      0.00480
     16.50000    156.25000      0.00397
     16.75000    156.25000      0.00271
     17.00000    156.25000      0.00170
     17.25000    156.25000      0.00105
     17.50000    156.25000      0.00072
     17.75000    156.25000      0.00035
     18.00000    156.25000      0.00031
     18.25000    156.25000      0.00032
     18.50000    156.25000      0.00064
     18.75000    156.25000      0.00091
     19.00000    156.25000      0.00104
     19.25000    156.25000      0.00098
     19.50000    156.25000      0.00077
     19.75000    156.25000      0.00056
     20.00000    156.25000      0.00049
     20.25000    156.25000      0.00044
     20.50000    156.25000      0.00060
     20.75000    156.25000      0.00077
     21.00000    156.25000      0.00077
     21.25000    156.25000      0.00051
     21.50000    156.25000      0.00023
     21.75000    156.25000      0.00001
     22.00000    156.25000      0.00000
     22.25000    156.25000      0.00000
     22.50000    156.25000      0.00015
     22.75000    156.25000      0.00043
     23.00000    156.25000      0.00030
     13.25000    156.00000      0.00264
     13.50000    156.00000      0.00200
     13.75000    156.00000      0.00128
     14.00000    156.00000      0.00160
     14.25000    156.00000      0.00266
     14.50000    156.00000      0.00387
     14.75000    156.00000      0.00496
     15.00000    156.00000      0.00514
     15.25000    156.00000      0.00515
     15.50000    156.00000      0.00515
     15.75000    156.00000      0.00529
     16.00000    156.00000      0.00519
     16.25000    156.00000      0.00473
     16.50000    156.00000      0.00389
     16.75000    156.00000      0.00293
     17.00000    156.00000      0.00194
     17.25000    156.00000      0.00123
     17.50000    156.00000      0.00088
     17.75000    156.00000      0.00042
     18.00000    156.00000      0.00027
     18.25000    156.00000      0.00047
     18.50000    156.00000      0.00066
     18.75000    156.00000      0.00086
     19.00000    156.00000      0.00080
     19.25000    156.00000      0.00068
     19.50000    156.00000      0.00035
     19.75000    156.00000      0.00010
     20.00000    156.00000      0.00005
     20.25000    156.00000      0.00013
     20.50000    156.00000      0.00037
     20.75000    156.00000      0.00067
     21.00000    156.00000      0.00073
     21.25000    156.00000      0.00061
     21.50000    156.00000      0.00027
     21.75000    156.00000      0.00009
     22.00000    156.00000      0.00004
     22.25000    156.00000      0.00011
     22.50000    156.00000      0.00050
     22.75000    156.00000      0.00093
     23.00000    156.00000      0.00085
     13.00000    155.75000      0.00215
     13.25000    155.75000      0.00206
     13.50000    155.75000      0.00140
     13.75000    155.75000      0.00081
     14.00000    155.75000      0.00119
     16.00000    155.75000      0.00546
     16.25000    155.75000      0.00517
     16.50000    155.75000      0.00402
     16.75000    155.75000      0.00260
     17.00000    155.75000      0.00168
     17.25000    155.75000      0.00110
     17.50000    155.75000      0.00076
     17.75000    155.75000      0.00022
     18.00000    155.75000      0.00013
     18.25000    155.75000      0.00027
     18.50000    155.75000      0.00088
     18.75000    155.75000      0.00091
     19.00000    155.75000      0.00079
     19.25000    155.75000      0.00046
     19.50000    155.75000      0.00012
     19.75000    155.75000      0.00000
     20.00000    155.75000      0.00000
     20.25000    155.75000      0.00000
     20.50000    155.75000      0.00014
     20.75000    155.75000      0.00050
     21.00000    155.75000      0.00071
     21.25000    155.75000      0.00064
     21.50000    155.75000      0.00034
     21.75000    155.75000      0.00016
     22.00000    155.75000      0.00017
     22.25000    155.75000      0.00036
     22.50000    155.75000      0.00095
     22.75000    155.75000      0.00167
     23.00000    155.75000      0.00172
     13.00000    155.50000      0.00136
     13.25000    155.50000      0.00122
     13.50000    155.50000      0.00079
     13.75000    155.50000      0.00041
     14.00000    155.50000      0.00079
     16.00000    155.50000      0.00614
     16.25000    155.50000      0.00524
     16.50000    155.50000      0.00374
     16.75000    155.50000      0.00202
     17.00000    155.50000      0.00108
     17.25000    155.50000      0.00068
     17.50000    155.50000      0.00078
     17.75000    155.50000      0.00033
     18.00000    155.50000      0.00022
     18.25000    155.50000      0.00047
     18.50000    155.50000      0.00105
     18.75000    155.50000      0.00118
     19.00000    155.50000      0.00079
     19.25000    155.50000      0.00039
     19.50000    155.50000      0.00006
     19.75000    155.50000      0.00000
     20.00000    155.50000      0.00000
     20.25000    155.50000      0.00000
     20.50000    155.50000      0.00004
     20.75000    155.50000      0.00029
     21.00000    155.50000      0.00051
     21.25000    155.50000      0.00049
     21.50000    155.50000      0.00033
     21.75000    155.50000      0.00019
     22.00000    155.50000      0.00029
     22.25000    155.50000      0.00063
     22.50000    155.50000      0.00156
     22.75000    155.50000      0.00264
     23.00000    155.50000      0.00288
     13.00000    155.25000      0.00068
     13.25000    155.25000      0.00061
     13.50000    155.25000      0.00037
     13.75000    155.25000      0.00018
     14.00000    155.25000      0.00029
     16.00000    155.25000      0.00638
     16.25000    155.25000      0.00529
     16.50000    155.25000      0.00345
     16.75000    155.25000      0.00147
     17.00000    155.25000      0.00047
     17.25000    155.25000      0.00032
     17.50000    155.25000      0.00091
     17.75000    155.25000      0.00045
     18.00000    155.25000      0.00042
     18.25000    155.25000      0.00062
     18.50000    155.25000      0.00123
     18.75000    155.25000      0.00146
     19.00000    155.25000      0.00090
     19.25000    155.25000      0.00032
     19.50000    155.25000      0.00000
     19.75000    155.25000      0.00000
     20.00000    155.25000      0.00000
     20.25000    155.25000      0.00000
     20.50000    155.25000      0.00000
     20.75000    155.25000      0.00019
     21.00000    155.25000      0.00041
     21.25000    155.25000      0.00043
     21.50000    155.25000      0.00031
     21.75000    155.25000      0.00021
     22.00000    155.25000      0.00042
     22.25000    155.25000      0.00103
     22.50000    155.25000      0.00220
     22.75000    155.25000      0.00318
     23.00000    155.25000      0.00373
     13.00000    155.00000      0.00018
     13.25000    155.00000      0.00018
     13.50000    155.00000      0.00007
     13.75000    155.00000      0.00002
     14.00000    155.00000      0.00012
     16.00000    155.00000      0.00643
     16.25000    155.00000      0.00536
     16.50000    155.00000      0.00352
     16.75000    155.00000      0.00142
     17.00000    155.00000      0.00054
     17.25000    155.00000      0.00051
     17.50000    155.00000      0.00116
     17.75000    155.00000      0.00091
     18.00000    155.00000      0.00085
     18.25000    155.00000      0.00100
     18.50000    155.00000      0.00161
     18.75000    155.00000      0.00189
     19.00000    155.00000      0.00115
     19.25000    155.00000      0.00043
     19.50000    155.00000      0.00001
     19.75000    155.00000      0.00000
     20.00000    155.00000      0.00000
     20.25000    155.00000      0.00000
     20.50000    155.00000      0.00000
     20.75000    155.00000      0.00006
     21.00000    155.00000      0.00024
     21.25000    155.00000      0.00028
     21.50000    155.00000      0.00018
     21.75000    155.00000      0.00010
     22.00000    155.00000      0.00017
     22.25000    155.00000      0.00037
     22.50000    155.00000      0.00146
     22.75000    155.00000      0.00255
     23.00000    155.00000      0.00303
     23.25000    155.00000      0.00326
     23.50000    155.00000      0.00294
     23.75000    155.00000      0.00184
     14.00000    154.75000      0.00004
     16.00000    154.75000      0.00615
     16.25000    154.75000      0.00530
     16.50000    154.75000      0.00368
     16.75000    154.75000      0.00200
     17.00000    154.75000      0.00125
     17.25000    154.75000      0.00140
     17.50000    154.75000      0.00168
     17.75000    154.75000      0.00149
     18.00000    154.75000      0.00148
     18.25000    154.75000      0.00180
     18.50000    154.75000      0.00233
     18.75000    154.75000      0.00259
     19.00000    154.75000      0.00169
     19.25000    154.75000      0.00078
     19.50000    154.75000      0.00013
     19.75000    154.75000      0.00000
     20.00000    154.75000      0.00000
     20.25000    154.75000      0.00000
     20.50000    154.75000      0.00000
     20.75000    154.75000      0.00002
     21.00000    154.75000      0.00011
     21.25000    154.75000      0.00008
     21.50000    154.75000      0.00000
     21.75000    154.75000      0.00000
     22.00000    154.75000      0.00000
     14.00000    154.50000      0.00005
     16.00000    154.50000      0.00582
     16.25000    154.50000      0.00524
     16.50000    154.50000      0.00434
     16.75000    154.50000      0.00315
     17.00000    154.50000      0.00272
     17.25000    154.50000      0.00231
     17.50000    154.50000      0.00238
     17.75000    154.50000      0.00230
     18.00000    154.50000      0.00245
     18.25000    154.50000      0.00270
     18.50000    154.50000      0.00303
     18.75000    154.50000      0.00332
     19.00000    154.50000      0.00243
     19.25000    154.50000      0.00132
     19.50000    154.50000      0.00049
     19.75000    154.50000      0.00001
     20.00000    154.50000      0.00000
     20.25000    154.50000      0.00000
     20.50000    154.50000      0.00000
     20.75000    154.50000      0.00000
     21.00000    154.50000      0.00000
     21.25000    154.50000      0.00000
     21.50000    154.50000      0.00000
     21.75000    154.50000      0.00000
     22.00000    154.50000      0.00000
     14.00000    154.25000      0.00002
     16.00000    154.25000      0.00442
     16.25000    154.25000      0.00415
     16.50000    154.25000      0.00366
     16.75000    154.25000      0.00304
     17.00000    154.25000      0.00266
     17.25000    154.25000      0.00263
     17.50000    154.25000      0.00283
     17.75000    154.25000      0.00303
     18.00000    154.25000      0.00320
     18.25000    154.25000      0.00350
     18.50000    154.25000      0.00390
     18.75000    154.25000      0.00407
     19.00000    154.25000      0.00307
     19.25000    154.25000      0.00206
     19.50000    154.25000      0.00099
     19.75000    154.25000      0.00019
     20.00000    154.25000      0.00001
     20.25000    154.25000      0.00000
     20.50000    154.25000      0.00000
     20.75000    154.25000      0.00000
     21.00000    154.25000      0.00000
     21.25000    154.25000      0.00000
     21.50000    154.25000      0.00000
     21.75000    154.25000      0.00000
     22.00000    154.25000      0.00000
     14.00000    154.00000      0.00003
     14.25000    154.00000      0.00084
     14.50000    154.00000      0.00181
     14.75000    154.00000      0.00291
     15.00000    154.00000      0.00370
     15.25000    154.00000      0.00412
     15.50000    154.00000      0.00435
     15.75000    154.00000      0.00416
     16.00000    154.00000      0.00388
     16.25000    154.00000      0.00364
     16.50000    154.00000      0.00332
     16.75000    154.00000      0.00286
     17.00000    154.00000      0.00272
     17.25000    154.00000      0.00277
     17.50000    154.00000      0.00314
     17.75000    154.00000      0.00352
     18.00000    154.00000      0.00380
     18.25000    154.00000      0.00411
     18.50000    154.00000      0.00432
     18.75000    154.00000      0.00452
     19.00000    154.00000      0.00387
     19.25000    154.00000      0.00271
     19.50000    154.00000      0.00156
     19.75000    154.00000      0.00058
     20.00000    154.00000      0.00017
     20.25000    154.00000      0.00001
     20.50000    154.00000      0.00002
     20.75000    154.00000      0.00000
     21.00000    154.00000      0.00000
     21.25000    154.00000      0.00000
     21.50000    154.00000      0.00000
     21.75000    154.00000      0.00000
     22.00000    154.00000      0.00000
     14.00000    153.75000      0.00007
     14.25000    153.75000      0.00084
     14.50000    153.75000      0.00197
     14.75000    153.75000      0.00297
     15.00000    153.75000      0.00377
     15.25000    153.75000      0.00435
     15.50000    153.75000      0.00441
     15.75000    153.75000      0.00407
     16.00000    153.75000      0.00375
     16.25000    153.75000      0.00359
     16.50000    153.75000      0.00329
     16.75000    153.75000      0.00299
     17.00000    153.75000      0.00294
     17.25000    153.75000      0.00313
     17.50000    153.75000      0.00344
     17.75000    153.75000      0.00376
     18.00000    153.75000      0.00408
     18.25000    153.75000      0.00425
     18.50000    153.75000      0.00442
     18.75000    153.75000      0.00459
     19.00000    153.75000      0.00441
     19.25000    153.75000      0.00350
     19.50000    153.75000      0.00217
     19.75000    153.75000      0.00108
     20.00000    153.75000      0.00044
     20.25000    153.75000      0.00022
     20.50000    153.75000      0.00013
     20.75000    153.75000      0.00000
     21.00000    153.75000      0.00000
     21.25000    153.75000      0.00000
     21.50000    153.75000      0.00000
     21.75000    153.75000      0.00000
     22.00000    153.75000      0.00000
     14.00000    153.50000      0.00004
     14.25000    153.50000      0.00070
     14.50000    153.50000      0.00175
     14.75000    153.50000      0.00268
     15.00000    153.50000      0.00350
     15.25000    153.50000      0.00405
     15.50000    153.50000      0.00420
     15.75000    153.50000      0.00407
     16.00000    153.50000      0.00391
     16.25000    153.50000      0.00383
     16.50000    153.50000      0.00357
     16.75000    153.50000      0.00344
     17.00000    153.50000      0.00331
     17.25000    153.50000      0.00345
     17.50000    153.50000      0.00373
     17.75000    153.50000      0.00388
     18.00000    153.50000      0.00417
     18.25000    153.50000      0.00432
     18.50000    153.50000      0.00434
     18.75000    153.50000      0.00450
     19.00000    153.50000      0.00417
     19.25000    153.50000      0.00350
     19.50000    153.50000      0.00280
     19.75000    153.50000      0.00165
     20.00000    153.50000      0.00098
     20.25000    153.50000      0.00053
     20.50000    153.50000      0.00033
     20.75000    153.50000      0.00005
     21.00000    153.50000      0.00000
     21.25000    153.50000      0.00000
     21.50000    153.50000      0.00000
     21.75000    153.50000      0.00000
     22.00000    153.50000      0.00000
     14.00000    153.25000      0.00002
     14.25000    153.25000      0.00057
     14.50000    153.25000      0.00141
     14.75000    153.25000      0.00238
     15.00000    153.25000      0.00309
     15.25000    153.25000      0.00362
     15.50000    153.25000      0.00385
     15.75000    153.25000      0.00407
     16.00000    153.25000      0.00406
     16.25000    153.25000      0.00394
     16.50000    153.25000      0.00386
     16.75000    153.25000      0.00377
     17.00000    153.25000      0.00369
     17.25000    153.25000      0.00377
     17.50000    153.25000      0.00388
     17.75000    153.25000      0.00399
     18.00000    153.25000      0.00411
     18.25000    153.25000      0.00425
     18.50000    153.25000      0.00426
     18.75000    153.25000      0.00426
     19.00000    153.25000      0.00392
     19.25000    153.25000      0.00326
     19.50000    153.25000      0.00243
     19.75000    153.25000      0.00165
     20.00000    153.25000      0.00117
     20.25000    153.25000      0.00065
     20.50000    153.25000      0.00032
     20.75000    153.25000      0.00008
     21.00000    153.25000      0.00000
     21.25000    153.25000      0.00000
     21.50000    153.25000      0.00000
     21.75000    153.25000      0.00000
     22.00000    153.25000      0.00000
     14.25000    153.00000      0.00050
     14.50000    153.00000      0.00133
     14.75000    153.00000      0.00232
     15.00000    153.00000      0.00302
     15.25000    153.00000      0.00360
     15.50000    153.00000      0.00386
     15.75000    153.00000      0.00412
     16.00000    153.00000      0.00427
     16.25000    153.00000      0.00429
     16.50000    153.00000      0.00420
     16.75000    153.00000      0.00409
     17.00000    153.00000      0.00398
     17.25000    153.00000      0.00401
     17.50000    153.00000      0.00404
     17.75000    153.00000      0.00407
     18.00000    153.00000      0.00412
     18.25000    153.00000      0.00419
     18.50000    153.00000      0.00413
     18.75000    153.00000      0.00408
     19.00000    153.00000      0.00371
     19.25000    153.00000      0.00303
     19.50000    153.00000      0.00221
     19.75000    153.00000      0.00145
     20.00000    153.00000      0.00101
     20.25000    153.00000      0.00066
     20.50000    153.00000      0.00038
     20.75000    153.00000      0.00022
     21.00000    153.00000      0.00000
     21.25000    153.00000      0.00000
     21.50000    153.00000      0.00000
     21.75000    153.00000      0.00000
     22.00000    153.00000      0.00000
     15.00000    152.75000      0.00327
     15.25000    152.75000      0.00381
     15.50000    152.75000      0.00423
     15.75000    152.75000      0.00451
     16.00000    152.75000      0.00468
     16.25000    152.75000      0.00462
     16.50000    152.75000      0.00459
     16.75000    152.75000      0.00455
     17.00000    152.75000      0.00445
     17.25000    152.75000      0.00443
     17.50000    152.75000      0.00435
     17.75000    152.75000      0.00426
     18.00000    152.75000      0.00419
     18.25000    152.75000      0.00415
     18.50000    152.75000      0.00399
     18.75000    152.75000      0.00382
     19.00000    152.75000      0.00339
     19.25000    152.75000      0.00282
     19.50000    152.75000      0.00202
     19.75000    152.75000      0.00139
     20.00000    152.75000      0.00098
     20.25000    152.75000      0.00067
     20.50000    152.75000      0.00062
     20.75000    152.75000      0.00048
     21.00000    152.75000      0.00024
     21.25000    152.75000      0.00000
     21.50000    152.75000      0.00000
     21.75000    152.75000      0.00000
     22.00000    152.75000      0.00000
     15.00000    152.50000      0.00366
     15.25000    152.50000      0.00410
     15.50000    152.50000      0.00468
     15.75000    152.50000      0.00494
     16.00000    152.50000      0.00501
     16.25000    152.50000      0.00519
     16.50000    152.50000      0.00517
     16.75000    152.50000      0.00515
     17.00000    152.50000      0.00497
     17.25000    152.50000      0.00490
     17.50000    152.50000      0.00466
     17.75000    152.50000      0.00442
     18.00000    152.50000      0.00419
     18.25000    152.50000      0.00413
     18.50000    152.50000      0.00381
     18.75000    152.50000      0.00363
     19.00000    152.50000      0.00323
     19.25000    152.50000      0.00263
     19.50000    152.50000      0.00196
     19.75000    152.50000      0.00146
     20.00000    152.50000      0.00107
     20.25000    152.50000      0.00099
     20.50000    152.50000      0.00109
     20.75000    152.50000      0.00120
     21.00000    152.50000      0.00101
     21.25000    152.50000      0.00064
     21.50000    152.50000      0.00010
     21.75000    152.50000      0.00000
     22.00000    152.50000      0.00000
     15.00000    152.25000      0.00405
     15.25000    152.25000      0.00434
     15.50000    152.25000      0.00495
     15.75000    152.25000      0.00537
     16.00000    152.25000      0.00549
     16.25000    152.25000      0.00561
     16.50000    152.25000      0.00561
     16.75000    152.25000      0.00575
     17.00000    152.25000      0.00562
     17.25000    152.25000      0.00536
     17.50000    152.25000      0.00497
     17.75000    152.25000      0.00471
     18.00000    152.25000      0.00433
     18.25000    152.25000      0.00397
     18.50000    152.25000      0.00378
     18.75000    152.25000      0.00344
     19.00000    152.25000      0.00295
     19.25000    152.25000      0.00243
     19.50000    152.25000      0.00203
     19.75000    152.25000      0.00153
     20.00000    152.25000      0.00126
     20.25000    152.25000      0.00134
     20.50000    152.25000      0.00176
     20.75000    152.25000      0.00220
     21.00000    152.25000      0.00227
     21.25000    152.25000      0.00222
     21.50000    152.25000      0.00192
     21.75000    152.25000      0.00150
     22.00000    152.25000      0.00148
     15.00000    152.00000      0.00426
     15.25000    152.00000      0.00453
     15.50000    152.00000      0.00487
     15.75000    152.00000      0.00535
     16.00000    152.00000      0.00580
     16.25000    152.00000      0.00586
     16.50000    152.00000      0.00591
     16.75000    152.00000      0.00596
     17.00000    152.00000      0.00585
     17.25000    152.00000      0.00558
     17.50000    152.00000      0.00516
     17.75000    152.00000      0.00458
     18.00000    152.00000      0.00428
     18.25000    152.00000      0.00383
     18.50000    152.00000      0.00353
     18.75000    152.00000      0.00323
     19.00000    152.00000      0.00279
     19.25000    152.00000      0.00236
     19.50000    152.00000      0.00195
     19.75000    152.00000      0.00155
     20.00000    152.00000      0.00140
     20.25000    152.00000      0.00173
     20.50000    152.00000      0.00219
     20.75000    152.00000      0.00281
     21.00000    152.00000      0.00303
     21.25000    152.00000      0.00325
     21.50000    152.00000      0.00306
     21.75000    152.00000      0.00286
     15.00000    151.75000      0.00427
     15.25000    151.75000      0.00439
     15.50000    151.75000      0.00473
     15.75000    151.75000      0.00508
     16.00000    151.75000      0.00541
     16.25000    151.75000      0.00571
     16.50000    151.75000      0.00593
     16.75000    151.75000      0.00593
     17.00000    151.75000      0.00581
     17.25000    151.75000      0.00543
     17.50000    151.75000      0.00494
     17.75000    151.75000      0.00431
     18.00000    151.75000      0.00390
     18.25000    151.75000      0.00358
     18.50000    151.75000      0.00321
     18.75000    151.75000      0.00299
     19.00000    151.75000      0.00264
     19.25000    151.75000      0.00230
     19.50000    151.75000      0.00184
     19.75000    151.75000      0.00153
     20.00000    151.75000      0.00147
     20.25000    151.75000      0.00165
     20.50000    151.75000      0.00222
     20.75000    151.75000      0.00282
     21.00000    151.75000      0.00302
     21.25000    151.75000      0.00309
     21.50000    151.75000      0.00289
     21.75000    151.75000      0.00256
     15.25000    151.50000      0.00434
     15.50000    151.50000      0.00440
     15.75000    151.50000      0.00460
     16.00000    151.50000      0.00483
     16.25000    151.50000      0.00525
     16.50000    151.50000      0.00568
     16.75000    151.50000      0.00567
     17.00000    151.50000      0.00551
     17.25000    151.50000      0.00507
     17.50000    151.50000      0.00447
     17.75000    151.50000      0.00374
     18.00000    151.50000      0.00333
     18.25000    151.50000      0.00293
     18.50000    151.50000      0.00283
     18.75000    151.50000      0.00273
     19.00000    151.50000      0.00262
     19.25000    151.50000      0.00223
     19.50000    151.50000      0.00184
     19.75000    151.50000      0.00147
     20.00000    151.50000      0.00134
     20.25000    151.50000      0.00146
     20.50000    151.50000      0.00183
     20.75000    151.50000      0.00235
     21.00000    151.50000      0.00237
     21.25000    151.50000      0.00202
     21.50000    151.50000      0.00134
     21.75000    151.50000      0.00064
     15.50000    151.25000      0.00407
     15.75000    151.25000      0.00412
     16.00000    151.25000      0.00427
     16.25000    151.25000      0.00478
     16.50000    151.25000      0.00537
     16.75000    151.25000      0.00541
     17.00000    151.25000      0.00507
     17.25000    151.25000      0.00455
     17.50000    151.25000      0.00386
     17.75000    151.25000      0.00305
     18.00000    151.25000      0.00249
     18.25000    151.25000      0.00229
     18.50000    151.25000      0.00245
     18.75000    151.25000      0.00261
     19.00000    151.25000      0.00246
     19.25000    151.25000      0.00229
     19.50000    151.25000      0.00184
     19.75000    151.25000      0.00140
     20.00000    151.25000      0.00123
     20.25000    151.25000      0.00128
     20.50000    151.25000      0.00158
     20.75000    151.25000      0.00189
     21.00000    151.25000      0.00175
     21.25000    151.25000      0.00117
     21.50000    151.25000      0.00026
     21.75000    151.25000      0.00000
     16.00000    151.00000      0.00399
     16.25000    151.00000      0.00423
     16.50000    151.00000      0.00500
     16.75000    151.00000      0.00487
     17.00000    151.00000      0.00455
     17.25000    151.00000      0.00397
     17.50000    151.00000      0.00328
     17.75000    151.00000      0.00248
     18.00000    151.00000      0.00225
     18.25000    151.00000      0.00205
     18.50000    151.00000      0.00214
     18.75000    151.00000      0.00236
     19.00000    151.00000      0.00230
     19.25000    151.00000      0.00210
     19.50000    151.00000      0.00164
     19.75000    151.00000      0.00132
     20.00000    151.00000      0.00105
     20.25000    151.00000      0.00112
     20.50000    151.00000      0.00128
     20.75000    151.00000      0.00155
     21.00000    151.00000      0.00146
     21.25000    151.00000      0.00091
     15.75000    150.75000      0.00420
     16.00000    150.75000      0.00400
     18.00000    150.75000      0.00244
     18.25000    150.75000      0.00232
     18.50000    150.75000      0.00216
     18.75000    150.75000      0.00213
     19.00000    150.75000      0.00187
     19.25000    150.75000      0.00166
     19.50000    150.75000      0.00137
     19.75000    150.75000      0.00109
     20.00000    150.75000      0.00092
     15.75000    150.50000      0.00490
     16.00000    150.50000      0.00445
     18.00000    150.50000      0.00333
     18.25000    150.50000      0.00312
     18.50000    150.50000      0.00252
     18.75000    150.50000      0.00179
     19.00000    150.50000      0.00134
     19.25000    150.50000      0.00103
     19.50000    150.50000      0.00094
     19.75000    150.50000      0.00076
     20.00000    150.50000      0.00071
     15.75000    150.25000      0.00560
     16.00000    150.25000      0.00504
     18.00000    150.25000      0.00337
     18.25000    150.25000      0.00372
     18.50000    150.25000      0.00274
     18.75000    150.25000      0.00159
     19.00000    150.25000      0.00086
     19.25000    150.25000      0.00049
     19.50000    150.25000      0.00047
     19.75000    150.25000      0.00055
     20.00000    150.25000      0.00054
     15.75000    150.00000      0.00523
     16.00000    150.00000      0.00447
     18.00000    150.00000      0.00277
     18.25000    150.00000      0.00311
     18.50000    150.00000      0.00277
     18.75000    150.00000      0.00123
     19.00000    150.00000      0.00051
     19.25000    150.00000      0.00034
     19.50000    150.00000      0.00051
     19.75000    150.00000      0.00061
     20.00000    150.00000      0.00066
     18.00000    149.75000      0.00179
     18.25000    149.75000      0.00203
     18.50000    149.75000      0.00182
     18.75000    149.75000      0.00107
     19.00000    149.75000      0.00043
     18.00000    149.50000      0.00090
     18.25000    149.50000      0.00066
     18.50000    149.50000      0.00037
     18.75000    149.50000      0.00004
     19.00000    149.50000      0.00000
     18.00000    149.25000      0.00017
     18.25000    149.25000      0.00001
     18.50000    149.25000      0.00000
     18.75000    149.25000      0.00000
     19.00000    149.25000      0.00000
