     21.25000    164.00000      0.00000
     21.50000    164.00000      0.00000
     21.75000    164.00000      0.00000
     22.00000    164.00000      0.00000
     22.25000    164.00000      0.00000
     22.50000    164.00000      0.00000
     22.75000    164.00000      0.00000
     23.00000    164.00000      0.00000
     23.25000    164.00000      0.00000
     23.50000    164.00000      0.00000
     20.75000    163.75000      0.00000
     21.00000    163.75000      0.00000
     21.25000    163.75000      0.00000
     21.50000    163.75000      0.00000
     21.75000    163.75000      0.00000
     22.00000    163.75000      0.00000
     22.25000    163.75000      0.00000
     22.50000    163.75000      0.00000
     22.75000    163.75000      0.00000
     23.00000    163.75000      0.00000
     23.25000    163.75000      0.00000
     23.50000    163.75000      0.00000
     23.75000    163.75000      0.00000
     24.00000    163.75000      0.00000
     24.25000    163.75000      0.00000
     20.50000    163.50000      0.00000
     20.75000    163.50000      0.00000
     21.00000    163.50000      0.00000
     21.25000    163.50000      0.00000
     21.50000    163.50000      0.00000
     21.75000    163.50000      0.00000
     22.00000    163.50000      0.00000
     22.25000    163.50000      0.00000
     22.50000    163.50000      0.00000
     22.75000    163.50000      0.00000
     23.00000    163.50000      0.00000
     23.25000    163.50000      0.00000
     23.50000    163.50000      0.00000
     23.75000    163.50000      0.00000
     24.00000    163.50000      0.00000
     24.25000    163.50000      0.00000
     20.25000    163.25000      0.00000
     20.50000    163.25000      0.00000
     20.75000    163.25000      0.00000
     21.00000    163.25000      0.00000
     21.25000    163.25000      0.00000
     21.50000    163.25000      0.00000
     21.75000    163.25000      0.00000
     22.00000    163.25000      0.00000
     22.25000    163.25000      0.00000
     22.50000    163.25000      0.00000
     22.75000    163.25000      0.00000
     23.00000    163.25000      0.00000
     23.25000    163.25000      0.00000
     23.50000    163.25000      0.00000
     23.75000    163.25000      0.00000
     24.00000    163.25000      0.00000
     24.25000    163.25000      0.00000
     19.75000    163.00000      0.00000
     20.00000    163.00000      0.00000
     20.25000    163.00000      0.00000
     20.50000    163.00000      0.00000
     20.75000    163.00000      0.00000
     21.00000    163.00000      0.00000
     21.25000    163.00000      0.00000
     21.50000    163.00000      0.00000
     21.75000    163.00000      0.00000
     22.00000    163.00000      0.00000
     22.25000    163.00000      0.00000
     22.50000    163.00000      0.00000
     22.75000    163.00000      0.00000
     23.00000    163.00000      0.00000
     23.25000    163.00000      0.00000
     23.50000    163.00000      0.00000
     23.75000    163.00000      0.00000
     24.00000    163.00000      0.00000
     24.25000    163.00000      0.00000
     19.50000    162.75000      0.00013
     19.75000    162.75000      0.00000
     20.00000    162.75000      0.00000
     20.25000    162.75000      0.00000
     20.50000    162.75000      0.00000
     20.75000    162.75000      0.00000
     21.00000    162.75000      0.00000
     21.25000    162.75000      0.00000
     21.50000    162.75000      0.00000
     21.75000    162.75000      0.00000
     22.00000    162.75000      0.00000
     22.25000    162.75000      0.00000
     22.50000    162.75000      0.00000
     22.75000    162.75000      0.00000
     23.00000    162.75000      0.00000
     23.25000    162.75000      0.00000
     23.50000    162.75000      0.00000
     23.75000    162.75000      0.00000
     24.00000    162.75000      0.00000
     24.25000    162.75000      0.00000
     19.25000    162.50000      0.00111
     19.50000    162.50000      0.00059
     19.75000    162.50000      0.00001
     20.00000    162.50000      0.00000
     20.25000    162.50000      0.00000
     20.50000    162.50000      0.00000
     20.75000    162.50000      0.00000
     21.00000    162.50000      0.00000
     21.25000    162.50000      0.00000
     21.50000    162.50000      0.00000
     21.75000    162.50000      0.00000
     22.00000    162.50000      0.00000
     22.25000    162.50000      0.00000
     22.50000    162.50000      0.00000
     22.75000    162.50000      0.00000
     23.00000    162.50000      0.00000
     23.25000    162.50000      0.00000
     23.50000    162.50000      0.00000
     23.75000    162.50000      0.00000
     24.00000    162.50000      0.00000
     24.25000    162.50000      0.00000
     24.50000    162.50000      0.00000
     19.00000    162.25000      0.00165
     19.25000    162.25000      0.00152
     19.50000    162.25000      0.00120
     19.75000    162.25000      0.00078
     20.00000    162.25000      0.00013
     20.25000    162.25000      0.00000
     20.50000    162.25000      0.00000
     20.75000    162.25000      0.00000
     21.00000    162.25000      0.00000
     21.25000    162.25000      0.00000
     21.50000    162.25000      0.00000
     21.75000    162.25000      0.00000
     22.00000    162.25000      0.00000
     22.25000    162.25000      0.00000
     22.50000    162.25000      0.00000
     22.75000    162.25000      0.00000
     23.00000    162.25000      0.00000
     23.25000    162.25000      0.00000
     23.50000    162.25000      0.00000
     23.75000    162.25000      0.00000
     24.00000    162.25000      0.00000
     24.25000    162.25000      0.00000
     24.50000    162.25000      0.00000
     19.00000    162.00000      0.00214
     19.25000    162.00000      0.00198
     19.50000    162.00000      0.00187
     19.75000    162.00000      0.00162
     20.00000    162.00000      0.00092
     20.25000    162.00000      0.00009
     20.50000    162.00000      0.00000
     20.75000    162.00000      0.00000
     21.00000    162.00000      0.00000
     21.25000    162.00000      0.00000
     21.50000    162.00000      0.00000
     21.75000    162.00000      0.00000
     22.00000    162.00000      0.00000
     22.25000    162.00000      0.00000
     22.50000    162.00000      0.00000
     22.75000    162.00000      0.00000
     23.00000    162.00000      0.00000
     23.25000    162.00000      0.00000
     23.50000    162.00000      0.00000
     23.75000    162.00000      0.00000
     24.00000    162.00000      0.00000
     24.25000    162.00000      0.00000
     24.50000    162.00000      0.00000
     19.00000    161.75000      0.00255
     19.25000    161.75000      0.00232
     19.50000    161.75000      0.00224
     19.75000    161.75000      0.00215
     20.00000    161.75000      0.00145
     20.25000    161.75000      0.00058
     20.50000    161.75000      0.00000
     20.75000    161.75000      0.00000
     21.00000    161.75000      0.00000
     21.25000    161.75000      0.00000
     21.50000    161.75000      0.00000
     21.75000    161.75000      0.00000
     22.00000    161.75000      0.00000
     22.25000    161.75000      0.00000
     22.50000    161.75000      0.00000
     22.75000    161.75000      0.00000
     23.00000    161.75000      0.00000
     23.25000    161.75000      0.00000
     23.50000    161.75000      0.00000
     23.75000    161.75000      0.00000
     24.00000    161.75000      0.00000
     24.25000    161.75000      0.00000
     24.50000    161.75000      0.00000
     19.00000    161.50000      0.00259
     19.25000    161.50000      0.00224
     19.50000    161.50000      0.00226
     19.75000    161.50000      0.00213
     20.00000    161.50000      0.00159
     20.25000    161.50000      0.00087
     20.50000    161.50000      0.00008
     20.75000    161.50000      0.00000
     21.00000    161.50000      0.00000
     21.25000    161.50000      0.00000
     21.50000    161.50000      0.00000
     21.75000    161.50000      0.00000
     22.00000    161.50000      0.00000
     22.25000    161.50000      0.00000
     22.50000    161.50000      0.00000
     22.75000    161.50000      0.00000
     23.00000    161.50000      0.00000
     23.25000    161.50000      0.00000
     23.50000    161.50000      0.00000
     23.75000    161.50000      0.00000
     24.00000    161.50000      0.00030
     24.25000    161.50000      0.00099
     24.50000    161.50000      0.00153
     15.50000    161.25000      0.00000
     15.75000    161.25000      0.00000
     16.00000    161.25000      0.00000
     19.00000    161.25000      0.00263
     19.25000    161.25000      0.00230
     19.50000    161.25000      0.00213
     19.75000    161.25000      0.00211
     20.00000    161.25000      0.00173
     20.25000    161.25000      0.00132
     20.50000    161.25000      0.00065
     20.75000    161.25000      0.00015
     21.00000    161.25000      0.00001
     21.25000    161.25000      0.00000
     21.50000    161.25000      0.00000
     21.75000    161.25000      0.00000
     22.00000    161.25000      0.00000
     22.25000    161.25000      0.00000
     22.50000    161.25000      0.00000
     22.75000    161.25000      0.00000
     23.00000    161.25000      0.00000
     23.25000    161.25000      0.00000
     23.50000    161.25000      0.00048
     23.75000    161.25000      0.00157
     24.00000    161.25000      0.00276
     24.25000    161.25000      0.00343
     24.50000    161.25000      0.00403
     24.75000    161.25000      0.00448
     15.25000    161.00000      0.00000
     15.50000    161.00000      0.00000
     15.75000    161.00000      0.00000
     16.00000    161.00000      0.00000
     16.25000    161.00000      0.00000
     16.50000    161.00000      0.00210
     16.75000    161.00000      0.00522
     17.00000    161.00000      0.00722
     19.00000    161.00000      0.00286
     19.25000    161.00000      0.00246
     19.50000    161.00000      0.00248
     19.75000    161.00000      0.00234
     20.00000    161.00000      0.00202
     20.25000    161.00000      0.00169
     20.50000    161.00000      0.00121
     20.75000    161.00000      0.00090
     21.00000    161.00000      0.00055
     21.25000    161.00000      0.00039
     21.50000    161.00000      0.00037
     21.75000    161.00000      0.00026
     22.00000    161.00000      0.00015
     22.25000    161.00000      0.00011
     22.50000    161.00000      0.00006
     22.75000    161.00000      0.00000
     23.00000    161.00000      0.00007
     23.25000    161.00000      0.00058
     23.50000    161.00000      0.00174
     23.75000    161.00000      0.00328
     24.00000    161.00000      0.00444
     24.25000    161.00000      0.00550
     24.50000    161.00000      0.00593
     24.75000    161.00000      0.00637
     15.00000    160.75000      0.00000
     15.25000    160.75000      0.00000
     15.50000    160.75000      0.00000
     15.75000    160.75000      0.00000
     16.00000    160.75000      0.00000
     16.25000    160.75000      0.00009
     16.50000    160.75000      0.00183
     16.75000    160.75000      0.00474
     17.00000    160.75000      0.00657
     19.00000    160.75000      0.00330
     19.25000    160.75000      0.00304
     19.50000    160.75000      0.00286
     19.75000    160.75000      0.00252
     20.00000    160.75000      0.00232
     20.25000    160.75000      0.00210
     20.50000    160.75000      0.00173
     20.75000    160.75000      0.00151
     21.00000    160.75000      0.00121
     21.25000    160.75000      0.00099
     21.50000    160.75000      0.00083
     21.75000    160.75000      0.00079
     22.00000    160.75000      0.00060
     22.25000    160.75000      0.00049
     22.50000    160.75000      0.00036
     22.75000    160.75000      0.00033
     23.00000    160.75000      0.00050
     23.25000    160.75000      0.00134
     23.50000    160.75000      0.00283
     23.75000    160.75000      0.00479
     24.00000    160.75000      0.00616
     24.25000    160.75000      0.00708
     24.50000    160.75000      0.00719
     24.75000    160.75000      0.00730
     15.00000    160.50000      0.00000
     15.25000    160.50000      0.00000
     15.50000    160.50000      0.00000
     15.75000    160.50000      0.00000
     16.00000    160.50000      0.00000
     16.25000    160.50000      0.00012
     16.50000    160.50000      0.00166
     16.75000    160.50000      0.00394
     17.00000    160.50000      0.00545
     19.00000    160.50000      0.00411
     19.25000    160.50000      0.00373
     19.50000    160.50000      0.00343
     19.75000    160.50000      0.00297
     20.00000    160.50000      0.00262
     20.25000    160.50000      0.00240
     20.50000    160.50000      0.00199
     20.75000    160.50000      0.00159
     21.00000    160.50000      0.00142
     21.25000    160.50000      0.00118
     21.50000    160.50000      0.00101
     21.75000    160.50000      0.00097
     22.00000    160.50000      0.00086
     22.25000    160.50000      0.00068
     22.50000    160.50000      0.00046
     22.75000    160.50000      0.00036
     23.00000    160.50000      0.00070
     23.25000    160.50000      0.00169
     23.50000    160.50000      0.00370
     23.75000    160.50000      0.00634
     24.00000    160.50000      0.00805
     24.25000    160.50000      0.00862
     24.50000    160.50000      0.00822
     24.75000    160.50000      0.00799
     15.00000    160.25000      0.00000
     15.25000    160.25000      0.00000
     15.50000    160.25000      0.00000
     15.75000    160.25000      0.00000
     16.00000    160.25000      0.00000
     16.25000    160.25000      0.00015
     16.50000    160.25000      0.00150
     16.75000    160.25000      0.00317
     17.00000    160.25000      0.00435
     19.00000    160.25000      0.00440
     19.25000    160.25000      0.00443
     19.50000    160.25000      0.00400
     19.75000    160.25000      0.00342
     20.00000    160.25000      0.00309
     20.25000    160.25000      0.00270
     20.50000    160.25000      0.00226
     20.75000    160.25000      0.00182
     21.00000    160.25000      0.00149
     21.25000    160.25000      0.00124
     21.50000    160.25000      0.00119
     21.75000    160.25000      0.00115
     22.00000    160.25000      0.00101
     22.25000    160.25000      0.00077
     22.50000    160.25000      0.00057
     22.75000    160.25000      0.00039
     23.00000    160.25000      0.00080
     23.25000    160.25000      0.00206
     23.50000    160.25000      0.00475
     23.75000    160.25000      0.00808
     24.00000    160.25000      0.01012
     24.25000    160.25000      0.01067
     24.50000    160.25000      0.00942
     24.75000    160.25000      0.00851
     25.00000    160.25000      0.00793
     15.00000    160.00000      0.00000
     15.25000    160.00000      0.00000
     15.50000    160.00000      0.00000
     15.75000    160.00000      0.00000
     16.00000    160.00000      0.00000
     16.25000    160.00000      0.00020
     16.50000    160.00000      0.00125
     16.75000    160.00000      0.00248
     17.00000    160.00000      0.00350
     17.25000    160.00000      0.00437
     17.50000    160.00000      0.00491
     17.75000    160.00000      0.00472
     18.00000    160.00000      0.00457
     18.25000    160.00000      0.00432
     18.50000    160.00000      0.00430
     18.75000    160.00000      0.00428
     19.00000    160.00000      0.00433
     19.25000    160.00000      0.00445
     19.50000    160.00000      0.00435
     19.75000    160.00000      0.00399
     20.00000    160.00000      0.00353
     20.25000    160.00000      0.00299
     20.50000    160.00000      0.00253
     20.75000    160.00000      0.00208
     21.00000    160.00000      0.00172
     21.25000    160.00000      0.00158
     21.50000    160.00000      0.00137
     21.75000    160.00000      0.00131
     22.00000    160.00000      0.00113
     22.25000    160.00000      0.00098
     22.50000    160.00000      0.00072
     22.75000    160.00000      0.00049
     23.00000    160.00000      0.00087
     23.25000    160.00000      0.00241
     23.50000    160.00000      0.00576
     23.75000    160.00000      0.00973
     24.00000    160.00000      0.01189
     24.25000    160.00000      0.01225
     24.50000    160.00000      0.00999
     24.75000    160.00000      0.00874
     25.00000    160.00000      0.00800
     25.25000    160.00000      0.00778
     15.00000    159.75000      0.00000
     15.25000    159.75000      0.00000
     15.50000    159.75000      0.00000
     15.75000    159.75000      0.00000
     16.00000    159.75000      0.00000
     16.25000    159.75000      0.00028
     16.50000    159.75000      0.00092
     16.75000    159.75000      0.00173
     17.00000    159.75000      0.00257
     17.25000    159.75000      0.00357
     17.50000    159.75000      0.00412
     17.75000    159.75000      0.00414
     18.00000    159.75000      0.00420
     18.25000    159.75000      0.00415
     18.50000    159.75000      0.00415
     18.75000    159.75000      0.00398
     19.00000    159.75000      0.00419
     19.25000    159.75000      0.00425
     19.50000    159.75000      0.00453
     19.75000    159.75000      0.00436
     20.00000    159.75000      0.00396
     20.25000    159.75000      0.00360
     20.50000    159.75000      0.00297
     20.75000    159.75000      0.00251
     21.00000    159.75000      0.00212
     21.25000    159.75000      0.00180
     21.50000    159.75000      0.00169
     21.75000    159.75000      0.00159
     22.00000    159.75000      0.00137
     22.25000    159.75000      0.00106
     22.50000    159.75000      0.00079
     22.75000    159.75000      0.00055
     23.00000    159.75000      0.00104
     23.25000    159.75000      0.00273
     23.50000    159.75000      0.00637
     23.75000    159.75000      0.01095
     24.00000    159.75000      0.01337
     15.00000    159.50000      0.00000
     15.25000    159.50000      0.00000
     15.50000    159.50000      0.00000
     15.75000    159.50000      0.00000
     16.00000    159.50000      0.00010
     16.25000    159.50000      0.00040
     16.50000    159.50000      0.00055
     16.75000    159.50000      0.00084
     17.00000    159.50000      0.00133
     17.25000    159.50000      0.00194
     17.50000    159.50000      0.00248
     17.75000    159.50000      0.00303
     18.00000    159.50000      0.00332
     18.25000    159.50000      0.00349
     18.50000    159.50000      0.00355
     18.75000    159.50000      0.00360
     19.00000    159.50000      0.00380
     19.25000    159.50000      0.00398
     19.50000    159.50000      0.00431
     19.75000    159.50000      0.00464
     20.00000    159.50000      0.00453
     20.25000    159.50000      0.00422
     20.50000    159.50000      0.00359
     20.75000    159.50000      0.00297
     21.00000    159.50000      0.00256
     21.25000    159.50000      0.00219
     21.50000    159.50000      0.00201
     21.75000    159.50000      0.00184
     22.00000    159.50000      0.00159
     22.25000    159.50000      0.00127
     22.50000    159.50000      0.00090
     22.75000    159.50000      0.00056
     23.00000    159.50000      0.00106
     23.25000    159.50000      0.00302
     23.50000    159.50000      0.00691
     23.75000    159.50000      0.01155
     24.00000    159.50000      0.01324
     15.00000    159.25000      0.00000
     15.25000    159.25000      0.00000
     15.50000    159.25000      0.00000
     15.75000    159.25000      0.00000
     16.00000    159.25000      0.00032
     16.25000    159.25000      0.00042
     16.50000    159.25000      0.00025
     16.75000    159.25000      0.00010
     17.00000    159.25000      0.00001
     17.25000    159.25000      0.00026
     17.50000    159.25000      0.00101
     17.75000    159.25000      0.00198
     18.00000    159.25000      0.00262
     18.25000    159.25000      0.00300
     18.50000    159.25000      0.00311
     18.75000    159.25000      0.00322
     19.00000    159.25000      0.00342
     19.25000    159.25000      0.00355
     19.50000    159.25000      0.00393
     19.75000    159.25000      0.00431
     20.00000    159.25000      0.00456
     20.25000    159.25000      0.00432
     20.50000    159.25000      0.00395
     20.75000    159.25000      0.00357
     21.00000    159.25000      0.00300
     21.25000    159.25000      0.00258
     21.50000    159.25000      0.00234
     21.75000    159.25000      0.00210
     22.00000    159.25000      0.00167
     22.25000    159.25000      0.00135
     22.50000    159.25000      0.00088
     22.75000    159.25000      0.00047
     23.00000    159.25000      0.00107
     23.25000    159.25000      0.00314
     23.50000    159.25000      0.00745
     23.75000    159.25000      0.01233
     24.00000    159.25000      0.01260
     15.00000    159.00000      0.00000
     15.25000    159.00000      0.00000
     15.50000    159.00000      0.00000
     15.75000    159.00000      0.00007
     16.00000    159.00000      0.00042
     16.25000    159.00000      0.00045
     16.50000    159.00000      0.00007
     16.75000    159.00000      0.00000
     17.00000    159.00000      0.00000
     17.25000    159.00000      0.00000
     17.50000    159.00000      0.00024
     17.75000    159.00000      0.00128
     18.00000    159.00000      0.00206
     18.25000    159.00000      0.00246
     18.50000    159.00000      0.00258
     18.75000    159.00000      0.00286
     19.00000    159.00000      0.00304
     19.25000    159.00000      0.00327
     19.50000    159.00000      0.00355
     19.75000    159.00000      0.00401
     20.00000    159.00000      0.00402
     20.25000    159.00000      0.00392
     20.50000    159.00000      0.00353
     20.75000    159.00000      0.00300
     21.00000    159.00000      0.00248
     21.25000    159.00000      0.00228
     21.50000    159.00000      0.00225
     21.75000    159.00000      0.00195
     22.00000    159.00000      0.00153
     22.25000    159.00000      0.00110
     22.50000    159.00000      0.00058
     22.75000    159.00000      0.00011
     23.00000    159.00000      0.00055
     23.25000    159.00000      0.00285
     23.50000    159.00000      0.00750
     23.75000    159.00000      0.01290
     24.00000    159.00000      0.01190
     15.00000    158.75000      0.00000
     15.25000    158.75000      0.00000
     15.50000    158.75000      0.00000
     15.75000    158.75000      0.00003
     16.00000    158.75000      0.00035
     16.25000    158.75000      0.00038
     16.50000    158.75000      0.00000
     16.75000    158.75000      0.00000
     17.00000    158.75000      0.00000
     17.25000    158.75000      0.00000
     17.50000    158.75000      0.00000
     17.75000    158.75000      0.00077
     18.00000    158.75000      0.00163
     18.25000    158.75000      0.00216
     18.50000    158.75000      0.00227
     18.75000    158.75000      0.00253
     19.00000    158.75000      0.00266
     19.25000    158.75000      0.00299
     19.50000    158.75000      0.00319
     19.75000    158.75000      0.00340
     20.00000    158.75000      0.00351
     20.25000    158.75000      0.00322
     20.50000    158.75000      0.00269
     20.75000    158.75000      0.00217
     21.00000    158.75000      0.00168
     21.25000    158.75000      0.00136
     21.50000    158.75000      0.00119
     21.75000    158.75000      0.00102
     22.00000    158.75000      0.00087
     22.25000    158.75000      0.00052
     22.50000    158.75000      0.00013
     22.75000    158.75000      0.00000
     23.00000    158.75000      0.00002
     23.25000    158.75000      0.00185
     23.50000    158.75000      0.00705
     23.75000    158.75000      0.01294
     24.00000    158.75000      0.01132
     15.00000    158.50000      0.00000
     15.25000    158.50000      0.00000
     15.50000    158.50000      0.00000
     15.75000    158.50000      0.00000
     16.00000    158.50000      0.00023
     16.25000    158.50000      0.00023
     16.50000    158.50000      0.00000
     16.75000    158.50000      0.00000
     17.00000    158.50000      0.00000
     17.25000    158.50000      0.00000
     17.50000    158.50000      0.00000
     17.75000    158.50000      0.00054
     18.00000    158.50000      0.00133
     18.25000    158.50000      0.00182
     18.50000    158.50000      0.00202
     18.75000    158.50000      0.00222
     19.00000    158.50000      0.00245
     19.25000    158.50000      0.00256
     19.50000    158.50000      0.00269
     19.75000    158.50000      0.00282
     20.00000    158.50000      0.00273
     20.25000    158.50000      0.00242
     20.50000    158.50000      0.00177
     20.75000    158.50000      0.00116
     21.00000    158.50000      0.00074
     21.25000    158.50000      0.00047
     21.50000    158.50000      0.00032
     21.75000    158.50000      0.00020
     22.00000    158.50000      0.00004
     22.25000    158.50000      0.00000
     22.50000    158.50000      0.00000
     22.75000    158.50000      0.00000
     23.00000    158.50000      0.00000
     23.25000    158.50000      0.00100
     23.50000    158.50000      0.00645
     23.75000    158.50000      0.01279
     24.00000    158.50000      0.01102
     15.00000    158.25000      0.00000
     15.25000    158.25000      0.00000
     15.50000    158.25000      0.00000
     15.75000    158.25000      0.00000
     16.00000    158.25000      0.00005
     16.25000    158.25000      0.00001
     16.50000    158.25000      0.00000
     16.75000    158.25000      0.00000
     17.00000    158.25000      0.00000
     17.25000    158.25000      0.00000
     17.50000    158.25000      0.00000
     17.75000    158.25000      0.00033
     18.00000    158.25000      0.00105
     18.25000    158.25000      0.00148
     18.50000    158.25000      0.00177
     18.75000    158.25000      0.00207
     19.00000    158.25000      0.00224
     19.25000    158.25000      0.00228
     19.50000    158.25000      0.00235
     19.75000    158.25000      0.00225
     20.00000    158.25000      0.00212
     20.25000    158.25000      0.00167
     20.50000    158.25000      0.00107
     20.75000    158.25000      0.00045
     21.00000    158.25000      0.00015
     21.25000    158.25000      0.00001
     21.50000    158.25000      0.00000
     21.75000    158.25000      0.00000
     22.00000    158.25000      0.00000
     22.25000    158.25000      0.00000
     22.50000    158.25000      0.00000
     22.75000    158.25000      0.00000
     23.00000    158.25000      0.00000
     23.25000    158.25000      0.00007
     23.50000    158.25000      0.00585
     23.75000    158.25000      0.01264
     24.00000    158.25000      0.01071
     15.00000    158.00000      0.00000
     15.25000    158.00000      0.00000
     15.50000    158.00000      0.00000
     15.75000    158.00000      0.00000
     16.00000    158.00000      0.00000
     16.25000    158.00000      0.00000
     16.50000    158.00000      0.00000
     16.75000    158.00000      0.00000
     17.00000    158.00000      0.00000
     17.25000    158.00000      0.00000
     17.50000    158.00000      0.00000
     17.75000    158.00000      0.00011
     18.00000    158.00000      0.00058
     18.25000    158.00000      0.00107
     18.50000    158.00000      0.00131
     18.75000    158.00000      0.00155
     19.00000    158.00000      0.00183
     19.25000    158.00000      0.00186
     19.50000    158.00000      0.00191
     19.75000    158.00000      0.00181
     20.00000    158.00000      0.00153
     20.25000    158.00000      0.00109
     20.50000    158.00000      0.00055
     20.75000    158.00000      0.00008
     21.00000    158.00000      0.00000
     21.25000    158.00000      0.00000
     21.50000    158.00000      0.00000
     21.75000    158.00000      0.00000
     22.00000    158.00000      0.00000
     22.25000    158.00000      0.00000
     22.50000    158.00000      0.00000
     22.75000    158.00000      0.00000
     23.00000    158.00000      0.00000
     23.25000    158.00000      0.00000
     23.50000    158.00000      0.00523
     23.75000    158.00000      0.01182
     24.00000    158.00000      0.01221
     15.00000    157.75000      0.00000
     15.25000    157.75000      0.00000
     15.50000    157.75000      0.00000
     15.75000    157.75000      0.00004
     16.00000    157.75000      0.00018
     16.25000    157.75000      0.00007
     16.50000    157.75000      0.00000
     16.75000    157.75000      0.00000
     17.00000    157.75000      0.00000
     17.25000    157.75000      0.00000
     17.50000    157.75000      0.00000
     17.75000    157.75000      0.00000
     18.00000    157.75000      0.00016
     18.25000    157.75000      0.00051
     18.50000    157.75000      0.00080
     18.75000    157.75000      0.00113
     19.00000    157.75000      0.00126
     19.25000    157.75000      0.00143
     19.50000    157.75000      0.00138
     19.75000    157.75000      0.00147
     20.00000    157.75000      0.00122
     20.25000    157.75000      0.00080
     20.50000    157.75000      0.00030
     20.75000    157.75000      0.00000
     21.00000    157.75000      0.00000
     21.25000    157.75000      0.00000
     21.50000    157.75000      0.00000
     21.75000    157.75000      0.00000
     22.00000    157.75000      0.00000
     22.25000    157.75000      0.00000
     22.50000    157.75000      0.00000
     22.75000    157.75000      0.00000
     23.00000    157.75000      0.00000
     23.25000    157.75000      0.00000
     23.50000    157.75000      0.00357
     23.75000    157.75000      0.01049
     24.00000    157.75000      0.01346
     15.00000    157.50000      0.00000
     15.25000    157.50000      0.00000
     15.50000    157.50000      0.00021
     15.75000    157.50000      0.00079
     16.00000    157.50000      0.00085
     16.25000    157.50000      0.00045
     16.50000    157.50000      0.00000
     16.75000    157.50000      0.00000
     17.00000    157.50000      0.00000
     17.25000    157.50000      0.00000
     17.50000    157.50000      0.00000
     17.75000    157.50000      0.00000
     18.00000    157.50000      0.00000
     18.25000    157.50000      0.00002
     18.50000    157.50000      0.00023
     18.75000    157.50000      0.00047
     19.00000    157.50000      0.00069
     19.25000    157.50000      0.00090
     19.50000    157.50000      0.00107
     19.75000    157.50000      0.00111
     20.00000    157.50000      0.00092
     20.25000    157.50000      0.00064
     20.50000    157.50000      0.00015
     20.75000    157.50000      0.00000
     21.00000    157.50000      0.00000
     21.25000    157.50000      0.00000
     21.50000    157.50000      0.00000
     21.75000    157.50000      0.00000
     22.00000    157.50000      0.00000
     22.25000    157.50000      0.00000
     22.50000    157.50000      0.00000
     22.75000    157.50000      0.00000
     23.00000    157.50000      0.00000
     23.25000    157.50000      0.00000
     23.50000    157.50000      0.00182
     23.75000    157.50000      0.00695
     24.00000    157.50000      0.00982
     15.00000    157.25000      0.00060
     15.25000    157.25000      0.00075
     15.50000    157.25000      0.00130
     15.75000    157.25000      0.00177
     16.00000    157.25000      0.00175
     16.25000    157.25000      0.00099
     16.50000    157.25000      0.00009
     16.75000    157.25000      0.00000
     17.00000    157.25000      0.00000
     17.25000    157.25000      0.00000
     17.50000    157.25000      0.00000
     17.75000    157.25000      0.00000
     18.00000    157.25000      0.00000
     18.25000    157.25000      0.00000
     18.50000    157.25000      0.00000
     18.75000    157.25000      0.00008
     19.00000    157.25000      0.00025
     19.25000    157.25000      0.00045
     19.50000    157.25000      0.00066
     19.75000    157.25000      0.00078
     20.00000    157.25000      0.00075
     20.25000    157.25000      0.00039
     20.50000    157.25000      0.00004
     20.75000    157.25000      0.00000
     21.00000    157.25000      0.00000
     21.25000    157.25000      0.00000
     21.50000    157.25000      0.00000
     21.75000    157.25000      0.00000
     22.00000    157.25000      0.00000
     22.25000    157.25000      0.00000
     22.50000    157.25000      0.00000
     22.75000    157.25000      0.00000
     23.00000    157.25000      0.00000
     23.25000    157.25000      0.00000
     23.50000    157.25000      0.00049
     23.75000    157.25000      0.00365
     24.00000    157.25000      0.00568
     13.25000    157.00000      0.00073
     13.50000    157.00000      0.00066
     13.75000    157.00000      0.00121
     14.00000    157.00000      0.00166
     14.25000    157.00000      0.00200
     14.50000    157.00000      0.00198
     14.75000    157.00000      0.00151
     15.00000    157.00000      0.00162
     15.25000    157.00000      0.00173
     15.50000    157.00000      0.00213
     15.75000    157.00000      0.00254
     16.00000    157.00000      0.00224
     16.25000    157.00000      0.00157
     16.50000    157.00000      0.00025
     16.75000    157.00000      0.00000
     17.00000    157.00000      0.00000
     17.25000    157.00000      0.00000
     17.50000    157.00000      0.00000
     17.75000    157.00000      0.00000
     18.00000    157.00000      0.00000
     18.25000    157.00000      0.00000
     18.50000    157.00000      0.00000
     18.75000    157.00000      0.00000
     19.00000    157.00000      0.00000
     19.25000    157.00000      0.00009
     19.50000    157.00000      0.00025
     19.75000    157.00000      0.00044
     20.00000    157.00000      0.00033
     20.25000    157.00000      0.00014
     20.50000    157.00000      0.00000
     20.75000    157.00000      0.00000
     21.00000    157.00000      0.00000
     21.25000    157.00000      0.00000
     21.50000    157.00000      0.00000
     21.75000    157.00000      0.00000
     22.00000    157.00000      0.00000
     22.25000    157.00000      0.00000
     22.50000    157.00000      0.00000
     22.75000    157.00000      0.00000
     23.00000    157.00000      0.00000
     23.25000    157.00000      0.00000
     23.50000    157.00000      0.00016
     23.75000    157.00000      0.00219
     24.00000    157.00000      0.00375
     13.25000    156.75000      0.00072
     13.50000    156.75000      0.00055
     13.75000    156.75000      0.00040
     14.00000    156.75000      0.00047
     14.25000    156.75000      0.00081
     14.50000    156.75000      0.00123
     14.75000    156.75000      0.00183
     15.00000    156.75000      0.00214
     15.25000    156.75000      0.00244
     15.50000    156.75000      0.00271
     15.75000    156.75000      0.00298
     16.00000    156.75000      0.00269
     16.25000    156.75000      0.00184
     16.50000    156.75000      0.00052
     16.75000    156.75000      0.00000
     17.00000    156.75000      0.00000
     17.25000    156.75000      0.00000
     17.50000    156.75000      0.00000
     17.75000    156.75000      0.00000
     18.00000    156.75000      0.00000
     18.25000    156.75000      0.00000
     18.50000    156.75000      0.00000
     18.75000    156.75000      0.00000
     19.00000    156.75000      0.00000
     19.25000    156.75000      0.00000
     19.50000    156.75000      0.00001
     19.75000    156.75000      0.00003
     20.00000    156.75000      0.00002
     20.25000    156.75000      0.00000
     20.50000    156.75000      0.00000
     20.75000    156.75000      0.00000
     21.00000    156.75000      0.00000
     21.25000    156.75000      0.00000
     21.50000    156.75000      0.00000
     21.75000    156.75000      0.00000
     22.00000    156.75000      0.00000
     22.25000    156.75000      0.00000
     22.50000    156.75000      0.00000
     22.75000    156.75000      0.00000
     23.00000    156.75000      0.00000
     13.25000    156.50000      0.00059
     13.50000    156.50000      0.00026
     13.75000    156.50000      0.00004
     14.00000    156.50000      0.00009
     14.25000    156.50000      0.00043
     14.50000    156.50000      0.00121
     14.75000    156.50000      0.00185
     15.00000    156.50000      0.00232
     15.25000    156.50000      0.00260
     15.50000    156.50000      0.00284
     15.75000    156.50000      0.00292
     16.00000    156.50000      0.00260
     16.25000    156.50000      0.00191
     16.50000    156.50000      0.00071
     16.75000    156.50000      0.00000
     17.00000    156.50000      0.00000
     17.25000    156.50000      0.00000
     17.50000    156.50000      0.00000
     17.75000    156.50000      0.00000
     18.00000    156.50000      0.00000
     18.25000    156.50000      0.00000
     18.50000    156.50000      0.00000
     18.75000    156.50000      0.00000
     19.00000    156.50000      0.00000
     19.25000    156.50000      0.00000
     19.50000    156.50000      0.00000
     19.75000    156.50000      0.00000
     20.00000    156.50000      0.00000
     20.25000    156.50000      0.00000
     20.50000    156.50000      0.00000
     20.75000    156.50000      0.00000
     21.00000    156.50000      0.00000
     21.25000    156.50000      0.00000
     21.50000    156.50000      0.00000
     21.75000    156.50000      0.00000
     22.00000    156.50000      0.00000
     22.25000    156.50000      0.00000
     22.50000    156.50000      0.00000
     22.75000    156.50000      0.00000
     23.00000    156.50000      0.00000
     13.25000    156.25000      0.00057
     13.50000    156.25000      0.00011
     13.75000    156.25000      0.00000
     14.00000    156.25000      0.00000
     14.25000    156.25000      0.00014
     14.50000    156.25000      0.00105
     14.75000    156.25000      0.00200
     15.00000    156.25000      0.00243
     15.25000    156.25000      0.00248
     15.50000    156.25000      0.00259
     15.75000    156.25000      0.00255
     16.00000    156.25000      0.00226
     16.25000    156.25000      0.00173
     16.50000    156.25000      0.00090
     16.75000    156.25000      0.00006
     17.00000    156.25000      0.00000
     17.25000    156.25000      0.00000
     17.50000    156.25000      0.00000
     17.75000    156.25000      0.00000
     18.00000    156.25000      0.00000
     18.25000    156.25000      0.00000
     18.50000    156.25000      0.00000
     18.75000    156.25000      0.00000
     19.00000    156.25000      0.00000
     19.25000    156.25000      0.00000
     19.50000    156.25000      0.00000
     19.75000    156.25000      0.00000
     20.00000    156.25000      0.00000
     20.25000    156.25000      0.00000
     20.50000    156.25000      0.00000
     20.75000    156.25000      0.00000
     21.00000    156.25000      0.00000
     21.25000    156.25000      0.00000
     21.50000    156.25000      0.00000
     21.75000    156.25000      0.00000
     22.00000    156.25000      0.00000
     22.25000    156.25000      0.00000
     22.50000    156.25000      0.00000
     22.75000    156.25000      0.00000
     23.00000    156.25000      0.00000
     13.25000    156.00000      0.00024
     13.50000    156.00000      0.00000
     13.75000    156.00000      0.00000
     14.00000    156.00000      0.00000
     14.25000    156.00000      0.00012
     14.50000    156.00000      0.00091
     14.75000    156.00000      0.00185
     15.00000    156.00000      0.00212
     15.25000    156.00000      0.00217
     15.50000    156.00000      0.00217
     15.75000    156.00000      0.00232
     16.00000    156.00000      0.00220
     16.25000    156.00000      0.00168
     16.50000    156.00000      0.00085
     16.75000    156.00000      0.00015
     17.00000    156.00000      0.00000
     17.25000    156.00000      0.00000
     17.50000    156.00000      0.00000
     17.75000    156.00000      0.00000
     18.00000    156.00000      0.00000
     18.25000    156.00000      0.00000
     18.50000    156.00000      0.00000
     18.75000    156.00000      0.00000
     19.00000    156.00000      0.00000
     19.25000    156.00000      0.00000
     19.50000    156.00000      0.00000
     19.75000    156.00000      0.00000
     20.00000    156.00000      0.00000
     20.25000    156.00000      0.00000
     20.50000    156.00000      0.00000
     20.75000    156.00000      0.00000
     21.00000    156.00000      0.00000
     21.25000    156.00000      0.00000
     21.50000    156.00000      0.00000
     21.75000    156.00000      0.00000
     22.00000    156.00000      0.00000
     22.25000    156.00000      0.00000
     22.50000    156.00000      0.00000
     22.75000    156.00000      0.00000
     23.00000    156.00000      0.00000
     13.00000    155.75000      0.00002
     13.25000    155.75000      0.00000
     13.50000    155.75000      0.00000
     13.75000    155.75000      0.00000
     14.00000    155.75000      0.00000
     16.00000    155.75000      0.00245
     16.25000    155.75000      0.00209
     16.50000    155.75000      0.00096
     16.75000    155.75000      0.00004
     17.00000    155.75000      0.00000
     17.25000    155.75000      0.00000
     17.50000    155.75000      0.00000
     17.75000    155.75000      0.00000
     18.00000    155.75000      0.00000
     18.25000    155.75000      0.00000
     18.50000    155.75000      0.00000
     18.75000    155.75000      0.00000
     19.00000    155.75000      0.00000
     19.25000    155.75000      0.00000
     19.50000    155.75000      0.00000
     19.75000    155.75000      0.00000
     20.00000    155.75000      0.00000
     20.25000    155.75000      0.00000
     20.50000    155.75000      0.00000
     20.75000    155.75000      0.00000
     21.00000    155.75000      0.00000
     21.25000    155.75000      0.00000
     21.50000    155.75000      0.00000
     21.75000    155.75000      0.00000
     22.00000    155.75000      0.00000
     22.25000    155.75000      0.00000
     22.50000    155.75000      0.00000
     22.75000    155.75000      0.00000
     23.00000    155.75000      0.00000
     13.00000    155.50000      0.00000
     13.25000    155.50000      0.00000
     13.50000    155.50000      0.00000
     13.75000    155.50000      0.00000
     14.00000    155.50000      0.00000
     16.00000    155.50000      0.00317
     16.25000    155.50000      0.00224
     16.50000    155.50000      0.00082
     16.75000    155.50000      0.00000
     17.00000    155.50000      0.00000
     17.25000    155.50000      0.00000
     17.50000    155.50000      0.00000
     17.75000    155.50000      0.00000
     18.00000    155.50000      0.00000
     18.25000    155.50000      0.00000
     18.50000    155.50000      0.00000
     18.75000    155.50000      0.00000
     19.00000    155.50000      0.00000
     19.25000    155.50000      0.00000
     19.50000    155.50000      0.00000
     19.75000    155.50000      0.00000
     20.00000    155.50000      0.00000
     20.25000    155.50000      0.00000
     20.50000    155.50000      0.00000
     20.75000    155.50000      0.00000
     21.00000    155.50000      0.00000
     21.25000    155.50000      0.00000
     21.50000    155.50000      0.00000
     21.75000    155.50000      0.00000
     22.00000    155.50000      0.00000
     22.25000    155.50000      0.00000
     22.50000    155.50000      0.00000
     22.75000    155.50000      0.00009
     23.00000    155.50000      0.00020
     13.00000    155.25000      0.00000
     13.25000    155.25000      0.00000
     13.50000    155.25000      0.00000
     13.75000    155.25000      0.00000
     14.00000    155.25000      0.00000
     16.00000    155.25000      0.00355
     16.25000    155.25000      0.00241
     16.50000    155.25000      0.00069
     16.75000    155.25000      0.00000
     17.00000    155.25000      0.00000
     17.25000    155.25000      0.00000
     17.50000    155.25000      0.00000
     17.75000    155.25000      0.00000
     18.00000    155.25000      0.00000
     18.25000    155.25000      0.00000
     18.50000    155.25000      0.00000
     18.75000    155.25000      0.00000
     19.00000    155.25000      0.00000
     19.25000    155.25000      0.00000
     19.50000    155.25000      0.00000
     19.75000    155.25000      0.00000
     20.00000    155.25000      0.00000
     20.25000    155.25000      0.00000
     20.50000    155.25000      0.00000
     20.75000    155.25000      0.00000
     21.00000    155.25000      0.00000
     21.25000    155.25000      0.00000
     21.50000    155.25000      0.00000
     21.75000    155.25000      0.00000
     22.00000    155.25000      0.00000
     22.25000    155.25000      0.00000
     22.50000    155.25000      0.00000
     22.75000    155.25000      0.00033
     23.00000    155.25000      0.00079
     13.00000    155.00000      0.00000
     13.25000    155.00000      0.00000
     13.50000    155.00000      0.00000
     13.75000    155.00000      0.00000
     14.00000    155.00000      0.00000
     16.00000    155.00000      0.00364
     16.25000    155.00000      0.00251
     16.50000    155.00000      0.00077
     16.75000    155.00000      0.00000
     17.00000    155.00000      0.00000
     17.25000    155.00000      0.00000
     17.50000    155.00000      0.00000
     17.75000    155.00000      0.00000
     18.00000    155.00000      0.00000
     18.25000    155.00000      0.00000
     18.50000    155.00000      0.00000
     18.75000    155.00000      0.00000
     19.00000    155.00000      0.00000
     19.25000    155.00000      0.00000
     19.50000    155.00000      0.00000
     19.75000    155.00000      0.00000
     20.00000    155.00000      0.00000
     20.25000    155.00000      0.00000
     20.50000    155.00000      0.00000
     20.75000    155.00000      0.00000
     21.00000    155.00000      0.00000
     21.25000    155.00000      0.00000
     21.50000    155.00000      0.00000
     21.75000    155.00000      0.00000
     22.00000    155.00000      0.00000
     22.25000    155.00000      0.00000
     22.50000    155.00000      0.00000
     22.75000    155.00000      0.00005
     23.00000    155.00000      0.00034
     23.25000    155.00000      0.00055
     23.50000    155.00000      0.00036
     23.75000    155.00000      0.00000
     14.00000    154.75000      0.00000
     16.00000    154.75000      0.00327
     16.25000    154.75000      0.00237
     16.50000    154.75000      0.00083
     16.75000    154.75000      0.00000
     17.00000    154.75000      0.00000
     17.25000    154.75000      0.00000
     17.50000    154.75000      0.00000
     17.75000    154.75000      0.00000
     18.00000    154.75000      0.00000
     18.25000    154.75000      0.00000
     18.50000    154.75000      0.00000
     18.75000    154.75000      0.00002
     19.00000    154.75000      0.00000
     19.25000    154.75000      0.00000
     19.50000    154.75000      0.00000
     19.75000    154.75000      0.00000
     20.00000    154.75000      0.00000
     20.25000    154.75000      0.00000
     20.50000    154.75000      0.00000
     20.75000    154.75000      0.00000
     21.00000    154.75000      0.00000
     21.25000    154.75000      0.00000
     21.50000    154.75000      0.00000
     21.75000    154.75000      0.00000
     22.00000    154.75000      0.00000
     14.00000    154.50000      0.00000
     16.00000    154.50000      0.00277
     16.25000    154.50000      0.00215
     16.50000    154.50000      0.00125
     16.75000    154.50000      0.00029
     17.00000    154.50000      0.00005
     17.25000    154.50000      0.00000
     17.50000    154.50000      0.00001
     17.75000    154.50000      0.00003
     18.00000    154.50000      0.00010
     18.25000    154.50000      0.00019
     18.50000    154.50000      0.00029
     18.75000    154.50000      0.00040
     19.00000    154.50000      0.00001
     19.25000    154.50000      0.00000
     19.50000    154.50000      0.00000
     19.75000    154.50000      0.00000
     20.00000    154.50000      0.00000
     20.25000    154.50000      0.00000
     20.50000    154.50000      0.00000
     20.75000    154.50000      0.00000
     21.00000    154.50000      0.00000
     21.25000    154.50000      0.00000
     21.50000    154.50000      0.00000
     21.75000    154.50000      0.00000
     22.00000    154.50000      0.00000
     14.00000    154.25000      0.00000
     16.00000    154.25000      0.00143
     16.25000    154.25000      0.00120
     16.50000    154.25000      0.00078
     16.75000    154.25000      0.00032
     17.00000    154.25000      0.00012
     17.25000    154.25000      0.00013
     17.50000    154.25000      0.00028
     17.75000    154.25000      0.00045
     18.00000    154.25000      0.00058
     18.25000    154.25000      0.00075
     18.50000    154.25000      0.00096
     18.75000    154.25000      0.00100
     19.00000    154.25000      0.00031
     19.25000    154.25000      0.00000
     19.50000    154.25000      0.00000
     19.75000    154.25000      0.00000
     20.00000    154.25000      0.00000
     20.25000    154.25000      0.00000
     20.50000    154.25000      0.00000
     20.75000    154.25000      0.00000
     21.00000    154.25000      0.00000
     21.25000    154.25000      0.00000
     21.50000    154.25000      0.00000
     21.75000    154.25000      0.00000
     22.00000    154.25000      0.00000
     14.00000    154.00000      0.00000
     14.25000    154.00000      0.00000
     14.50000    154.00000      0.00000
     14.75000    154.00000      0.00026
     15.00000    154.00000      0.00080
     15.25000    154.00000      0.00110
     15.50000    154.00000      0.00126
     15.75000    154.00000      0.00117
     16.00000    154.00000      0.00099
     16.25000    154.00000      0.00084
     16.50000    154.00000      0.00061
     16.75000    154.00000      0.00031
     17.00000    154.00000      0.00025
     17.25000    154.00000      0.00030
     17.50000    154.00000      0.00058
     17.75000    154.00000      0.00091
     18.00000    154.00000      0.00113
     18.25000    154.00000      0.00134
     18.50000    154.00000      0.00140
     18.75000    154.00000      0.00146
     19.00000    154.00000      0.00087
     19.25000    154.00000      0.00011
     19.50000    154.00000      0.00000
     19.75000    154.00000      0.00000
     20.00000    154.00000      0.00000
     20.25000    154.00000      0.00000
     20.50000    154.00000      0.00000
     20.75000    154.00000      0.00000
     21.00000    154.00000      0.00000
     21.25000    154.00000      0.00000
     21.50000    154.00000      0.00000
     21.75000    154.00000      0.00000
     22.00000    154.00000      0.00000
     14.00000    153.75000      0.00000
     14.25000    153.75000      0.00000
     14.50000    153.75000      0.00000
     14.75000    153.75000      0.00029
     15.00000    153.75000      0.00085
     15.25000    153.75000      0.00130
     15.50000    153.75000      0.00134
     15.75000    153.75000      0.00111
     16.00000    153.75000      0.00091
     16.25000    153.75000      0.00084
     16.50000    153.75000      0.00066
     16.75000    153.75000      0.00049
     17.00000    153.75000      0.00050
     17.25000    153.75000      0.00068
     17.50000    153.75000      0.00094
     17.75000    153.75000      0.00122
     18.00000    153.75000      0.00148
     18.25000    153.75000      0.00156
     18.50000    153.75000      0.00160
     18.75000    153.75000      0.00163
     19.00000    153.75000      0.00134
     19.25000    153.75000      0.00056
     19.50000    153.75000      0.00000
     19.75000    153.75000      0.00000
     20.00000    153.75000      0.00000
     20.25000    153.75000      0.00000
     20.50000    153.75000      0.00000
     20.75000    153.75000      0.00000
     21.00000    153.75000      0.00000
     21.25000    153.75000      0.00000
     21.50000    153.75000      0.00000
     21.75000    153.75000      0.00000
     22.00000    153.75000      0.00000
     14.00000    153.50000      0.00000
     14.25000    153.50000      0.00000
     14.50000    153.50000      0.00000
     14.75000    153.50000      0.00010
     15.00000    153.50000      0.00059
     15.25000    153.50000      0.00099
     15.50000    153.50000      0.00116
     15.75000    153.50000      0.00111
     16.00000    153.50000      0.00104
     16.25000    153.50000      0.00107
     16.50000    153.50000      0.00094
     16.75000    153.50000      0.00094
     17.00000    153.50000      0.00089
     17.25000    153.50000      0.00106
     17.50000    153.50000      0.00132
     17.75000    153.50000      0.00146
     18.00000    153.50000      0.00171
     18.25000    153.50000      0.00178
     18.50000    153.50000      0.00167
     18.75000    153.50000      0.00169
     19.00000    153.50000      0.00126
     19.25000    153.50000      0.00059
     19.50000    153.50000      0.00009
     19.75000    153.50000      0.00000
     20.00000    153.50000      0.00000
     20.25000    153.50000      0.00000
     20.50000    153.50000      0.00000
     20.75000    153.50000      0.00000
     21.00000    153.50000      0.00000
     21.25000    153.50000      0.00000
     21.50000    153.50000      0.00000
     21.75000    153.50000      0.00000
     22.00000    153.50000      0.00000
     14.00000    153.25000      0.00000
     14.25000    153.25000      0.00000
     14.50000    153.25000      0.00000
     14.75000    153.25000      0.00000
     15.00000    153.25000      0.00027
     15.25000    153.25000      0.00062
     15.50000    153.25000      0.00086
     15.75000    153.25000      0.00111
     16.00000    153.25000      0.00118
     16.25000    153.25000      0.00118
     16.50000    153.25000      0.00124
     16.75000    153.25000      0.00131
     17.00000    153.25000      0.00134
     17.25000    153.25000      0.00148
     17.50000    153.25000      0.00159
     17.75000    153.25000      0.00171
     18.00000    153.25000      0.00180
     18.25000    153.25000      0.00186
     18.50000    153.25000      0.00173
     18.75000    153.25000      0.00161
     19.00000    153.25000      0.00117
     19.25000    153.25000      0.00052
     19.50000    153.25000      0.00001
     19.75000    153.25000      0.00000
     20.00000    153.25000      0.00000
     20.25000    153.25000      0.00000
     20.50000    153.25000      0.00000
     20.75000    153.25000      0.00000
     21.00000    153.25000      0.00000
     21.25000    153.25000      0.00000
     21.50000    153.25000      0.00000
     21.75000    153.25000      0.00000
     22.00000    153.25000      0.00000
     14.25000    153.00000      0.00000
     14.50000    153.00000      0.00000
     14.75000    153.00000      0.00000
     15.00000    153.00000      0.00021
     15.25000    153.00000      0.00061
     15.50000    153.00000      0.00087
     15.75000    153.00000      0.00114
     16.00000    153.00000      0.00136
     16.25000    153.00000      0.00150
     16.50000    153.00000      0.00156
     16.75000    153.00000      0.00161
     17.00000    153.00000      0.00162
     17.25000    153.00000      0.00173
     17.50000    153.00000      0.00179
     17.75000    153.00000      0.00186
     18.00000    153.00000      0.00190
     18.25000    153.00000      0.00191
     18.50000    153.00000      0.00173
     18.75000    153.00000      0.00156
     19.00000    153.00000      0.00111
     19.25000    153.00000      0.00046
     19.50000    153.00000      0.00000
     19.75000    153.00000      0.00000
     20.00000    153.00000      0.00000
     20.25000    153.00000      0.00000
     20.50000    153.00000      0.00000
     20.75000    153.00000      0.00000
     21.00000    153.00000      0.00000
     21.25000    153.00000      0.00000
     21.50000    153.00000      0.00000
     21.75000    153.00000      0.00000
     22.00000    153.00000      0.00000
     15.00000    152.75000      0.00037
     15.25000    152.75000      0.00077
     15.50000    152.75000      0.00118
     15.75000    152.75000      0.00149
     16.00000    152.75000      0.00174
     16.25000    152.75000      0.00178
     16.50000    152.75000      0.00189
     16.75000    152.75000      0.00199
     17.00000    152.75000      0.00201
     17.25000    152.75000      0.00208
     17.50000    152.75000      0.00206
     17.75000    152.75000      0.00204
     18.00000    152.75000      0.00199
     18.25000    152.75000      0.00192
     18.50000    152.75000      0.00167
     18.75000    152.75000      0.00143
     19.00000    152.75000      0.00094
     19.25000    152.75000      0.00041
     19.50000    152.75000      0.00000
     19.75000    152.75000      0.00000
     20.00000    152.75000      0.00000
     20.25000    152.75000      0.00000
     20.50000    152.75000      0.00000
     20.75000    152.75000      0.00000
     21.00000    152.75000      0.00000
     21.25000    152.75000      0.00000
     21.50000    152.75000      0.00000
     21.75000    152.75000      0.00000
     22.00000    152.75000      0.00000
     15.00000    152.50000      0.00071
     15.25000    152.50000      0.00105
     15.50000    152.50000      0.00156
     15.75000    152.50000      0.00188
     16.00000    152.50000      0.00202
     16.25000    152.50000      0.00229
     16.50000    152.50000      0.00237
     16.75000    152.50000      0.00244
     17.00000    152.50000      0.00235
     17.25000    152.50000      0.00239
     17.50000    152.50000      0.00225
     17.75000    152.50000      0.00212
     18.00000    152.50000      0.00195
     18.25000    152.50000      0.00191
     18.50000    152.50000      0.00154
     18.75000    152.50000      0.00134
     19.00000    152.50000      0.00092
     19.25000    152.50000      0.00037
     19.50000    152.50000      0.00000
     19.75000    152.50000      0.00000
     20.00000    152.50000      0.00000
     20.25000    152.50000      0.00000
     20.50000    152.50000      0.00000
     20.75000    152.50000      0.00000
     21.00000    152.50000      0.00000
     21.25000    152.50000      0.00000
     21.50000    152.50000      0.00000
     21.75000    152.50000      0.00000
     22.00000    152.50000      0.00000
     15.00000    152.25000      0.00110
     15.25000    152.25000      0.00133
     15.50000    152.25000      0.00189
     15.75000    152.25000      0.00229
     16.00000    152.25000      0.00247
     16.25000    152.25000      0.00266
     16.50000    152.25000      0.00270
     16.75000    152.25000      0.00290
     17.00000    152.25000      0.00285
     17.25000    152.25000      0.00269
     17.50000    152.25000      0.00244
     17.75000    152.25000      0.00234
     18.00000    152.25000      0.00206
     18.25000    152.25000      0.00175
     18.50000    152.25000      0.00156
     18.75000    152.25000      0.00125
     19.00000    152.25000      0.00077
     19.25000    152.25000      0.00033
     19.50000    152.25000      0.00006
     19.75000    152.25000      0.00000
     20.00000    152.25000      0.00000
     20.25000    152.25000      0.00000
     20.50000    152.25000      0.00000
     20.75000    152.25000      0.00001
     21.00000    152.25000      0.00002
     21.25000    152.25000      0.00001
     21.50000    152.25000      0.00000
     21.75000    152.25000      0.00000
     22.00000    152.25000      0.00000
     15.00000    152.00000      0.00136
     15.25000    152.00000      0.00159
     15.50000    152.00000      0.00188
     15.75000    152.00000      0.00232
     16.00000    152.00000      0.00276
     16.25000    152.00000      0.00285
     16.50000    152.00000      0.00294
     16.75000    152.00000      0.00302
     17.00000    152.00000      0.00298
     17.25000    152.00000      0.00282
     17.50000    152.00000      0.00254
     17.75000    152.00000      0.00210
     18.00000    152.00000      0.00193
     18.25000    152.00000      0.00156
     18.50000    152.00000      0.00131
     18.75000    152.00000      0.00107
     19.00000    152.00000      0.00068
     19.25000    152.00000      0.00033
     19.50000    152.00000      0.00005
     19.75000    152.00000      0.00000
     20.00000    152.00000      0.00000
     20.25000    152.00000      0.00000
     20.50000    152.00000      0.00005
     20.75000    152.00000      0.00035
     21.00000    152.00000      0.00049
     21.25000    152.00000      0.00068
     21.50000    152.00000      0.00057
     21.75000    152.00000      0.00046
     15.00000    151.75000      0.00144
     15.25000    151.75000      0.00153
     15.50000    151.75000      0.00182
     15.75000    151.75000      0.00212
     16.00000    151.75000      0.00241
     16.25000    151.75000      0.00269
     16.50000    151.75000      0.00291
     16.75000    151.75000      0.00295
     17.00000    151.75000      0.00290
     17.25000    151.75000      0.00261
     17.50000    151.75000      0.00224
     17.75000    151.75000      0.00172
     18.00000    151.75000      0.00144
     18.25000    151.75000      0.00122
     18.50000    151.75000      0.00094
     18.75000    151.75000      0.00080
     19.00000    151.75000      0.00053
     19.25000    151.75000      0.00027
     19.50000    151.75000      0.00002
     19.75000    151.75000      0.00000
     20.00000    151.75000      0.00000
     20.25000    151.75000      0.00000
     20.50000    151.75000      0.00007
     20.75000    151.75000      0.00038
     21.00000    151.75000      0.00051
     21.25000    151.75000      0.00058
     21.50000    151.75000      0.00048
     21.75000    151.75000      0.00028
     15.25000    151.50000      0.00158
     15.50000    151.50000      0.00158
     15.75000    151.50000      0.00172
     16.00000    151.50000      0.00189
     16.25000    151.50000      0.00224
     16.50000    151.50000      0.00262
     16.75000    151.50000      0.00270
     17.00000    151.50000      0.00263
     17.25000    151.50000      0.00224
     17.50000    151.50000      0.00172
     17.75000    151.50000      0.00109
     18.00000    151.50000      0.00079
     18.25000    151.50000      0.00053
     18.50000    151.50000      0.00051
     18.75000    151.50000      0.00048
     19.00000    151.50000      0.00042
     19.25000    151.50000      0.00017
     19.50000    151.50000      0.00000
     19.75000    151.50000      0.00000
     20.00000    151.50000      0.00000
     20.25000    151.50000      0.00000
     20.50000    151.50000      0.00000
     20.75000    151.50000      0.00011
     21.00000    151.50000      0.00012
     21.25000    151.50000      0.00000
     21.50000    151.50000      0.00000
     21.75000    151.50000      0.00000
     15.50000    151.25000      0.00135
     15.75000    151.25000      0.00135
     16.00000    151.25000      0.00140
     16.25000    151.25000      0.00181
     16.50000    151.25000      0.00229
     16.75000    151.25000      0.00245
     17.00000    151.25000      0.00220
     17.25000    151.25000      0.00173
     17.50000    151.25000      0.00109
     17.75000    151.25000      0.00044
     18.00000    151.25000      0.00012
     18.25000    151.25000      0.00006
     18.50000    151.25000      0.00017
     18.75000    151.25000      0.00030
     19.00000    151.25000      0.00024
     19.25000    151.25000      0.00015
     19.50000    151.25000      0.00000
     19.75000    151.25000      0.00000
     20.00000    151.25000      0.00000
     20.25000    151.25000      0.00000
     20.50000    151.25000      0.00000
     20.75000    151.25000      0.00000
     21.00000    151.25000      0.00000
     21.25000    151.25000      0.00000
     21.50000    151.25000      0.00000
     21.75000    151.25000      0.00000
     16.00000    151.00000      0.00118
     16.25000    151.00000      0.00130
     16.50000    151.00000      0.00193
     16.75000    151.00000      0.00188
     17.00000    151.00000      0.00164
     17.25000    151.00000      0.00112
     17.50000    151.00000      0.00053
     17.75000    151.00000      0.00005
     18.00000    151.00000      0.00000
     18.25000    151.00000      0.00000
     18.50000    151.00000      0.00000
     18.75000    151.00000      0.00011
     19.00000    151.00000      0.00011
     19.25000    151.00000      0.00004
     19.50000    151.00000      0.00000
     19.75000    151.00000      0.00000
     20.00000    151.00000      0.00000
     20.25000    151.00000      0.00000
     20.50000    151.00000      0.00000
     20.75000    151.00000      0.00000
     21.00000    151.00000      0.00000
     21.25000    151.00000      0.00000
     15.75000    150.75000      0.00144
     16.00000    150.75000      0.00118
     18.00000    150.75000      0.00001
     18.25000    150.75000      0.00000
     18.50000    150.75000      0.00000
     18.75000    150.75000      0.00001
     19.00000    150.75000      0.00000
     19.25000    150.75000      0.00000
     19.50000    150.75000      0.00000
     19.75000    150.75000      0.00000
     20.00000    150.75000      0.00000
     15.75000    150.50000      0.00207
     16.00000    150.50000      0.00157
     18.00000    150.50000      0.00041
     18.25000    150.50000      0.00030
     18.50000    150.50000      0.00007
     18.75000    150.50000      0.00000
     19.00000    150.50000      0.00000
     19.25000    150.50000      0.00000
     19.50000    150.50000      0.00000
     19.75000    150.50000      0.00000
     20.00000    150.50000      0.00000
     15.75000    150.25000      0.00274
     16.00000    150.25000      0.00213
     18.00000    150.25000      0.00055
     18.25000    150.25000      0.00071
     18.50000    150.25000      0.00015
     18.75000    150.25000      0.00000
     19.00000    150.25000      0.00000
     19.25000    150.25000      0.00000
     19.50000    150.25000      0.00000
     19.75000    150.25000      0.00000
     20.00000    150.25000      0.00000
     15.75000    150.00000      0.00227
     16.00000    150.00000      0.00151
     18.00000    150.00000      0.00023
     18.25000    150.00000      0.00035
     18.50000    150.00000      0.00010
     18.75000    150.00000      0.00000
     19.00000    150.00000      0.00000
     19.25000    150.00000      0.00000
     19.50000    150.00000      0.00000
     19.75000    150.00000      0.00000
     20.00000    150.00000      0.00000
     18.00000    149.75000      0.00000
     18.25000    149.75000      0.00000
     18.50000    149.75000      0.00000
     18.75000    149.75000      0.00000
     19.00000    149.75000      0.00000
     18.00000    149.50000      0.00000
     18.25000    149.50000      0.00000
     18.50000    149.50000      0.00000
     18.75000    149.50000      0.00000
     19.00000    149.50000      0.00000
     18.00000    149.25000      0.00000
     18.25000    149.25000      0.00000
     18.50000    149.25000      0.00000
     18.75000    149.25000      0.00000
     19.00000    149.25000      0.00000
