     21.25000    164.00000      0.00396
     21.50000    164.00000      0.00245
     21.75000    164.00000      0.00106
     22.00000    164.00000      0.00013
     22.25000    164.00000      0.00000
     22.50000    164.00000      0.00000
     22.75000    164.00000      0.00000
     23.00000    164.00000      0.00000
     23.25000    164.00000      0.00000
     23.50000    164.00000      0.00000
     20.75000    163.75000      0.00537
     21.00000    163.75000      0.00423
     21.25000    163.75000      0.00316
     21.50000    163.75000      0.00206
     21.75000    163.75000      0.00079
     22.00000    163.75000      0.00004
     22.25000    163.75000      0.00000
     22.50000    163.75000      0.00000
     22.75000    163.75000      0.00000
     23.00000    163.75000      0.00000
     23.25000    163.75000      0.00000
     23.50000    163.75000      0.00000
     23.75000    163.75000      0.00000
     24.00000    163.75000      0.00000
     24.25000    163.75000      0.00000
     20.50000    163.50000      0.00547
     20.75000    163.50000      0.00449
     21.00000    163.50000      0.00345
     21.25000    163.50000      0.00245
     21.50000    163.50000      0.00151
     21.75000    163.50000      0.00044
     22.00000    163.50000      0.00000
     22.25000    163.50000      0.00000
     22.50000    163.50000      0.00000
     22.75000    163.50000      0.00000
     23.00000    163.50000      0.00000
     23.25000    163.50000      0.00000
     23.50000    163.50000      0.00000
     23.75000    163.50000      0.00000
     24.00000    163.50000      0.00000
     24.25000    163.50000      0.00000
     20.25000    163.25000      0.00435
     20.50000    163.25000      0.00396
     20.75000    163.25000      0.00326
     21.00000    163.25000      0.00246
     21.25000    163.25000      0.00165
     21.50000    163.25000      0.00080
     21.75000    163.25000      0.00012
     22.00000    163.25000      0.00000
     22.25000    163.25000      0.00000
     22.50000    163.25000      0.00000
     22.75000    163.25000      0.00000
     23.00000    163.25000      0.00000
     23.25000    163.25000      0.00000
     23.50000    163.25000      0.00000
     23.75000    163.25000      0.00000
     24.00000    163.25000      0.00000
     24.25000    163.25000      0.00000
     19.75000    163.00000      0.00558
     20.00000    163.00000      0.00422
     20.25000    163.00000      0.00323
     20.50000    163.00000      0.00282
     20.75000    163.00000      0.00242
     21.00000    163.00000      0.00188
     21.25000    163.00000      0.00120
     21.50000    163.00000      0.00055
     21.75000    163.00000      0.00010
     22.00000    163.00000      0.00000
     22.25000    163.00000      0.00000
     22.50000    163.00000      0.00000
     22.75000    163.00000      0.00000
     23.00000    163.00000      0.00000
     23.25000    163.00000      0.00000
     23.50000    163.00000      0.00000
     23.75000    163.00000      0.00000
     24.00000    163.00000      0.00000
     24.25000    163.00000      0.00000
     19.50000    162.75000      0.00651
     19.75000    162.75000      0.00542
     20.00000    162.75000      0.00407
     20.25000    162.75000      0.00306
     20.50000    162.75000      0.00251
     20.75000    162.75000      0.00219
     21.00000    162.75000      0.00191
     21.25000    162.75000      0.00133
     21.50000    162.75000      0.00082
     21.75000    162.75000      0.00032
     22.00000    162.75000      0.00005
     22.25000    162.75000      0.00000
     22.50000    162.75000      0.00000
     22.75000    162.75000      0.00000
     23.00000    162.75000      0.00000
     23.25000    162.75000      0.00000
     23.50000    162.75000      0.00000
     23.75000    162.75000      0.00000
     24.00000    162.75000      0.00000
     24.25000    162.75000      0.00009
     19.25000    162.50000      0.00761
     19.50000    162.50000      0.00712
     19.75000    162.50000      0.00627
     20.00000    162.50000      0.00538
     20.25000    162.50000      0.00432
     20.50000    162.50000      0.00346
     20.75000    162.50000      0.00274
     21.00000    162.50000      0.00234
     21.25000    162.50000      0.00207
     21.50000    162.50000      0.00155
     21.75000    162.50000      0.00106
     22.00000    162.50000      0.00060
     22.25000    162.50000      0.00022
     22.50000    162.50000      0.00001
     22.75000    162.50000      0.00000
     23.00000    162.50000      0.00000
     23.25000    162.50000      0.00000
     23.50000    162.50000      0.00000
     23.75000    162.50000      0.00000
     24.00000    162.50000      0.00014
     24.25000    162.50000      0.00092
     24.50000    162.50000      0.00195
     19.00000    162.25000      0.00808
     19.25000    162.25000      0.00797
     19.50000    162.25000      0.00773
     19.75000    162.25000      0.00737
     20.00000    162.25000      0.00657
     20.25000    162.25000      0.00560
     20.50000    162.25000      0.00444
     20.75000    162.25000      0.00330
     21.00000    162.25000      0.00272
     21.25000    162.25000      0.00246
     21.50000    162.25000      0.00236
     21.75000    162.25000      0.00198
     22.00000    162.25000      0.00156
     22.25000    162.25000      0.00103
     22.50000    162.25000      0.00053
     22.75000    162.25000      0.00016
     23.00000    162.25000      0.00004
     23.25000    162.25000      0.00005
     23.50000    162.25000      0.00019
     23.75000    162.25000      0.00038
     24.00000    162.25000      0.00111
     24.25000    162.25000      0.00213
     24.50000    162.25000      0.00316
     19.00000    162.00000      0.00848
     19.25000    162.00000      0.00836
     19.50000    162.00000      0.00830
     19.75000    162.00000      0.00812
     20.00000    162.00000      0.00751
     20.25000    162.00000      0.00649
     20.50000    162.00000      0.00517
     20.75000    162.00000      0.00398
     21.00000    162.00000      0.00324
     21.25000    162.00000      0.00293
     21.50000    162.00000      0.00305
     21.75000    162.00000      0.00317
     22.00000    162.00000      0.00277
     22.25000    162.00000      0.00230
     22.50000    162.00000      0.00178
     22.75000    162.00000      0.00118
     23.00000    162.00000      0.00098
     23.25000    162.00000      0.00094
     23.50000    162.00000      0.00125
     23.75000    162.00000      0.00179
     24.00000    162.00000      0.00257
     24.25000    162.00000      0.00370
     24.50000    162.00000      0.00459
     19.00000    161.75000      0.00883
     19.25000    161.75000      0.00864
     19.50000    161.75000      0.00858
     19.75000    161.75000      0.00852
     20.00000    161.75000      0.00795
     20.25000    161.75000      0.00711
     20.50000    161.75000      0.00576
     20.75000    161.75000      0.00466
     21.00000    161.75000      0.00388
     21.25000    161.75000      0.00354
     21.50000    161.75000      0.00362
     21.75000    161.75000      0.00383
     22.00000    161.75000      0.00375
     22.25000    161.75000      0.00352
     22.50000    161.75000      0.00313
     22.75000    161.75000      0.00275
     23.00000    161.75000      0.00266
     23.25000    161.75000      0.00279
     23.50000    161.75000      0.00321
     23.75000    161.75000      0.00375
     24.00000    161.75000      0.00453
     24.25000    161.75000      0.00543
     24.50000    161.75000      0.00621
     19.00000    161.50000      0.00889
     19.25000    161.50000      0.00858
     19.50000    161.50000      0.00858
     19.75000    161.50000      0.00845
     20.00000    161.50000      0.00800
     20.25000    161.50000      0.00733
     20.50000    161.50000      0.00633
     20.75000    161.50000      0.00545
     21.00000    161.50000      0.00489
     21.25000    161.50000      0.00451
     21.50000    161.50000      0.00457
     21.75000    161.50000      0.00462
     22.00000    161.50000      0.00464
     22.25000    161.50000      0.00438
     22.50000    161.50000      0.00410
     22.75000    161.50000      0.00381
     23.00000    161.50000      0.00397
     23.25000    161.50000      0.00458
     23.50000    161.50000      0.00564
     23.75000    161.50000      0.00626
     24.00000    161.50000      0.00688
     24.25000    161.50000      0.00762
     24.50000    161.50000      0.00810
     15.50000    161.25000      0.00513
     15.75000    161.25000      0.00536
     16.00000    161.25000      0.00549
     19.00000    161.25000      0.00894
     19.25000    161.25000      0.00864
     19.50000    161.25000      0.00845
     19.75000    161.25000      0.00838
     20.00000    161.25000      0.00804
     20.25000    161.25000      0.00766
     20.50000    161.25000      0.00701
     20.75000    161.25000      0.00636
     21.00000    161.25000      0.00602
     21.25000    161.25000      0.00573
     21.50000    161.25000      0.00576
     21.75000    161.25000      0.00565
     22.00000    161.25000      0.00564
     22.25000    161.25000      0.00549
     22.50000    161.25000      0.00531
     22.75000    161.25000      0.00513
     23.00000    161.25000      0.00531
     23.25000    161.25000      0.00596
     23.50000    161.25000      0.00707
     23.75000    161.25000      0.00818
     24.00000    161.25000      0.00917
     24.25000    161.25000      0.00966
     24.50000    161.25000      0.01009
     24.75000    161.25000      0.01041
     15.25000    161.00000      0.00412
     15.50000    161.00000      0.00443
     15.75000    161.00000      0.00461
     16.00000    161.00000      0.00506
     16.25000    161.00000      0.00613
     16.50000    161.00000      0.00843
     16.75000    161.00000      0.01072
     17.00000    161.00000      0.01214
     19.00000    161.00000      0.00916
     19.25000    161.00000      0.00879
     19.50000    161.00000      0.00874
     19.75000    161.00000      0.00855
     20.00000    161.00000      0.00825
     20.25000    161.00000      0.00794
     20.50000    161.00000      0.00752
     20.75000    161.00000      0.00722
     21.00000    161.00000      0.00686
     21.25000    161.00000      0.00667
     21.50000    161.00000      0.00666
     21.75000    161.00000      0.00654
     22.00000    161.00000      0.00638
     22.25000    161.00000      0.00631
     22.50000    161.00000      0.00621
     22.75000    161.00000      0.00599
     23.00000    161.00000      0.00627
     23.25000    161.00000      0.00705
     23.50000    161.00000      0.00820
     23.75000    161.00000      0.00946
     24.00000    161.00000      0.01035
     24.25000    161.00000      0.01114
     24.50000    161.00000      0.01145
     24.75000    161.00000      0.01177
     15.00000    160.75000      0.00261
     15.25000    160.75000      0.00383
     15.50000    160.75000      0.00412
     15.75000    160.75000      0.00442
     16.00000    160.75000      0.00510
     16.25000    160.75000      0.00640
     16.50000    160.75000      0.00821
     16.75000    160.75000      0.01038
     17.00000    160.75000      0.01169
     19.00000    160.75000      0.00952
     19.25000    160.75000      0.00927
     19.50000    160.75000      0.00907
     19.75000    160.75000      0.00873
     20.00000    160.75000      0.00851
     20.25000    160.75000      0.00830
     20.50000    160.75000      0.00798
     20.75000    160.75000      0.00779
     21.00000    160.75000      0.00752
     21.25000    160.75000      0.00732
     21.50000    160.75000      0.00718
     21.75000    160.75000      0.00716
     22.00000    160.75000      0.00697
     22.25000    160.75000      0.00685
     22.50000    160.75000      0.00667
     22.75000    160.75000      0.00662
     23.00000    160.75000      0.00686
     23.25000    160.75000      0.00774
     23.50000    160.75000      0.00901
     23.75000    160.75000      0.01051
     24.00000    160.75000      0.01153
     24.25000    160.75000      0.01220
     24.50000    160.75000      0.01230
     24.75000    160.75000      0.01239
     15.00000    160.50000      0.00311
     15.25000    160.50000      0.00403
     15.50000    160.50000      0.00434
     15.75000    160.50000      0.00465
     16.00000    160.50000      0.00536
     16.25000    160.50000      0.00646
     16.50000    160.50000      0.00809
     16.75000    160.50000      0.00984
     17.00000    160.50000      0.01094
     19.00000    160.50000      0.01016
     19.25000    160.50000      0.00983
     19.50000    160.50000      0.00955
     19.75000    160.50000      0.00914
     20.00000    160.50000      0.00882
     20.25000    160.50000      0.00862
     20.50000    160.50000      0.00827
     20.75000    160.50000      0.00793
     21.00000    160.50000      0.00777
     21.25000    160.50000      0.00756
     21.50000    160.50000      0.00742
     21.75000    160.50000      0.00740
     22.00000    160.50000      0.00729
     22.25000    160.50000      0.00710
     22.50000    160.50000      0.00683
     22.75000    160.50000      0.00667
     23.00000    160.50000      0.00707
     23.25000    160.50000      0.00803
     23.50000    160.50000      0.00964
     23.75000    160.50000      0.01160
     24.00000    160.50000      0.01283
     24.25000    160.50000      0.01326
     24.50000    160.50000      0.01299
     24.75000    160.50000      0.01285
     15.00000    160.25000      0.00320
     15.25000    160.25000      0.00423
     15.50000    160.25000      0.00456
     15.75000    160.25000      0.00488
     16.00000    160.25000      0.00561
     16.25000    160.25000      0.00653
     16.50000    160.25000      0.00797
     16.75000    160.25000      0.00929
     17.00000    160.25000      0.01019
     19.00000    160.25000      0.01036
     19.25000    160.25000      0.01038
     19.50000    160.25000      0.01002
     19.75000    160.25000      0.00954
     20.00000    160.25000      0.00925
     20.25000    160.25000      0.00892
     20.50000    160.25000      0.00855
     20.75000    160.25000      0.00818
     21.00000    160.25000      0.00789
     21.25000    160.25000      0.00767
     21.50000    160.25000      0.00765
     21.75000    160.25000      0.00763
     22.00000    160.25000      0.00749
     22.25000    160.25000      0.00723
     22.50000    160.25000      0.00698
     22.75000    160.25000      0.00672
     23.00000    160.25000      0.00717
     23.25000    160.25000      0.00832
     23.50000    160.25000      0.01039
     23.75000    160.25000      0.01279
     24.00000    160.25000      0.01425
     24.25000    160.25000      0.01466
     24.50000    160.25000      0.01381
     24.75000    160.25000      0.01319
     25.00000    160.25000      0.01282
     15.00000    160.00000      0.00331
     15.25000    160.00000      0.00435
     15.50000    160.00000      0.00468
     15.75000    160.00000      0.00514
     16.00000    160.00000      0.00579
     16.25000    160.00000      0.00663
     16.50000    160.00000      0.00778
     16.75000    160.00000      0.00881
     17.00000    160.00000      0.00961
     17.25000    160.00000      0.01030
     17.50000    160.00000      0.01075
     17.75000    160.00000      0.01054
     18.00000    160.00000      0.01040
     18.25000    160.00000      0.01021
     18.50000    160.00000      0.01021
     18.75000    160.00000      0.01022
     19.00000    160.00000      0.01028
     19.25000    160.00000      0.01041
     19.50000    160.00000      0.01032
     19.75000    160.00000      0.01001
     20.00000    160.00000      0.00964
     20.25000    160.00000      0.00921
     20.50000    160.00000      0.00883
     20.75000    160.00000      0.00845
     21.00000    160.00000      0.00815
     21.25000    160.00000      0.00803
     21.50000    160.00000      0.00787
     21.75000    160.00000      0.00782
     22.00000    160.00000      0.00765
     22.25000    160.00000      0.00748
     22.50000    160.00000      0.00718
     22.75000    160.00000      0.00687
     23.00000    160.00000      0.00726
     23.25000    160.00000      0.00860
     23.50000    160.00000      0.01110
     23.75000    160.00000      0.01393
     24.00000    160.00000      0.01548
     24.25000    160.00000      0.01576
     24.50000    160.00000      0.01419
     24.75000    160.00000      0.01333
     25.00000    160.00000      0.01286
     25.25000    160.00000      0.01276
     15.00000    159.75000      0.00322
     15.25000    159.75000      0.00438
     15.50000    159.75000      0.00497
     15.75000    159.75000      0.00556
     16.00000    159.75000      0.00612
     16.25000    159.75000      0.00677
     16.50000    159.75000      0.00751
     16.75000    159.75000      0.00825
     17.00000    159.75000      0.00896
     17.25000    159.75000      0.00976
     17.50000    159.75000      0.01014
     17.75000    159.75000      0.01010
     18.00000    159.75000      0.01011
     18.25000    159.75000      0.01006
     18.50000    159.75000      0.01008
     18.75000    159.75000      0.00999
     19.00000    159.75000      0.01016
     19.25000    159.75000      0.01024
     19.50000    159.75000      0.01047
     19.75000    159.75000      0.01033
     20.00000    159.75000      0.01001
     20.25000    159.75000      0.00972
     20.50000    159.75000      0.00923
     20.75000    159.75000      0.00886
     21.00000    159.75000      0.00854
     21.25000    159.75000      0.00828
     21.50000    159.75000      0.00819
     21.75000    159.75000      0.00811
     22.00000    159.75000      0.00791
     22.25000    159.75000      0.00760
     22.50000    159.75000      0.00729
     22.75000    159.75000      0.00697
     23.00000    159.75000      0.00746
     23.25000    159.75000      0.00887
     23.50000    159.75000      0.01155
     23.75000    159.75000      0.01478
     24.00000    159.75000      0.01651
     15.00000    159.50000      0.00315
     15.25000    159.50000      0.00432
     15.50000    159.50000      0.00504
     15.75000    159.50000      0.00588
     16.00000    159.50000      0.00649
     16.25000    159.50000      0.00695
     16.50000    159.50000      0.00717
     16.75000    159.50000      0.00751
     17.00000    159.50000      0.00801
     17.25000    159.50000      0.00850
     17.50000    159.50000      0.00887
     17.75000    159.50000      0.00924
     18.00000    159.50000      0.00943
     18.25000    159.50000      0.00956
     18.50000    159.50000      0.00963
     18.75000    159.50000      0.00970
     19.00000    159.50000      0.00987
     19.25000    159.50000      0.01003
     19.50000    159.50000      0.01029
     19.75000    159.50000      0.01055
     20.00000    159.50000      0.01047
     20.25000    159.50000      0.01023
     20.50000    159.50000      0.00975
     20.75000    159.50000      0.00927
     21.00000    159.50000      0.00895
     21.25000    159.50000      0.00865
     21.50000    159.50000      0.00851
     21.75000    159.50000      0.00836
     22.00000    159.50000      0.00813
     22.25000    159.50000      0.00783
     22.50000    159.50000      0.00744
     22.75000    159.50000      0.00704
     23.00000    159.50000      0.00753
     23.25000    159.50000      0.00913
     23.50000    159.50000      0.01196
     23.75000    159.50000      0.01522
     24.00000    159.50000      0.01642
     15.00000    159.25000      0.00323
     15.25000    159.25000      0.00438
     15.50000    159.25000      0.00523
     15.75000    159.25000      0.00621
     16.00000    159.25000      0.00685
     16.25000    159.25000      0.00701
     16.50000    159.25000      0.00683
     16.75000    159.25000      0.00664
     17.00000    159.25000      0.00637
     17.25000    159.25000      0.00680
     17.50000    159.25000      0.00759
     17.75000    159.25000      0.00838
     18.00000    159.25000      0.00886
     18.25000    159.25000      0.00917
     18.50000    159.25000      0.00929
     18.75000    159.25000      0.00941
     19.00000    159.25000      0.00958
     19.25000    159.25000      0.00969
     19.50000    159.25000      0.00998
     19.75000    159.25000      0.01027
     20.00000    159.25000      0.01045
     20.25000    159.25000      0.01030
     20.50000    159.25000      0.01004
     20.75000    159.25000      0.00979
     21.00000    159.25000      0.00934
     21.25000    159.25000      0.00902
     21.50000    159.25000      0.00881
     21.75000    159.25000      0.00861
     22.00000    159.25000      0.00824
     22.25000    159.25000      0.00794
     22.50000    159.25000      0.00746
     22.75000    159.25000      0.00699
     23.00000    159.25000      0.00759
     23.25000    159.25000      0.00927
     23.50000    159.25000      0.01236
     23.75000    159.25000      0.01577
     24.00000    159.25000      0.01598
     15.00000    159.00000      0.00335
     15.25000    159.00000      0.00419
     15.50000    159.00000      0.00532
     15.75000    159.00000      0.00646
     16.00000    159.00000      0.00701
     16.25000    159.00000      0.00708
     16.50000    159.00000      0.00655
     16.75000    159.00000      0.00547
     17.00000    159.00000      0.00505
     17.25000    159.00000      0.00550
     17.50000    159.00000      0.00669
     17.75000    159.00000      0.00777
     18.00000    159.00000      0.00841
     18.25000    159.00000      0.00874
     18.50000    159.00000      0.00888
     18.75000    159.00000      0.00914
     19.00000    159.00000      0.00929
     19.25000    159.00000      0.00947
     19.50000    159.00000      0.00968
     19.75000    159.00000      0.01001
     20.00000    159.00000      0.01001
     20.25000    159.00000      0.00995
     20.50000    159.00000      0.00969
     20.75000    159.00000      0.00930
     21.00000    159.00000      0.00892
     21.25000    159.00000      0.00878
     21.50000    159.00000      0.00877
     21.75000    159.00000      0.00854
     22.00000    159.00000      0.00816
     22.25000    159.00000      0.00776
     22.50000    159.00000      0.00721
     22.75000    159.00000      0.00654
     23.00000    159.00000      0.00712
     23.25000    159.00000      0.00910
     23.50000    159.00000      0.01242
     23.75000    159.00000      0.01619
     24.00000    159.00000      0.01548
     15.00000    158.75000      0.00340
     15.25000    158.75000      0.00388
     15.50000    158.75000      0.00518
     15.75000    158.75000      0.00638
     16.00000    158.75000      0.00696
     16.25000    158.75000      0.00702
     16.50000    158.75000      0.00625
     16.75000    158.75000      0.00488
     17.00000    158.75000      0.00437
     17.25000    158.75000      0.00484
     17.50000    158.75000      0.00618
     17.75000    158.75000      0.00728
     18.00000    158.75000      0.00806
     18.25000    158.75000      0.00851
     18.50000    158.75000      0.00864
     18.75000    158.75000      0.00888
     19.00000    158.75000      0.00900
     19.25000    158.75000      0.00925
     19.50000    158.75000      0.00939
     19.75000    158.75000      0.00952
     20.00000    158.75000      0.00960
     20.25000    158.75000      0.00939
     20.50000    158.75000      0.00900
     20.75000    158.75000      0.00861
     21.00000    158.75000      0.00823
     21.25000    158.75000      0.00797
     21.50000    158.75000      0.00783
     21.75000    158.75000      0.00770
     22.00000    158.75000      0.00757
     22.25000    158.75000      0.00722
     22.50000    158.75000      0.00668
     22.75000    158.75000      0.00581
     23.00000    158.75000      0.00637
     23.25000    158.75000      0.00837
     23.50000    158.75000      0.01214
     23.75000    158.75000      0.01622
     24.00000    158.75000      0.01507
     15.00000    158.50000      0.00327
     15.25000    158.50000      0.00356
     15.50000    158.50000      0.00482
     15.75000    158.50000      0.00610
     16.00000    158.50000      0.00682
     16.25000    158.50000      0.00685
     16.50000    158.50000      0.00591
     16.75000    158.50000      0.00476
     17.00000    158.50000      0.00444
     17.25000    158.50000      0.00483
     17.50000    158.50000      0.00606
     17.75000    158.50000      0.00706
     18.00000    158.50000      0.00782
     18.25000    158.50000      0.00825
     18.50000    158.50000      0.00844
     18.75000    158.50000      0.00864
     19.00000    158.50000      0.00883
     19.25000    158.50000      0.00890
     19.50000    158.50000      0.00897
     19.75000    158.50000      0.00905
     20.00000    158.50000      0.00897
     20.25000    158.50000      0.00873
     20.50000    158.50000      0.00822
     20.75000    158.50000      0.00771
     21.00000    158.50000      0.00732
     21.25000    158.50000      0.00703
     21.50000    158.50000      0.00686
     21.75000    158.50000      0.00670
     22.00000    158.50000      0.00641
     22.25000    158.50000      0.00589
     22.50000    158.50000      0.00526
     22.75000    158.50000      0.00439
     23.00000    158.50000      0.00520
     23.25000    158.50000      0.00770
     23.50000    158.50000      0.01175
     23.75000    158.50000      0.01611
     24.00000    158.50000      0.01484
     15.00000    158.25000      0.00291
     15.25000    158.25000      0.00312
     15.50000    158.25000      0.00446
     15.75000    158.25000      0.00582
     16.00000    158.25000      0.00651
     16.25000    158.25000      0.00640
     16.50000    158.25000      0.00557
     16.75000    158.25000      0.00463
     17.00000    158.25000      0.00438
     17.25000    158.25000      0.00481
     17.50000    158.25000      0.00582
     17.75000    158.25000      0.00683
     18.00000    158.25000      0.00759
     18.25000    158.25000      0.00798
     18.50000    158.25000      0.00825
     18.75000    158.25000      0.00851
     19.00000    158.25000      0.00866
     19.25000    158.25000      0.00867
     19.50000    158.25000      0.00868
     19.75000    158.25000      0.00857
     20.00000    158.25000      0.00845
     20.25000    158.25000      0.00807
     20.50000    158.25000      0.00756
     20.75000    158.25000      0.00693
     21.00000    158.25000      0.00652
     21.25000    158.25000      0.00622
     21.50000    158.25000      0.00589
     21.75000    158.25000      0.00568
     22.00000    158.25000      0.00524
     22.25000    158.25000      0.00468
     22.50000    158.25000      0.00377
     22.75000    158.25000      0.00276
     23.00000    158.25000      0.00358
     23.25000    158.25000      0.00653
     23.50000    158.25000      0.01136
     23.75000    158.25000      0.01601
     24.00000    158.25000      0.01461
     15.00000    158.00000      0.00314
     15.25000    158.00000      0.00347
     15.50000    158.00000      0.00484
     15.75000    158.00000      0.00599
     16.00000    158.00000      0.00634
     16.25000    158.00000      0.00625
     16.50000    158.00000      0.00548
     16.75000    158.00000      0.00471
     17.00000    158.00000      0.00437
     17.25000    158.00000      0.00470
     17.50000    158.00000      0.00559
     17.75000    158.00000      0.00649
     18.00000    158.00000      0.00712
     18.25000    158.00000      0.00761
     18.50000    158.00000      0.00784
     18.75000    158.00000      0.00808
     19.00000    158.00000      0.00831
     19.25000    158.00000      0.00831
     19.50000    158.00000      0.00831
     19.75000    158.00000      0.00819
     20.00000    158.00000      0.00793
     20.25000    158.00000      0.00753
     20.50000    158.00000      0.00701
     20.75000    158.00000      0.00635
     21.00000    158.00000      0.00592
     21.25000    158.00000      0.00557
     21.50000    158.00000      0.00519
     21.75000    158.00000      0.00494
     22.00000    158.00000      0.00446
     22.25000    158.00000      0.00390
     22.50000    158.00000      0.00300
     22.75000    158.00000      0.00203
     23.00000    158.00000      0.00272
     23.25000    158.00000      0.00567
     23.50000    158.00000      0.01098
     23.75000    158.00000      0.01548
     24.00000    158.00000      0.01570
     15.00000    157.75000      0.00422
     15.25000    157.75000      0.00462
     15.50000    157.75000      0.00564
     15.75000    157.75000      0.00647
     16.00000    157.75000      0.00672
     16.25000    157.75000      0.00652
     16.50000    157.75000      0.00563
     16.75000    157.75000      0.00473
     17.00000    157.75000      0.00427
     17.25000    157.75000      0.00449
     17.50000    157.75000      0.00526
     17.75000    157.75000      0.00604
     18.00000    157.75000      0.00654
     18.25000    157.75000      0.00702
     18.50000    157.75000      0.00735
     18.75000    157.75000      0.00768
     19.00000    157.75000      0.00779
     19.25000    157.75000      0.00793
     19.50000    157.75000      0.00786
     19.75000    157.75000      0.00790
     20.00000    157.75000      0.00766
     20.25000    157.75000      0.00725
     20.50000    157.75000      0.00668
     20.75000    157.75000      0.00598
     21.00000    157.75000      0.00550
     21.25000    157.75000      0.00510
     21.50000    157.75000      0.00465
     21.75000    157.75000      0.00434
     22.00000    157.75000      0.00385
     22.25000    157.75000      0.00330
     22.50000    157.75000      0.00259
     22.75000    157.75000      0.00181
     23.00000    157.75000      0.00248
     23.25000    157.75000      0.00511
     23.50000    157.75000      0.00972
     23.75000    157.75000      0.01464
     24.00000    157.75000      0.01667
     15.00000    157.50000      0.00581
     15.25000    157.50000      0.00610
     15.50000    157.50000      0.00679
     15.75000    157.50000      0.00747
     16.00000    157.50000      0.00752
     16.25000    157.50000      0.00708
     16.50000    157.50000      0.00601
     16.75000    157.50000      0.00495
     17.00000    157.50000      0.00422
     17.25000    157.50000      0.00418
     17.50000    157.50000      0.00470
     17.75000    157.50000      0.00535
     18.00000    157.50000      0.00585
     18.25000    157.50000      0.00620
     18.50000    157.50000      0.00664
     18.75000    157.50000      0.00696
     19.00000    157.50000      0.00721
     19.25000    157.50000      0.00742
     19.50000    157.50000      0.00756
     19.75000    157.50000      0.00758
     20.00000    157.50000      0.00739
     20.25000    157.50000      0.00709
     20.50000    157.50000      0.00646
     20.75000    157.50000      0.00583
     21.00000    157.50000      0.00527
     21.25000    157.50000      0.00467
     21.50000    157.50000      0.00428
     21.75000    157.50000      0.00376
     22.00000    157.50000      0.00338
     22.25000    157.50000      0.00301
     22.50000    157.50000      0.00265
     22.75000    157.50000      0.00219
     23.00000    157.50000      0.00285
     23.25000    157.50000      0.00482
     23.50000    157.50000      0.00827
     23.75000    157.50000      0.01205
     24.00000    157.50000      0.01409
     15.00000    157.25000      0.00723
     15.25000    157.25000      0.00740
     15.50000    157.25000      0.00793
     15.75000    157.25000      0.00834
     16.00000    157.25000      0.00832
     16.25000    157.25000      0.00764
     16.50000    157.25000      0.00652
     16.75000    157.25000      0.00505
     17.00000    157.25000      0.00416
     17.25000    157.25000      0.00386
     17.50000    157.25000      0.00426
     17.75000    157.25000      0.00467
     18.00000    157.25000      0.00504
     18.25000    157.25000      0.00550
     18.50000    157.25000      0.00592
     18.75000    157.25000      0.00635
     19.00000    157.25000      0.00664
     19.25000    157.25000      0.00690
     19.50000    157.25000      0.00715
     19.75000    157.25000      0.00727
     20.00000    157.25000      0.00724
     20.25000    157.25000      0.00682
     20.50000    157.25000      0.00624
     20.75000    157.25000      0.00554
     21.00000    157.25000      0.00492
     21.25000    157.25000      0.00437
     21.50000    157.25000      0.00378
     21.75000    157.25000      0.00331
     22.00000    157.25000      0.00292
     22.25000    157.25000      0.00272
     22.50000    157.25000      0.00260
     22.75000    157.25000      0.00258
     23.00000    157.25000      0.00310
     23.25000    157.25000      0.00453
     23.50000    157.25000      0.00692
     23.75000    157.25000      0.00956
     24.00000    157.25000      0.01104
     13.25000    157.00000      0.00718
     13.50000    157.00000      0.00712
     13.75000    157.00000      0.00769
     14.00000    157.00000      0.00811
     14.25000    157.00000      0.00843
     14.50000    157.00000      0.00843
     14.75000    157.00000      0.00806
     15.00000    157.00000      0.00817
     15.25000    157.00000      0.00827
     15.50000    157.00000      0.00862
     15.75000    157.00000      0.00895
     16.00000    157.00000      0.00872
     16.25000    157.00000      0.00816
     16.50000    157.00000      0.00678
     16.75000    157.00000      0.00528
     17.00000    157.00000      0.00426
     17.25000    157.00000      0.00373
     17.50000    157.00000      0.00403
     17.75000    157.00000      0.00421
     18.00000    157.00000      0.00446
     18.25000    157.00000      0.00491
     18.50000    157.00000      0.00531
     18.75000    157.00000      0.00571
     19.00000    157.00000      0.00610
     19.25000    157.00000      0.00637
     19.50000    157.00000      0.00664
     19.75000    157.00000      0.00690
     20.00000    157.00000      0.00676
     20.25000    157.00000      0.00645
     20.50000    157.00000      0.00598
     20.75000    157.00000      0.00539
     21.00000    157.00000      0.00474
     21.25000    157.00000      0.00417
     21.50000    157.00000      0.00366
     21.75000    157.00000      0.00304
     22.00000    157.00000      0.00276
     22.25000    157.00000      0.00270
     22.50000    157.00000      0.00285
     22.75000    157.00000      0.00288
     23.00000    157.00000      0.00325
     23.25000    157.00000      0.00421
     23.50000    157.00000      0.00639
     23.75000    157.00000      0.00834
     24.00000    157.00000      0.00954
     13.25000    156.75000      0.00720
     13.50000    156.75000      0.00703
     13.75000    156.75000      0.00686
     14.00000    156.75000      0.00697
     14.25000    156.75000      0.00736
     14.50000    156.75000      0.00779
     14.75000    156.75000      0.00833
     15.00000    156.75000      0.00861
     15.25000    156.75000      0.00886
     15.50000    156.75000      0.00909
     15.75000    156.75000      0.00931
     16.00000    156.75000      0.00909
     16.25000    156.75000      0.00841
     16.50000    156.75000      0.00715
     16.75000    156.75000      0.00565
     17.00000    156.75000      0.00453
     17.25000    156.75000      0.00402
     17.50000    156.75000      0.00401
     17.75000    156.75000      0.00399
     18.00000    156.75000      0.00413
     18.25000    156.75000      0.00444
     18.50000    156.75000      0.00491
     18.75000    156.75000      0.00538
     19.00000    156.75000      0.00573
     19.25000    156.75000      0.00594
     19.50000    156.75000      0.00615
     19.75000    156.75000      0.00623
     20.00000    156.75000      0.00618
     20.25000    156.75000      0.00600
     20.50000    156.75000      0.00556
     20.75000    156.75000      0.00523
     21.00000    156.75000      0.00474
     21.25000    156.75000      0.00418
     21.50000    156.75000      0.00368
     21.75000    156.75000      0.00307
     22.00000    156.75000      0.00290
     22.25000    156.75000      0.00283
     22.50000    156.75000      0.00308
     22.75000    156.75000      0.00344
     23.00000    156.75000      0.00354
     13.25000    156.50000      0.00708
     13.50000    156.50000      0.00669
     13.75000    156.50000      0.00630
     14.00000    156.50000      0.00644
     14.25000    156.50000      0.00698
     14.50000    156.50000      0.00781
     14.75000    156.50000      0.00839
     15.00000    156.50000      0.00880
     15.25000    156.50000      0.00903
     15.50000    156.50000      0.00922
     15.75000    156.50000      0.00929
     16.00000    156.50000      0.00905
     16.25000    156.50000      0.00850
     16.50000    156.50000      0.00739
     16.75000    156.50000      0.00616
     17.00000    156.50000      0.00507
     17.25000    156.50000      0.00449
     17.50000    156.50000      0.00430
     17.75000    156.50000      0.00411
     18.00000    156.50000      0.00415
     18.25000    156.50000      0.00432
     18.50000    156.50000      0.00473
     18.75000    156.50000      0.00514
     19.00000    156.50000      0.00539
     19.25000    156.50000      0.00550
     19.50000    156.50000      0.00544
     19.75000    156.50000      0.00539
     20.00000    156.50000      0.00539
     20.25000    156.50000      0.00533
     20.50000    156.50000      0.00521
     20.75000    156.50000      0.00509
     21.00000    156.50000      0.00478
     21.25000    156.50000      0.00440
     21.50000    156.50000      0.00395
     21.75000    156.50000      0.00339
     22.00000    156.50000      0.00323
     22.25000    156.50000      0.00323
     22.50000    156.50000      0.00363
     22.75000    156.50000      0.00391
     23.00000    156.50000      0.00374
     13.25000    156.25000      0.00708
     13.50000    156.25000      0.00647
     13.75000    156.25000      0.00587
     14.00000    156.25000      0.00591
     14.25000    156.25000      0.00661
     14.50000    156.25000      0.00771
     14.75000    156.25000      0.00856
     15.00000    156.25000      0.00892
     15.25000    156.25000      0.00894
     15.50000    156.25000      0.00903
     15.75000    156.25000      0.00899
     16.00000    156.25000      0.00877
     16.25000    156.25000      0.00835
     16.50000    156.25000      0.00762
     16.75000    156.25000      0.00654
     17.00000    156.25000      0.00561
     17.25000    156.25000      0.00496
     17.50000    156.25000      0.00459
     17.75000    156.25000      0.00410
     18.00000    156.25000      0.00404
     18.25000    156.25000      0.00407
     18.50000    156.25000      0.00454
     18.75000    156.25000      0.00489
     19.00000    156.25000      0.00506
     19.25000    156.25000      0.00505
     19.50000    156.25000      0.00486
     19.75000    156.25000      0.00467
     20.00000    156.25000      0.00460
     20.25000    156.25000      0.00455
     20.50000    156.25000      0.00474
     20.75000    156.25000      0.00494
     21.00000    156.25000      0.00494
     21.25000    156.25000      0.00462
     21.50000    156.25000      0.00423
     21.75000    156.25000      0.00371
     22.00000    156.25000      0.00356
     22.25000    156.25000      0.00363
     22.50000    156.25000      0.00406
     22.75000    156.25000      0.00450
     23.00000    156.25000      0.00429
     13.25000    156.00000      0.00668
     13.50000    156.00000      0.00607
     13.75000    156.00000      0.00533
     14.00000    156.00000      0.00563
     14.25000    156.00000      0.00658
     14.50000    156.00000      0.00759
     14.75000    156.00000      0.00846
     15.00000    156.00000      0.00865
     15.25000    156.00000      0.00868
     15.50000    156.00000      0.00868
     15.75000    156.00000      0.00879
     16.00000    156.00000      0.00871
     16.25000    156.00000      0.00830
     16.50000    156.00000      0.00757
     16.75000    156.00000      0.00672
     17.00000    156.00000      0.00583
     17.25000    156.00000      0.00512
     17.50000    156.00000      0.00472
     17.75000    156.00000      0.00415
     18.00000    156.00000      0.00392
     18.25000    156.00000      0.00422
     18.50000    156.00000      0.00450
     18.75000    156.00000      0.00478
     19.00000    156.00000      0.00476
     19.25000    156.00000      0.00468
     19.50000    156.00000      0.00430
     19.75000    156.00000      0.00392
     20.00000    156.00000      0.00382
     20.25000    156.00000      0.00403
     20.50000    156.00000      0.00442
     20.75000    156.00000      0.00480
     21.00000    156.00000      0.00486
     21.25000    156.00000      0.00472
     21.50000    156.00000      0.00426
     21.75000    156.00000      0.00392
     22.00000    156.00000      0.00378
     22.25000    156.00000      0.00395
     22.50000    156.00000      0.00458
     22.75000    156.00000      0.00508
     23.00000    156.00000      0.00498
     13.00000    155.75000      0.00624
     13.25000    155.75000      0.00613
     13.50000    155.75000      0.00548
     13.75000    155.75000      0.00482
     14.00000    155.75000      0.00522
     16.00000    155.75000      0.00892
     16.25000    155.75000      0.00865
     16.50000    155.75000      0.00768
     16.75000    155.75000      0.00646
     17.00000    155.75000      0.00560
     17.25000    155.75000      0.00498
     17.50000    155.75000      0.00460
     17.75000    155.75000      0.00390
     18.00000    155.75000      0.00373
     18.25000    155.75000      0.00396
     18.50000    155.75000      0.00472
     18.75000    155.75000      0.00480
     19.00000    155.75000      0.00473
     19.25000    155.75000      0.00438
     19.50000    155.75000      0.00388
     19.75000    155.75000      0.00337
     20.00000    155.75000      0.00330
     20.25000    155.75000      0.00342
     20.50000    155.75000      0.00398
     20.75000    155.75000      0.00454
     21.00000    155.75000      0.00478
     21.25000    155.75000      0.00469
     21.50000    155.75000      0.00428
     21.75000    155.75000      0.00399
     22.00000    155.75000      0.00400
     22.25000    155.75000      0.00431
     22.50000    155.75000      0.00504
     22.75000    155.75000      0.00577
     23.00000    155.75000      0.00580
     13.00000    155.50000      0.00547
     13.25000    155.50000      0.00531
     13.50000    155.50000      0.00482
     13.75000    155.50000      0.00434
     14.00000    155.50000      0.00481
     16.00000    155.50000      0.00947
     16.25000    155.50000      0.00874
     16.50000    155.50000      0.00749
     16.75000    155.50000      0.00599
     17.00000    155.50000      0.00505
     17.25000    155.50000      0.00454
     17.50000    155.50000      0.00462
     17.75000    155.50000      0.00410
     18.00000    155.50000      0.00396
     18.25000    155.50000      0.00432
     18.50000    155.50000      0.00494
     18.75000    155.50000      0.00509
     19.00000    155.50000      0.00473
     19.25000    155.50000      0.00427
     19.50000    155.50000      0.00371
     19.75000    155.50000      0.00304
     20.00000    155.50000      0.00291
     20.25000    155.50000      0.00308
     20.50000    155.50000      0.00368
     20.75000    155.50000      0.00417
     21.00000    155.50000      0.00446
     21.25000    155.50000      0.00442
     21.50000    155.50000      0.00418
     21.75000    155.50000      0.00394
     22.00000    155.50000      0.00411
     22.25000    155.50000      0.00456
     22.50000    155.50000      0.00555
     22.75000    155.50000      0.00655
     23.00000    155.50000      0.00674
     13.00000    155.25000      0.00469
     13.25000    155.25000      0.00460
     13.50000    155.25000      0.00429
     13.75000    155.25000      0.00398
     14.00000    155.25000      0.00416
     16.00000    155.25000      0.00972
     16.25000    155.25000      0.00884
     16.50000    155.25000      0.00730
     16.75000    155.25000      0.00552
     17.00000    155.25000      0.00437
     17.25000    155.25000      0.00410
     17.50000    155.25000      0.00477
     17.75000    155.25000      0.00430
     18.00000    155.25000      0.00431
     18.25000    155.25000      0.00455
     18.50000    155.25000      0.00516
     18.75000    155.25000      0.00538
     19.00000    155.25000      0.00486
     19.25000    155.25000      0.00416
     19.50000    155.25000      0.00343
     19.75000    155.25000      0.00271
     20.00000    155.25000      0.00252
     20.25000    155.25000      0.00275
     20.50000    155.25000      0.00327
     20.75000    155.25000      0.00391
     21.00000    155.25000      0.00424
     21.25000    155.25000      0.00425
     21.50000    155.25000      0.00406
     21.75000    155.25000      0.00387
     22.00000    155.25000      0.00420
     22.25000    155.25000      0.00492
     22.50000    155.25000      0.00605
     22.75000    155.25000      0.00697
     23.00000    155.25000      0.00747
     13.00000    155.00000      0.00394
     13.25000    155.00000      0.00395
     13.50000    155.00000      0.00373
     13.75000    155.00000      0.00358
     14.00000    155.00000      0.00386
     16.00000    155.00000      0.00977
     16.25000    155.00000      0.00890
     16.50000    155.00000      0.00738
     16.75000    155.00000      0.00547
     17.00000    155.00000      0.00447
     17.25000    155.00000      0.00435
     17.50000    155.00000      0.00506
     17.75000    155.00000      0.00490
     18.00000    155.00000      0.00488
     18.25000    155.00000      0.00503
     18.50000    155.00000      0.00556
     18.75000    155.00000      0.00579
     19.00000    155.00000      0.00513
     19.25000    155.00000      0.00432
     19.50000    155.00000      0.00351
     19.75000    155.00000      0.00271
     20.00000    155.00000      0.00245
     20.25000    155.00000      0.00259
     20.50000    155.00000      0.00302
     20.75000    155.00000      0.00358
     21.00000    155.00000      0.00392
     21.25000    155.00000      0.00395
     21.50000    155.00000      0.00377
     21.75000    155.00000      0.00359
     22.00000    155.00000      0.00374
     22.25000    155.00000      0.00410
     22.50000    155.00000      0.00539
     22.75000    155.00000      0.00646
     23.00000    155.00000      0.00692
     23.25000    155.00000      0.00715
     23.50000    155.00000      0.00689
     23.75000    155.00000      0.00590
     14.00000    154.75000      0.00364
     16.00000    154.75000      0.00952
     16.25000    154.75000      0.00882
     16.50000    154.75000      0.00747
     16.75000    154.75000      0.00599
     17.00000    154.75000      0.00524
     17.25000    154.75000      0.00532
     17.50000    154.75000      0.00562
     17.75000    154.75000      0.00553
     18.00000    154.75000      0.00557
     18.25000    154.75000      0.00585
     18.50000    154.75000      0.00625
     18.75000    154.75000      0.00643
     19.00000    154.75000      0.00566
     19.25000    154.75000      0.00475
     19.50000    154.75000      0.00384
     19.75000    154.75000      0.00294
     20.00000    154.75000      0.00258
     20.25000    154.75000      0.00262
     20.50000    154.75000      0.00307
     20.75000    154.75000      0.00340
     21.00000    154.75000      0.00362
     21.25000    154.75000      0.00352
     21.50000    154.75000      0.00315
     21.75000    154.75000      0.00277
     22.00000    154.75000      0.00261
     14.00000    154.50000      0.00364
     16.00000    154.50000      0.00919
     16.25000    154.50000      0.00870
     16.50000    154.50000      0.00794
     16.75000    154.50000      0.00693
     17.00000    154.50000      0.00653
     17.25000    154.50000      0.00620
     17.50000    154.50000      0.00632
     17.75000    154.50000      0.00632
     18.00000    154.50000      0.00648
     18.25000    154.50000      0.00666
     18.50000    154.50000      0.00688
     18.75000    154.50000      0.00707
     19.00000    154.50000      0.00634
     19.25000    154.50000      0.00534
     19.50000    154.50000      0.00442
     19.75000    154.50000      0.00350
     20.00000    154.50000      0.00302
     20.25000    154.50000      0.00283
     20.50000    154.50000      0.00304
     20.75000    154.50000      0.00326
     21.00000    154.50000      0.00323
     21.25000    154.50000      0.00292
     21.50000    154.50000      0.00237
     21.75000    154.50000      0.00191
     22.00000    154.50000      0.00127
     14.00000    154.25000      0.00351
     16.00000    154.25000      0.00806
     16.25000    154.25000      0.00785
     16.50000    154.25000      0.00744
     16.75000    154.25000      0.00690
     17.00000    154.25000      0.00658
     17.25000    154.25000      0.00658
     17.50000    154.25000      0.00679
     17.75000    154.25000      0.00699
     18.00000    154.25000      0.00714
     18.25000    154.25000      0.00736
     18.50000    154.25000      0.00763
     18.75000    154.25000      0.00771
     19.00000    154.25000      0.00691
     19.25000    154.25000      0.00604
     19.50000    154.25000      0.00500
     19.75000    154.25000      0.00396
     20.00000    154.25000      0.00347
     20.25000    154.25000      0.00316
     20.50000    154.25000      0.00314
     20.75000    154.25000      0.00311
     21.00000    154.25000      0.00282
     21.25000    154.25000      0.00221
     21.50000    154.25000      0.00170
     21.75000    154.25000      0.00112
     22.00000    154.25000      0.00037
     14.00000    154.00000      0.00357
     14.25000    154.00000      0.00484
     14.50000    154.00000      0.00582
     14.75000    154.00000      0.00681
     15.00000    154.00000      0.00746
     15.25000    154.00000      0.00778
     15.50000    154.00000      0.00795
     15.75000    154.00000      0.00784
     16.00000    154.00000      0.00764
     16.25000    154.00000      0.00746
     16.50000    154.00000      0.00721
     16.75000    154.00000      0.00683
     17.00000    154.00000      0.00672
     17.25000    154.00000      0.00678
     17.50000    154.00000      0.00712
     17.75000    154.00000      0.00745
     18.00000    154.00000      0.00767
     18.25000    154.00000      0.00790
     18.50000    154.00000      0.00801
     18.75000    154.00000      0.00811
     19.00000    154.00000      0.00757
     19.25000    154.00000      0.00660
     19.50000    154.00000      0.00555
     19.75000    154.00000      0.00451
     20.00000    154.00000      0.00389
     20.25000    154.00000      0.00344
     20.50000    154.00000      0.00339
     20.75000    154.00000      0.00310
     21.00000    154.00000      0.00252
     21.25000    154.00000      0.00182
     21.50000    154.00000      0.00119
     21.75000    154.00000      0.00060
     22.00000    154.00000      0.00009
     14.00000    153.75000      0.00367
     14.25000    153.75000      0.00484
     14.50000    153.75000      0.00596
     14.75000    153.75000      0.00685
     15.00000    153.75000      0.00752
     15.25000    153.75000      0.00797
     15.50000    153.75000      0.00801
     15.75000    153.75000      0.00777
     16.00000    153.75000      0.00754
     16.25000    153.75000      0.00744
     16.50000    153.75000      0.00722
     16.75000    153.75000      0.00700
     17.00000    153.75000      0.00698
     17.25000    153.75000      0.00717
     17.50000    153.75000      0.00743
     17.75000    153.75000      0.00770
     18.00000    153.75000      0.00795
     18.25000    153.75000      0.00806
     18.50000    153.75000      0.00814
     18.75000    153.75000      0.00822
     19.00000    153.75000      0.00801
     19.25000    153.75000      0.00724
     19.50000    153.75000      0.00608
     19.75000    153.75000      0.00505
     20.00000    153.75000      0.00428
     20.25000    153.75000      0.00390
     20.50000    153.75000      0.00368
     20.75000    153.75000      0.00326
     21.00000    153.75000      0.00243
     21.25000    153.75000      0.00164
     21.50000    153.75000      0.00091
     21.75000    153.75000      0.00033
     22.00000    153.75000      0.00003
     14.00000    153.50000      0.00360
     14.25000    153.50000      0.00468
     14.50000    153.50000      0.00575
     14.75000    153.50000      0.00657
     15.00000    153.50000      0.00726
     15.25000    153.50000      0.00770
     15.50000    153.50000      0.00784
     15.75000    153.50000      0.00777
     16.00000    153.50000      0.00767
     16.25000    153.50000      0.00766
     16.50000    153.50000      0.00749
     16.75000    153.50000      0.00743
     17.00000    153.50000      0.00736
     17.25000    153.50000      0.00750
     17.50000    153.50000      0.00774
     17.75000    153.50000      0.00786
     18.00000    153.50000      0.00809
     18.25000    153.50000      0.00819
     18.50000    153.50000      0.00814
     18.75000    153.50000      0.00822
     19.00000    153.50000      0.00788
     19.25000    153.50000      0.00726
     19.50000    153.50000      0.00660
     19.75000    153.50000      0.00555
     20.00000    153.50000      0.00487
     20.25000    153.50000      0.00432
     20.50000    153.50000      0.00400
     20.75000    153.50000      0.00348
     21.00000    153.50000      0.00269
     21.25000    153.50000      0.00176
     21.50000    153.50000      0.00079
     21.75000    153.50000      0.00016
     22.00000    153.50000      0.00001
     14.00000    153.25000      0.00352
     14.25000    153.25000      0.00452
     14.50000    153.25000      0.00541
     14.75000    153.25000      0.00629
     15.00000    153.25000      0.00688
     15.25000    153.25000      0.00733
     15.50000    153.25000      0.00755
     15.75000    153.25000      0.00777
     16.00000    153.25000      0.00780
     16.25000    153.25000      0.00776
     16.50000    153.25000      0.00775
     16.75000    153.25000      0.00775
     17.00000    153.25000      0.00773
     17.25000    153.25000      0.00783
     17.50000    153.25000      0.00793
     17.75000    153.25000      0.00802
     18.00000    153.25000      0.00811
     18.25000    153.25000      0.00819
     18.50000    153.25000      0.00814
     18.75000    153.25000      0.00808
     19.00000    153.25000      0.00774
     19.25000    153.25000      0.00712
     19.50000    153.25000      0.00635
     19.75000    153.25000      0.00557
     20.00000    153.25000      0.00506
     20.25000    153.25000      0.00447
     20.50000    153.25000      0.00403
     20.75000    153.25000      0.00359
     21.00000    153.25000      0.00282
     21.25000    153.25000      0.00177
     21.50000    153.25000      0.00067
     21.75000    153.25000      0.00004
     22.00000    153.25000      0.00000
     14.25000    153.00000      0.00442
     14.50000    153.00000      0.00532
     14.75000    153.00000      0.00622
     15.00000    153.00000      0.00681
     15.25000    153.00000      0.00731
     15.50000    153.00000      0.00756
     15.75000    153.00000      0.00781
     16.00000    153.00000      0.00797
     16.25000    153.00000      0.00805
     16.50000    153.00000      0.00804
     16.75000    153.00000      0.00802
     17.00000    153.00000      0.00798
     17.25000    153.00000      0.00804
     17.50000    153.00000      0.00808
     17.75000    153.00000      0.00812
     18.00000    153.00000      0.00815
     18.25000    153.00000      0.00819
     18.50000    153.00000      0.00809
     18.75000    153.00000      0.00799
     19.00000    153.00000      0.00763
     19.25000    153.00000      0.00699
     19.50000    153.00000      0.00622
     19.75000    153.00000      0.00544
     20.00000    153.00000      0.00496
     20.25000    153.00000      0.00454
     20.50000    153.00000      0.00416
     20.75000    153.00000      0.00392
     21.00000    153.00000      0.00317
     21.25000    153.00000      0.00220
     21.50000    153.00000      0.00108
     21.75000    153.00000      0.00017
     22.00000    153.00000      0.00000
     15.00000    152.75000      0.00703
     15.25000    152.75000      0.00749
     15.50000    152.75000      0.00786
     15.75000    152.75000      0.00812
     16.00000    152.75000      0.00831
     16.25000    152.75000      0.00830
     16.50000    152.75000      0.00834
     16.75000    152.75000      0.00837
     17.00000    152.75000      0.00834
     17.25000    152.75000      0.00836
     17.50000    152.75000      0.00832
     17.75000    152.75000      0.00827
     18.00000    152.75000      0.00823
     18.25000    152.75000      0.00818
     18.50000    152.75000      0.00800
     18.75000    152.75000      0.00783
     19.00000    152.75000      0.00741
     19.25000    152.75000      0.00688
     19.50000    152.75000      0.00610
     19.75000    152.75000      0.00545
     20.00000    152.75000      0.00499
     20.25000    152.75000      0.00460
     20.50000    152.75000      0.00453
     20.75000    152.75000      0.00434
     21.00000    152.75000      0.00398
     21.25000    152.75000      0.00310
     21.50000    152.75000      0.00197
     21.75000    152.75000      0.00095
     22.00000    152.75000      0.00055
     15.00000    152.50000      0.00740
     15.25000    152.50000      0.00775
     15.50000    152.50000      0.00822
     15.75000    152.50000      0.00847
     16.00000    152.50000      0.00856
     16.25000    152.50000      0.00875
     16.50000    152.50000      0.00877
     16.75000    152.50000      0.00880
     17.00000    152.50000      0.00868
     17.25000    152.50000      0.00867
     17.50000    152.50000      0.00852
     17.75000    152.50000      0.00837
     18.00000    152.50000      0.00821
     18.25000    152.50000      0.00816
     18.50000    152.50000      0.00787
     18.75000    152.50000      0.00771
     19.00000    152.50000      0.00734
     19.25000    152.50000      0.00677
     19.50000    152.50000      0.00612
     19.75000    152.50000      0.00559
     20.00000    152.50000      0.00515
     20.25000    152.50000      0.00504
     20.50000    152.50000      0.00513
     20.75000    152.50000      0.00523
     21.00000    152.50000      0.00502
     21.25000    152.50000      0.00460
     21.50000    152.50000      0.00376
     21.75000    152.50000      0.00305
     22.00000    152.50000      0.00277
     15.00000    152.25000      0.00776
     15.25000    152.25000      0.00799
     15.50000    152.25000      0.00848
     15.75000    152.25000      0.00882
     16.00000    152.25000      0.00894
     16.25000    152.25000      0.00906
     16.50000    152.25000      0.00908
     16.75000    152.25000      0.00922
     17.00000    152.25000      0.00914
     17.25000    152.25000      0.00898
     17.50000    152.25000      0.00872
     17.75000    152.25000      0.00858
     18.00000    152.25000      0.00831
     18.25000    152.25000      0.00803
     18.50000    152.25000      0.00787
     18.75000    152.25000      0.00759
     19.00000    152.25000      0.00714
     19.25000    152.25000      0.00665
     19.50000    152.25000      0.00625
     19.75000    152.25000      0.00572
     20.00000    152.25000      0.00542
     20.25000    152.25000      0.00547
     20.50000    152.25000      0.00586
     20.75000    152.25000      0.00625
     21.00000    152.25000      0.00630
     21.25000    152.25000      0.00626
     21.50000    152.25000      0.00600
     21.75000    152.25000      0.00562
     22.00000    152.25000      0.00560
     15.00000    152.00000      0.00797
     15.25000    152.00000      0.00818
     15.50000    152.00000      0.00844
     15.75000    152.00000      0.00882
     16.00000    152.00000      0.00917
     16.25000    152.00000      0.00924
     16.50000    152.00000      0.00929
     16.75000    152.00000      0.00934
     17.00000    152.00000      0.00929
     17.25000    152.00000      0.00912
     17.50000    152.00000      0.00884
     17.75000    152.00000      0.00843
     18.00000    152.00000      0.00823
     18.25000    152.00000      0.00789
     18.50000    152.00000      0.00765
     18.75000    152.00000      0.00741
     19.00000    152.00000      0.00702
     19.25000    152.00000      0.00662
     19.50000    152.00000      0.00620
     19.75000    152.00000      0.00578
     20.00000    152.00000      0.00560
     20.25000    152.00000      0.00589
     20.50000    152.00000      0.00630
     20.75000    152.00000      0.00683
     21.00000    152.00000      0.00701
     21.25000    152.00000      0.00722
     21.50000    152.00000      0.00707
     21.75000    152.00000      0.00693
     15.00000    151.75000      0.00801
     15.25000    151.75000      0.00810
     15.50000    151.75000      0.00836
     15.75000    151.75000      0.00863
     16.00000    151.75000      0.00888
     16.25000    151.75000      0.00911
     16.50000    151.75000      0.00929
     16.75000    151.75000      0.00930
     17.00000    151.75000      0.00924
     17.25000    151.75000      0.00898
     17.50000    151.75000      0.00863
     17.75000    151.75000      0.00816
     18.00000    151.75000      0.00786
     18.25000    151.75000      0.00763
     18.50000    151.75000      0.00734
     18.75000    151.75000      0.00717
     19.00000    151.75000      0.00687
     19.25000    151.75000      0.00655
     19.50000    151.75000      0.00609
     19.75000    151.75000      0.00576
     20.00000    151.75000      0.00567
     20.25000    151.75000      0.00582
     20.50000    151.75000      0.00634
     20.75000    151.75000      0.00685
     21.00000    151.75000      0.00702
     21.25000    151.75000      0.00710
     21.50000    151.75000      0.00695
     21.75000    151.75000      0.00667
     15.25000    151.50000      0.00810
     15.50000    151.50000      0.00813
     15.75000    151.50000      0.00827
     16.00000    151.50000      0.00844
     16.25000    151.50000      0.00875
     16.50000    151.50000      0.00907
     16.75000    151.50000      0.00910
     17.00000    151.50000      0.00901
     17.25000    151.50000      0.00868
     17.50000    151.50000      0.00822
     17.75000    151.50000      0.00763
     18.00000    151.50000      0.00731
     18.25000    151.50000      0.00699
     18.50000    151.50000      0.00694
     18.75000    151.50000      0.00689
     19.00000    151.50000      0.00680
     19.25000    151.50000      0.00644
     19.50000    151.50000      0.00606
     19.75000    151.50000      0.00567
     20.00000    151.50000      0.00553
     20.25000    151.50000      0.00563
     20.50000    151.50000      0.00597
     20.75000    151.50000      0.00644
     21.00000    151.50000      0.00645
     21.25000    151.50000      0.00614
     21.50000    151.50000      0.00551
     21.75000    151.50000      0.00475
     15.50000    151.25000      0.00789
     15.75000    151.25000      0.00791
     16.00000    151.25000      0.00799
     16.25000    151.25000      0.00837
     16.50000    151.25000      0.00881
     16.75000    151.25000      0.00890
     17.00000    151.25000      0.00866
     17.25000    151.25000      0.00825
     17.50000    151.25000      0.00768
     17.75000    151.25000      0.00699
     18.00000    151.25000      0.00651
     18.25000    151.25000      0.00636
     18.50000    151.25000      0.00654
     18.75000    151.25000      0.00671
     19.00000    151.25000      0.00660
     19.25000    151.25000      0.00645
     19.50000    151.25000      0.00602
     19.75000    151.25000      0.00558
     20.00000    151.25000      0.00539
     20.25000    151.25000      0.00544
     20.50000    151.25000      0.00573
     20.75000    151.25000      0.00602
     21.00000    151.25000      0.00588
     21.25000    151.25000      0.00531
     21.50000    151.25000      0.00420
     21.75000    151.25000      0.00286
     16.00000    151.00000      0.00777
     16.25000    151.00000      0.00793
     16.50000    151.00000      0.00851
     16.75000    151.00000      0.00844
     17.00000    151.00000      0.00821
     17.25000    151.00000      0.00774
     17.50000    151.00000      0.00714
     17.75000    151.00000      0.00642
     18.00000    151.00000      0.00623
     18.25000    151.00000      0.00607
     18.50000    151.00000      0.00620
     18.75000    151.00000      0.00645
     19.00000    151.00000      0.00642
     19.25000    151.00000      0.00624
     19.50000    151.00000      0.00579
     19.75000    151.00000      0.00546
     20.00000    151.00000      0.00519
     20.25000    151.00000      0.00527
     20.50000    151.00000      0.00545
     20.75000    151.00000      0.00572
     21.00000    151.00000      0.00563
     21.25000    151.00000      0.00504
     15.75000    150.75000      0.00798
     16.00000    150.75000      0.00778
     18.00000    150.75000      0.00634
     18.25000    150.75000      0.00626
     18.50000    150.75000      0.00618
     18.75000    150.75000      0.00621
     19.00000    150.75000      0.00601
     19.25000    150.75000      0.00581
     19.50000    150.75000      0.00551
     19.75000    150.75000      0.00521
     20.00000    150.75000      0.00503
     15.75000    150.50000      0.00854
     16.00000    150.50000      0.00814
     18.00000    150.50000      0.00708
     18.25000    150.50000      0.00692
     18.50000    150.50000      0.00647
     18.75000    150.50000      0.00588
     19.00000    150.50000      0.00549
     19.25000    150.50000      0.00517
     19.50000    150.50000      0.00505
     19.75000    150.50000      0.00481
     20.00000    150.50000      0.00475
     15.75000    150.25000      0.00909
     16.00000    150.25000      0.00862
     18.00000    150.25000      0.00719
     18.25000    150.25000      0.00742
     18.50000    150.25000      0.00664
     18.75000    150.25000      0.00568
     19.00000    150.25000      0.00497
     19.25000    150.25000      0.00453
     19.50000    150.25000      0.00447
     19.75000    150.25000      0.00454
     20.00000    150.25000      0.00451
     15.75000    150.00000      0.00875
     16.00000    150.00000      0.00812
     18.00000    150.00000      0.00672
     18.25000    150.00000      0.00695
     18.50000    150.00000      0.00660
     18.75000    150.00000      0.00525
     19.00000    150.00000      0.00450
     19.25000    150.00000      0.00427
     19.50000    150.00000      0.00448
     19.75000    150.00000      0.00457
     20.00000    150.00000      0.00462
     18.00000    149.75000      0.00588
     18.25000    149.75000      0.00605
     18.50000    149.75000      0.00575
     18.75000    149.75000      0.00498
     19.00000    149.75000      0.00427
     18.00000    149.50000      0.00503
     18.25000    149.50000      0.00472
     18.50000    149.50000      0.00425
     18.75000    149.50000      0.00354
     19.00000    149.50000      0.00331
     18.00000    149.25000      0.00408
     18.25000    149.25000      0.00363
     18.50000    149.25000      0.00276
     18.75000    149.25000      0.00203
     19.00000    149.25000      0.00161
