     21.25000    164.00000      0.00000
     21.50000    164.00000      0.00000
     21.75000    164.00000      0.00000
     22.00000    164.00000      0.00000
     22.25000    164.00000      0.00000
     22.50000    164.00000      0.00000
     22.75000    164.00000      0.00000
     23.00000    164.00000      0.00000
     23.25000    164.00000      0.00000
     23.50000    164.00000      0.00000
     20.75000    163.80000      0.00000
     21.00000    163.80000      0.00000
     21.25000    163.80000      0.00000
     21.50000    163.80000      0.00000
     21.75000    163.80000      0.00000
     22.00000    163.80000      0.00000
     22.25000    163.80000      0.00000
     22.50000    163.80000      0.00000
     22.75000    163.80000      0.00000
     23.00000    163.80000      0.00000
     23.25000    163.80000      0.00000
     23.50000    163.80000      0.00000
     23.75000    163.80000      0.00000
     24.00000    163.80000      0.00000
     24.25000    163.80000      0.00000
     20.50000    163.50000      0.00000
     20.75000    163.50000      0.00000
     21.00000    163.50000      0.00000
     21.25000    163.50000      0.00000
     21.50000    163.50000      0.00000
     21.75000    163.50000      0.00000
     22.00000    163.50000      0.00000
     22.25000    163.50000      0.00000
     22.50000    163.50000      0.00000
     22.75000    163.50000      0.00000
     23.00000    163.50000      0.00000
     23.25000    163.50000      0.00000
     23.50000    163.50000      0.00000
     23.75000    163.50000      0.00000
     24.00000    163.50000      0.00000
     24.25000    163.50000      0.00000
     20.25000    163.20000      0.00000
     20.50000    163.20000      0.00000
     20.75000    163.20000      0.00000
     21.00000    163.20000      0.00000
     21.25000    163.20000      0.00000
     21.50000    163.20000      0.00000
     21.75000    163.20000      0.00000
     22.00000    163.20000      0.00000
     22.25000    163.20000      0.00000
     22.50000    163.20000      0.00000
     22.75000    163.20000      0.00000
     23.00000    163.20000      0.00000
     23.25000    163.20000      0.00000
     23.50000    163.20000      0.00000
     23.75000    163.20000      0.00000
     24.00000    163.20000      0.00000
     24.25000    163.20000      0.00000
     19.75000    163.00000      0.00000
     20.00000    163.00000      0.00000
     20.25000    163.00000      0.00000
     20.50000    163.00000      0.00000
     20.75000    163.00000      0.00000
     21.00000    163.00000      0.00000
     21.25000    163.00000      0.00000
     21.50000    163.00000      0.00000
     21.75000    163.00000      0.00000
     22.00000    163.00000      0.00000
     22.25000    163.00000      0.00000
     22.50000    163.00000      0.00000
     22.75000    163.00000      0.00000
     23.00000    163.00000      0.00000
     23.25000    163.00000      0.00000
     23.50000    163.00000      0.00000
     23.75000    163.00000      0.00000
     24.00000    163.00000      0.00000
     24.25000    163.00000      0.00000
     19.50000    162.80000      0.00000
     19.75000    162.80000      0.00000
     20.00000    162.80000      0.00000
     20.25000    162.80000      0.00000
     20.50000    162.80000      0.00000
     20.75000    162.80000      0.00000
     21.00000    162.80000      0.00000
     21.25000    162.80000      0.00000
     21.50000    162.80000      0.00000
     21.75000    162.80000      0.00000
     22.00000    162.80000      0.00000
     22.25000    162.80000      0.00000
     22.50000    162.80000      0.00000
     22.75000    162.80000      0.00000
     23.00000    162.80000      0.00000
     23.25000    162.80000      0.00000
     23.50000    162.80000      0.00000
     23.75000    162.80000      0.00000
     24.00000    162.80000      0.00000
     24.25000    162.80000      0.00000
     19.25000    162.50000      0.00000
     19.50000    162.50000      0.00000
     19.75000    162.50000      0.00000
     20.00000    162.50000      0.00000
     20.25000    162.50000      0.00000
     20.50000    162.50000      0.00000
     20.75000    162.50000      0.00000
     21.00000    162.50000      0.00000
     21.25000    162.50000      0.00000
     21.50000    162.50000      0.00000
     21.75000    162.50000      0.00000
     22.00000    162.50000      0.00000
     22.25000    162.50000      0.00000
     22.50000    162.50000      0.00000
     22.75000    162.50000      0.00000
     23.00000    162.50000      0.00000
     23.25000    162.50000      0.00000
     23.50000    162.50000      0.00000
     23.75000    162.50000      0.00000
     24.00000    162.50000      0.00000
     24.25000    162.50000      0.00000
     24.50000    162.50000      0.00000
     19.00000    162.20000      0.00000
     19.25000    162.20000      0.00000
     19.50000    162.20000      0.00000
     19.75000    162.20000      0.00000
     20.00000    162.20000      0.00000
     20.25000    162.20000      0.00000
     20.50000    162.20000      0.00000
     20.75000    162.20000      0.00000
     21.00000    162.20000      0.00000
     21.25000    162.20000      0.00000
     21.50000    162.20000      0.00000
     21.75000    162.20000      0.00000
     22.00000    162.20000      0.00000
     22.25000    162.20000      0.00000
     22.50000    162.20000      0.00000
     22.75000    162.20000      0.00000
     23.00000    162.20000      0.00000
     23.25000    162.20000      0.00000
     23.50000    162.20000      0.00000
     23.75000    162.20000      0.00000
     24.00000    162.20000      0.00000
     24.25000    162.20000      0.00000
     24.50000    162.20000      0.00000
     19.00000    162.00000      0.00000
     19.25000    162.00000      0.00000
     19.50000    162.00000      0.00000
     19.75000    162.00000      0.00000
     20.00000    162.00000      0.00000
     20.25000    162.00000      0.00000
     20.50000    162.00000      0.00000
     20.75000    162.00000      0.00000
     21.00000    162.00000      0.00000
     21.25000    162.00000      0.00000
     21.50000    162.00000      0.00000
     21.75000    162.00000      0.00000
     22.00000    162.00000      0.00000
     22.25000    162.00000      0.00000
     22.50000    162.00000      0.00000
     22.75000    162.00000      0.00000
     23.00000    162.00000      0.00000
     23.25000    162.00000      0.00000
     23.50000    162.00000      0.00000
     23.75000    162.00000      0.00000
     24.00000    162.00000      0.00000
     24.25000    162.00000      0.00000
     24.50000    162.00000      0.00000
     19.00000    161.80000      0.00000
     19.25000    161.80000      0.00000
     19.50000    161.80000      0.00000
     19.75000    161.80000      0.00000
     20.00000    161.80000      0.00000
     20.25000    161.80000      0.00000
     20.50000    161.80000      0.00000
     20.75000    161.80000      0.00000
     21.00000    161.80000      0.00000
     21.25000    161.80000      0.00000
     21.50000    161.80000      0.00000
     21.75000    161.80000      0.00000
     22.00000    161.80000      0.00000
     22.25000    161.80000      0.00000
     22.50000    161.80000      0.00000
     22.75000    161.80000      0.00000
     23.00000    161.80000      0.00000
     23.25000    161.80000      0.00000
     23.50000    161.80000      0.00000
     23.75000    161.80000      0.00000
     24.00000    161.80000      0.00000
     24.25000    161.80000      0.00000
     24.50000    161.80000      0.00000
     19.00000    161.50000      0.00000
     19.25000    161.50000      0.00000
     19.50000    161.50000      0.00000
     19.75000    161.50000      0.00000
     20.00000    161.50000      0.00000
     20.25000    161.50000      0.00000
     20.50000    161.50000      0.00000
     20.75000    161.50000      0.00000
     21.00000    161.50000      0.00000
     21.25000    161.50000      0.00000
     21.50000    161.50000      0.00000
     21.75000    161.50000      0.00000
     22.00000    161.50000      0.00000
     22.25000    161.50000      0.00000
     22.50000    161.50000      0.00000
     22.75000    161.50000      0.00000
     23.00000    161.50000      0.00000
     23.25000    161.50000      0.00000
     23.50000    161.50000      0.00000
     23.75000    161.50000      0.00000
     24.00000    161.50000      0.00000
     24.25000    161.50000      0.00000
     24.50000    161.50000      0.00000
     15.50000    161.20000      0.00000
     15.75000    161.20000      0.00000
     16.00000    161.20000      0.00000
     19.00000    161.20000      0.00000
     19.25000    161.20000      0.00000
     19.50000    161.20000      0.00000
     19.75000    161.20000      0.00000
     20.00000    161.20000      0.00000
     20.25000    161.20000      0.00000
     20.50000    161.20000      0.00000
     20.75000    161.20000      0.00000
     21.00000    161.20000      0.00000
     21.25000    161.20000      0.00000
     21.50000    161.20000      0.00000
     21.75000    161.20000      0.00000
     22.00000    161.20000      0.00000
     22.25000    161.20000      0.00000
     22.50000    161.20000      0.00000
     22.75000    161.20000      0.00000
     23.00000    161.20000      0.00000
     23.25000    161.20000      0.00000
     23.50000    161.20000      0.00000
     23.75000    161.20000      0.00000
     24.00000    161.20000      0.00000
     24.25000    161.20000      0.00000
     24.50000    161.20000      0.00000
     24.75000    161.20000      0.00000
     15.25000    161.00000      0.00000
     15.50000    161.00000      0.00000
     15.75000    161.00000      0.00000
     16.00000    161.00000      0.00000
     16.25000    161.00000      0.00000
     16.50000    161.00000      0.00000
     16.75000    161.00000      0.00000
     17.00000    161.00000      0.00010
     19.00000    161.00000      0.00000
     19.25000    161.00000      0.00000
     19.50000    161.00000      0.00000
     19.75000    161.00000      0.00000
     20.00000    161.00000      0.00000
     20.25000    161.00000      0.00000
     20.50000    161.00000      0.00000
     20.75000    161.00000      0.00000
     21.00000    161.00000      0.00000
     21.25000    161.00000      0.00000
     21.50000    161.00000      0.00000
     21.75000    161.00000      0.00000
     22.00000    161.00000      0.00000
     22.25000    161.00000      0.00000
     22.50000    161.00000      0.00000
     22.75000    161.00000      0.00000
     23.00000    161.00000      0.00000
     23.25000    161.00000      0.00000
     23.50000    161.00000      0.00000
     23.75000    161.00000      0.00000
     24.00000    161.00000      0.00000
     24.25000    161.00000      0.00027
     24.50000    161.00000      0.00058
     24.75000    161.00000      0.00095
     15.00000    160.80000      0.00000
     15.25000    160.80000      0.00000
     15.50000    160.80000      0.00000
     15.75000    160.80000      0.00000
     16.00000    160.80000      0.00000
     16.25000    160.80000      0.00000
     16.50000    160.80000      0.00000
     16.75000    160.80000      0.00000
     17.00000    160.80000      0.00000
     19.00000    160.80000      0.00000
     19.25000    160.80000      0.00000
     19.50000    160.80000      0.00000
     19.75000    160.80000      0.00000
     20.00000    160.80000      0.00000
     20.25000    160.80000      0.00000
     20.50000    160.80000      0.00000
     20.75000    160.80000      0.00000
     21.00000    160.80000      0.00000
     21.25000    160.80000      0.00000
     21.50000    160.80000      0.00000
     21.75000    160.80000      0.00000
     22.00000    160.80000      0.00000
     22.25000    160.80000      0.00000
     22.50000    160.80000      0.00000
     22.75000    160.80000      0.00000
     23.00000    160.80000      0.00000
     23.25000    160.80000      0.00000
     23.50000    160.80000      0.00000
     23.75000    160.80000      0.00000
     24.00000    160.80000      0.00022
     24.25000    160.80000      0.00095
     24.50000    160.80000      0.00114
     24.75000    160.80000      0.00135
     15.00000    160.50000      0.00000
     15.25000    160.50000      0.00000
     15.50000    160.50000      0.00000
     15.75000    160.50000      0.00000
     16.00000    160.50000      0.00000
     16.25000    160.50000      0.00000
     16.50000    160.50000      0.00000
     16.75000    160.50000      0.00000
     17.00000    160.50000      0.00000
     19.00000    160.50000      0.00000
     19.25000    160.50000      0.00000
     19.50000    160.50000      0.00000
     19.75000    160.50000      0.00000
     20.00000    160.50000      0.00000
     20.25000    160.50000      0.00000
     20.50000    160.50000      0.00000
     20.75000    160.50000      0.00000
     21.00000    160.50000      0.00000
     21.25000    160.50000      0.00000
     21.50000    160.50000      0.00000
     21.75000    160.50000      0.00000
     22.00000    160.50000      0.00000
     22.25000    160.50000      0.00000
     22.50000    160.50000      0.00000
     22.75000    160.50000      0.00000
     23.00000    160.50000      0.00000
     23.25000    160.50000      0.00000
     23.50000    160.50000      0.00000
     23.75000    160.50000      0.00004
     24.00000    160.50000      0.00124
     24.25000    160.50000      0.00194
     24.50000    160.50000      0.00175
     24.75000    160.50000      0.00170
     15.00000    160.20000      0.00000
     15.25000    160.20000      0.00000
     15.50000    160.20000      0.00000
     15.75000    160.20000      0.00000
     16.00000    160.20000      0.00000
     16.25000    160.20000      0.00000
     16.50000    160.20000      0.00000
     16.75000    160.20000      0.00000
     17.00000    160.20000      0.00000
     19.00000    160.20000      0.00000
     19.25000    160.20000      0.00000
     19.50000    160.20000      0.00000
     19.75000    160.20000      0.00000
     20.00000    160.20000      0.00000
     20.25000    160.20000      0.00000
     20.50000    160.20000      0.00000
     20.75000    160.20000      0.00000
     21.00000    160.20000      0.00000
     21.25000    160.20000      0.00000
     21.50000    160.20000      0.00000
     21.75000    160.20000      0.00000
     22.00000    160.20000      0.00000
     22.25000    160.20000      0.00000
     22.50000    160.20000      0.00000
     22.75000    160.20000      0.00000
     23.00000    160.20000      0.00000
     23.25000    160.20000      0.00000
     23.50000    160.20000      0.00000
     23.75000    160.20000      0.00079
     24.00000    160.20000      0.00276
     24.25000    160.20000      0.00353
     24.50000    160.20000      0.00255
     24.75000    160.20000      0.00192
     25.00000    160.20000      0.00179
     15.00000    160.00000      0.00000
     15.25000    160.00000      0.00000
     15.50000    160.00000      0.00000
     15.75000    160.00000      0.00000
     16.00000    160.00000      0.00000
     16.25000    160.00000      0.00000
     16.50000    160.00000      0.00000
     16.75000    160.00000      0.00000
     17.00000    160.00000      0.00000
     17.25000    160.00000      0.00000
     17.50000    160.00000      0.00018
     17.75000    160.00000      0.00000
     18.00000    160.00000      0.00000
     18.25000    160.00000      0.00000
     18.50000    160.00000      0.00000
     18.75000    160.00000      0.00000
     19.00000    160.00000      0.00000
     19.25000    160.00000      0.00000
     19.50000    160.00000      0.00000
     19.75000    160.00000      0.00000
     20.00000    160.00000      0.00000
     20.25000    160.00000      0.00000
     20.50000    160.00000      0.00000
     20.75000    160.00000      0.00000
     21.00000    160.00000      0.00000
     21.25000    160.00000      0.00000
     21.50000    160.00000      0.00000
     21.75000    160.00000      0.00000
     22.00000    160.00000      0.00000
     22.25000    160.00000      0.00000
     22.50000    160.00000      0.00000
     22.75000    160.00000      0.00000
     23.00000    160.00000      0.00000
     23.25000    160.00000      0.00000
     23.50000    160.00000      0.00000
     23.75000    160.00000      0.00198
     24.00000    160.00000      0.00426
     24.25000    160.00000      0.00486
     24.50000    160.00000      0.00292
     24.75000    160.00000      0.00197
     25.00000    160.00000      0.00172
     25.25000    160.00000      0.00211
     15.00000    159.80000      0.00000
     15.25000    159.80000      0.00000
     15.50000    159.80000      0.00000
     15.75000    159.80000      0.00000
     16.00000    159.80000      0.00000
     16.25000    159.80000      0.00000
     16.50000    159.80000      0.00000
     16.75000    159.80000      0.00000
     17.00000    159.80000      0.00000
     17.25000    159.80000      0.00000
     17.50000    159.80000      0.00000
     17.75000    159.80000      0.00000
     18.00000    159.80000      0.00000
     18.25000    159.80000      0.00000
     18.50000    159.80000      0.00000
     18.75000    159.80000      0.00000
     19.00000    159.80000      0.00000
     19.25000    159.80000      0.00000
     19.50000    159.80000      0.00003
     19.75000    159.80000      0.00000
     20.00000    159.80000      0.00000
     20.25000    159.80000      0.00000
     20.50000    159.80000      0.00000
     20.75000    159.80000      0.00000
     21.00000    159.80000      0.00000
     21.25000    159.80000      0.00000
     21.50000    159.80000      0.00000
     21.75000    159.80000      0.00000
     22.00000    159.80000      0.00000
     22.25000    159.80000      0.00000
     22.50000    159.80000      0.00000
     22.75000    159.80000      0.00000
     23.00000    159.80000      0.00000
     23.25000    159.80000      0.00000
     23.50000    159.80000      0.00000
     23.75000    159.80000      0.00306
     24.00000    159.80000      0.00563
     15.00000    159.50000      0.00000
     15.25000    159.50000      0.00000
     15.50000    159.50000      0.00000
     15.75000    159.50000      0.00000
     16.00000    159.50000      0.00000
     16.25000    159.50000      0.00000
     16.50000    159.50000      0.00000
     16.75000    159.50000      0.00000
     17.00000    159.50000      0.00000
     17.25000    159.50000      0.00000
     17.50000    159.50000      0.00000
     17.75000    159.50000      0.00000
     18.00000    159.50000      0.00000
     18.25000    159.50000      0.00000
     18.50000    159.50000      0.00000
     18.75000    159.50000      0.00000
     19.00000    159.50000      0.00000
     19.25000    159.50000      0.00000
     19.50000    159.50000      0.00000
     19.75000    159.50000      0.00004
     20.00000    159.50000      0.00003
     20.25000    159.50000      0.00000
     20.50000    159.50000      0.00000
     20.75000    159.50000      0.00000
     21.00000    159.50000      0.00000
     21.25000    159.50000      0.00000
     21.50000    159.50000      0.00000
     21.75000    159.50000      0.00000
     22.00000    159.50000      0.00000
     22.25000    159.50000      0.00000
     22.50000    159.50000      0.00000
     22.75000    159.50000      0.00000
     23.00000    159.50000      0.00000
     23.25000    159.50000      0.00000
     23.50000    159.50000      0.00009
     23.75000    159.50000      0.00373
     24.00000    159.50000      0.00555
     15.00000    159.20000      0.00000
     15.25000    159.20000      0.00000
     15.50000    159.20000      0.00000
     15.75000    159.20000      0.00000
     16.00000    159.20000      0.00000
     16.25000    159.20000      0.00000
     16.50000    159.20000      0.00000
     16.75000    159.20000      0.00000
     17.00000    159.20000      0.00000
     17.25000    159.20000      0.00000
     17.50000    159.20000      0.00000
     17.75000    159.20000      0.00000
     18.00000    159.20000      0.00000
     18.25000    159.20000      0.00000
     18.50000    159.20000      0.00000
     18.75000    159.20000      0.00000
     19.00000    159.20000      0.00000
     19.25000    159.20000      0.00000
     19.50000    159.20000      0.00000
     19.75000    159.20000      0.00000
     20.00000    159.20000      0.00000
     20.25000    159.20000      0.00000
     20.50000    159.20000      0.00000
     20.75000    159.20000      0.00000
     21.00000    159.20000      0.00000
     21.25000    159.20000      0.00000
     21.50000    159.20000      0.00000
     21.75000    159.20000      0.00000
     22.00000    159.20000      0.00000
     22.25000    159.20000      0.00000
     22.50000    159.20000      0.00000
     22.75000    159.20000      0.00000
     23.00000    159.20000      0.00000
     23.25000    159.20000      0.00000
     23.50000    159.20000      0.00045
     23.75000    159.20000      0.00458
     24.00000    159.20000      0.00497
     15.00000    159.00000      0.00000
     15.25000    159.00000      0.00000
     15.50000    159.00000      0.00000
     15.75000    159.00000      0.00000
     16.00000    159.00000      0.00000
     16.25000    159.00000      0.00000
     16.50000    159.00000      0.00000
     16.75000    159.00000      0.00000
     17.00000    159.00000      0.00000
     17.25000    159.00000      0.00000
     17.50000    159.00000      0.00000
     17.75000    159.00000      0.00000
     18.00000    159.00000      0.00000
     18.25000    159.00000      0.00000
     18.50000    159.00000      0.00000
     18.75000    159.00000      0.00000
     19.00000    159.00000      0.00000
     19.25000    159.00000      0.00000
     19.50000    159.00000      0.00000
     19.75000    159.00000      0.00000
     20.00000    159.00000      0.00000
     20.25000    159.00000      0.00000
     20.50000    159.00000      0.00000
     20.75000    159.00000      0.00000
     21.00000    159.00000      0.00000
     21.25000    159.00000      0.00000
     21.50000    159.00000      0.00000
     21.75000    159.00000      0.00000
     22.00000    159.00000      0.00000
     22.25000    159.00000      0.00000
     22.50000    159.00000      0.00000
     22.75000    159.00000      0.00000
     23.00000    159.00000      0.00000
     23.25000    159.00000      0.00000
     23.50000    159.00000      0.00066
     23.75000    159.00000      0.00522
     24.00000    159.00000      0.00428
     15.00000    158.80000      0.00000
     15.25000    158.80000      0.00000
     15.50000    158.80000      0.00000
     15.75000    158.80000      0.00000
     16.00000    158.80000      0.00000
     16.25000    158.80000      0.00000
     16.50000    158.80000      0.00000
     16.75000    158.80000      0.00000
     17.00000    158.80000      0.00000
     17.25000    158.80000      0.00000
     17.50000    158.80000      0.00000
     17.75000    158.80000      0.00000
     18.00000    158.80000      0.00000
     18.25000    158.80000      0.00000
     18.50000    158.80000      0.00000
     18.75000    158.80000      0.00000
     19.00000    158.80000      0.00000
     19.25000    158.80000      0.00000
     19.50000    158.80000      0.00000
     19.75000    158.80000      0.00000
     20.00000    158.80000      0.00000
     20.25000    158.80000      0.00000
     20.50000    158.80000      0.00000
     20.75000    158.80000      0.00000
     21.00000    158.80000      0.00000
     21.25000    158.80000      0.00000
     21.50000    158.80000      0.00000
     21.75000    158.80000      0.00000
     22.00000    158.80000      0.00000
     22.25000    158.80000      0.00000
     22.50000    158.80000      0.00000
     22.75000    158.80000      0.00000
     23.00000    158.80000      0.00000
     23.25000    158.80000      0.00000
     23.50000    158.80000      0.00059
     23.75000    158.80000      0.00531
     24.00000    158.80000      0.00364
     15.00000    158.50000      0.00000
     15.25000    158.50000      0.00000
     15.50000    158.50000      0.00000
     15.75000    158.50000      0.00000
     16.00000    158.50000      0.00000
     16.25000    158.50000      0.00000
     16.50000    158.50000      0.00000
     16.75000    158.50000      0.00000
     17.00000    158.50000      0.00000
     17.25000    158.50000      0.00000
     17.50000    158.50000      0.00000
     17.75000    158.50000      0.00000
     18.00000    158.50000      0.00000
     18.25000    158.50000      0.00000
     18.50000    158.50000      0.00000
     18.75000    158.50000      0.00000
     19.00000    158.50000      0.00000
     19.25000    158.50000      0.00000
     19.50000    158.50000      0.00000
     19.75000    158.50000      0.00000
     20.00000    158.50000      0.00000
     20.25000    158.50000      0.00000
     20.50000    158.50000      0.00000
     20.75000    158.50000      0.00000
     21.00000    158.50000      0.00000
     21.25000    158.50000      0.00000
     21.50000    158.50000      0.00000
     21.75000    158.50000      0.00000
     22.00000    158.50000      0.00000
     22.25000    158.50000      0.00000
     22.50000    158.50000      0.00000
     22.75000    158.50000      0.00000
     23.00000    158.50000      0.00000
     23.25000    158.50000      0.00000
     23.50000    158.50000      0.00045
     23.75000    158.50000      0.00518
     24.00000    158.50000      0.00321
     15.00000    158.20000      0.00000
     15.25000    158.20000      0.00000
     15.50000    158.20000      0.00000
     15.75000    158.20000      0.00000
     16.00000    158.20000      0.00000
     16.25000    158.20000      0.00000
     16.50000    158.20000      0.00000
     16.75000    158.20000      0.00000
     17.00000    158.20000      0.00000
     17.25000    158.20000      0.00000
     17.50000    158.20000      0.00000
     17.75000    158.20000      0.00000
     18.00000    158.20000      0.00000
     18.25000    158.20000      0.00000
     18.50000    158.20000      0.00000
     18.75000    158.20000      0.00000
     19.00000    158.20000      0.00000
     19.25000    158.20000      0.00000
     19.50000    158.20000      0.00000
     19.75000    158.20000      0.00000
     20.00000    158.20000      0.00000
     20.25000    158.20000      0.00000
     20.50000    158.20000      0.00000
     20.75000    158.20000      0.00000
     21.00000    158.20000      0.00000
     21.25000    158.20000      0.00000
     21.50000    158.20000      0.00000
     21.75000    158.20000      0.00000
     22.00000    158.20000      0.00000
     22.25000    158.20000      0.00000
     22.50000    158.20000      0.00000
     22.75000    158.20000      0.00000
     23.00000    158.20000      0.00000
     23.25000    158.20000      0.00000
     23.50000    158.20000      0.00033
     23.75000    158.20000      0.00506
     24.00000    158.20000      0.00278
     15.00000    158.00000      0.00000
     15.25000    158.00000      0.00000
     15.50000    158.00000      0.00000
     15.75000    158.00000      0.00000
     16.00000    158.00000      0.00000
     16.25000    158.00000      0.00000
     16.50000    158.00000      0.00000
     16.75000    158.00000      0.00000
     17.00000    158.00000      0.00000
     17.25000    158.00000      0.00000
     17.50000    158.00000      0.00000
     17.75000    158.00000      0.00000
     18.00000    158.00000      0.00000
     18.25000    158.00000      0.00000
     18.50000    158.00000      0.00000
     18.75000    158.00000      0.00000
     19.00000    158.00000      0.00000
     19.25000    158.00000      0.00000
     19.50000    158.00000      0.00000
     19.75000    158.00000      0.00000
     20.00000    158.00000      0.00000
     20.25000    158.00000      0.00000
     20.50000    158.00000      0.00000
     20.75000    158.00000      0.00000
     21.00000    158.00000      0.00000
     21.25000    158.00000      0.00000
     21.50000    158.00000      0.00000
     21.75000    158.00000      0.00000
     22.00000    158.00000      0.00000
     22.25000    158.00000      0.00000
     22.50000    158.00000      0.00000
     22.75000    158.00000      0.00000
     23.00000    158.00000      0.00000
     23.25000    158.00000      0.00000
     23.50000    158.00000      0.00031
     23.75000    158.00000      0.00477
     24.00000    158.00000      0.00455
     15.00000    157.80000      0.00000
     15.25000    157.80000      0.00000
     15.50000    157.80000      0.00000
     15.75000    157.80000      0.00000
     16.00000    157.80000      0.00000
     16.25000    157.80000      0.00000
     16.50000    157.80000      0.00000
     16.75000    157.80000      0.00000
     17.00000    157.80000      0.00000
     17.25000    157.80000      0.00000
     17.50000    157.80000      0.00000
     17.75000    157.80000      0.00000
     18.00000    157.80000      0.00000
     18.25000    157.80000      0.00000
     18.50000    157.80000      0.00000
     18.75000    157.80000      0.00000
     19.00000    157.80000      0.00000
     19.25000    157.80000      0.00000
     19.50000    157.80000      0.00000
     19.75000    157.80000      0.00000
     20.00000    157.80000      0.00000
     20.25000    157.80000      0.00000
     20.50000    157.80000      0.00000
     20.75000    157.80000      0.00000
     21.00000    157.80000      0.00000
     21.25000    157.80000      0.00000
     21.50000    157.80000      0.00000
     21.75000    157.80000      0.00000
     22.00000    157.80000      0.00000
     22.25000    157.80000      0.00000
     22.50000    157.80000      0.00000
     22.75000    157.80000      0.00000
     23.00000    157.80000      0.00000
     23.25000    157.80000      0.00000
     23.50000    157.80000      0.00000
     23.75000    157.80000      0.00451
     24.00000    157.80000      0.00675
     15.00000    157.50000      0.00000
     15.25000    157.50000      0.00000
     15.50000    157.50000      0.00000
     15.75000    157.50000      0.00000
     16.00000    157.50000      0.00000
     16.25000    157.50000      0.00000
     16.50000    157.50000      0.00000
     16.75000    157.50000      0.00000
     17.00000    157.50000      0.00000
     17.25000    157.50000      0.00000
     17.50000    157.50000      0.00000
     17.75000    157.50000      0.00000
     18.00000    157.50000      0.00000
     18.25000    157.50000      0.00000
     18.50000    157.50000      0.00000
     18.75000    157.50000      0.00000
     19.00000    157.50000      0.00000
     19.25000    157.50000      0.00000
     19.50000    157.50000      0.00000
     19.75000    157.50000      0.00000
     20.00000    157.50000      0.00000
     20.25000    157.50000      0.00000
     20.50000    157.50000      0.00000
     20.75000    157.50000      0.00000
     21.00000    157.50000      0.00000
     21.25000    157.50000      0.00000
     21.50000    157.50000      0.00000
     21.75000    157.50000      0.00000
     22.00000    157.50000      0.00000
     22.25000    157.50000      0.00000
     22.50000    157.50000      0.00000
     22.75000    157.50000      0.00000
     23.00000    157.50000      0.00000
     23.25000    157.50000      0.00000
     23.50000    157.50000      0.00000
     23.75000    157.50000      0.00044
     24.00000    157.50000      0.00297
     15.00000    157.20000      0.00000
     15.25000    157.20000      0.00000
     15.50000    157.20000      0.00000
     15.75000    157.20000      0.00000
     16.00000    157.20000      0.00000
     16.25000    157.20000      0.00000
     16.50000    157.20000      0.00000
     16.75000    157.20000      0.00000
     17.00000    157.20000      0.00000
     17.25000    157.20000      0.00000
     17.50000    157.20000      0.00000
     17.75000    157.20000      0.00000
     18.00000    157.20000      0.00000
     18.25000    157.20000      0.00000
     18.50000    157.20000      0.00000
     18.75000    157.20000      0.00000
     19.00000    157.20000      0.00000
     19.25000    157.20000      0.00000
     19.50000    157.20000      0.00000
     19.75000    157.20000      0.00000
     20.00000    157.20000      0.00000
     20.25000    157.20000      0.00000
     20.50000    157.20000      0.00000
     20.75000    157.20000      0.00000
     21.00000    157.20000      0.00000
     21.25000    157.20000      0.00000
     21.50000    157.20000      0.00000
     21.75000    157.20000      0.00000
     22.00000    157.20000      0.00000
     22.25000    157.20000      0.00000
     22.50000    157.20000      0.00000
     22.75000    157.20000      0.00000
     23.00000    157.20000      0.00000
     23.25000    157.20000      0.00000
     23.50000    157.20000      0.00000
     23.75000    157.20000      0.00000
     24.00000    157.20000      0.00000
     13.25000    157.00000      0.00000
     13.50000    157.00000      0.00000
     13.75000    157.00000      0.00000
     14.00000    157.00000      0.00000
     14.25000    157.00000      0.00000
     14.50000    157.00000      0.00000
     14.75000    157.00000      0.00000
     15.00000    157.00000      0.00000
     15.25000    157.00000      0.00000
     15.50000    157.00000      0.00000
     15.75000    157.00000      0.00000
     16.00000    157.00000      0.00000
     16.25000    157.00000      0.00000
     16.50000    157.00000      0.00000
     16.75000    157.00000      0.00000
     17.00000    157.00000      0.00000
     17.25000    157.00000      0.00000
     17.50000    157.00000      0.00000
     17.75000    157.00000      0.00000
     18.00000    157.00000      0.00000
     18.25000    157.00000      0.00000
     18.50000    157.00000      0.00000
     18.75000    157.00000      0.00000
     19.00000    157.00000      0.00000
     19.25000    157.00000      0.00000
     19.50000    157.00000      0.00000
     19.75000    157.00000      0.00000
     20.00000    157.00000      0.00000
     20.25000    157.00000      0.00000
     20.50000    157.00000      0.00000
     20.75000    157.00000      0.00000
     21.00000    157.00000      0.00000
     21.25000    157.00000      0.00000
     21.50000    157.00000      0.00000
     21.75000    157.00000      0.00000
     22.00000    157.00000      0.00000
     22.25000    157.00000      0.00000
     22.50000    157.00000      0.00000
     22.75000    157.00000      0.00000
     23.00000    157.00000      0.00000
     23.25000    157.00000      0.00000
     23.50000    157.00000      0.00000
     23.75000    157.00000      0.00000
     24.00000    157.00000      0.00000
     13.25000    156.80000      0.00000
     13.50000    156.80000      0.00000
     13.75000    156.80000      0.00000
     14.00000    156.80000      0.00000
     14.25000    156.80000      0.00000
     14.50000    156.80000      0.00000
     14.75000    156.80000      0.00000
     15.00000    156.80000      0.00000
     15.25000    156.80000      0.00000
     15.50000    156.80000      0.00000
     15.75000    156.80000      0.00000
     16.00000    156.80000      0.00000
     16.25000    156.80000      0.00000
     16.50000    156.80000      0.00000
     16.75000    156.80000      0.00000
     17.00000    156.80000      0.00000
     17.25000    156.80000      0.00000
     17.50000    156.80000      0.00000
     17.75000    156.80000      0.00000
     18.00000    156.80000      0.00000
     18.25000    156.80000      0.00000
     18.50000    156.80000      0.00000
     18.75000    156.80000      0.00000
     19.00000    156.80000      0.00000
     19.25000    156.80000      0.00000
     19.50000    156.80000      0.00000
     19.75000    156.80000      0.00000
     20.00000    156.80000      0.00000
     20.25000    156.80000      0.00000
     20.50000    156.80000      0.00000
     20.75000    156.80000      0.00000
     21.00000    156.80000      0.00000
     21.25000    156.80000      0.00000
     21.50000    156.80000      0.00000
     21.75000    156.80000      0.00000
     22.00000    156.80000      0.00000
     22.25000    156.80000      0.00000
     22.50000    156.80000      0.00000
     22.75000    156.80000      0.00000
     23.00000    156.80000      0.00000
     13.25000    156.50000      0.00000
     13.50000    156.50000      0.00000
     13.75000    156.50000      0.00000
     14.00000    156.50000      0.00000
     14.25000    156.50000      0.00000
     14.50000    156.50000      0.00000
     14.75000    156.50000      0.00000
     15.00000    156.50000      0.00000
     15.25000    156.50000      0.00000
     15.50000    156.50000      0.00000
     15.75000    156.50000      0.00000
     16.00000    156.50000      0.00000
     16.25000    156.50000      0.00000
     16.50000    156.50000      0.00000
     16.75000    156.50000      0.00000
     17.00000    156.50000      0.00000
     17.25000    156.50000      0.00000
     17.50000    156.50000      0.00000
     17.75000    156.50000      0.00000
     18.00000    156.50000      0.00000
     18.25000    156.50000      0.00000
     18.50000    156.50000      0.00000
     18.75000    156.50000      0.00000
     19.00000    156.50000      0.00000
     19.25000    156.50000      0.00000
     19.50000    156.50000      0.00000
     19.75000    156.50000      0.00000
     20.00000    156.50000      0.00000
     20.25000    156.50000      0.00000
     20.50000    156.50000      0.00000
     20.75000    156.50000      0.00000
     21.00000    156.50000      0.00000
     21.25000    156.50000      0.00000
     21.50000    156.50000      0.00000
     21.75000    156.50000      0.00000
     22.00000    156.50000      0.00000
     22.25000    156.50000      0.00000
     22.50000    156.50000      0.00000
     22.75000    156.50000      0.00000
     23.00000    156.50000      0.00000
     13.25000    156.20000      0.00000
     13.50000    156.20000      0.00000
     13.75000    156.20000      0.00000
     14.00000    156.20000      0.00000
     14.25000    156.20000      0.00000
     14.50000    156.20000      0.00000
     14.75000    156.20000      0.00000
     15.00000    156.20000      0.00000
     15.25000    156.20000      0.00000
     15.50000    156.20000      0.00000
     15.75000    156.20000      0.00000
     16.00000    156.20000      0.00000
     16.25000    156.20000      0.00000
     16.50000    156.20000      0.00000
     16.75000    156.20000      0.00000
     17.00000    156.20000      0.00000
     17.25000    156.20000      0.00000
     17.50000    156.20000      0.00000
     17.75000    156.20000      0.00000
     18.00000    156.20000      0.00000
     18.25000    156.20000      0.00000
     18.50000    156.20000      0.00000
     18.75000    156.20000      0.00000
     19.00000    156.20000      0.00000
     19.25000    156.20000      0.00000
     19.50000    156.20000      0.00000
     19.75000    156.20000      0.00000
     20.00000    156.20000      0.00000
     20.25000    156.20000      0.00000
     20.50000    156.20000      0.00000
     20.75000    156.20000      0.00000
     21.00000    156.20000      0.00000
     21.25000    156.20000      0.00000
     21.50000    156.20000      0.00000
     21.75000    156.20000      0.00000
     22.00000    156.20000      0.00000
     22.25000    156.20000      0.00000
     22.50000    156.20000      0.00000
     22.75000    156.20000      0.00000
     23.00000    156.20000      0.00000
     13.25000    156.00000      0.00000
     13.50000    156.00000      0.00000
     13.75000    156.00000      0.00000
     14.00000    156.00000      0.00000
     14.25000    156.00000      0.00000
     14.50000    156.00000      0.00000
     14.75000    156.00000      0.00000
     15.00000    156.00000      0.00000
     15.25000    156.00000      0.00000
     15.50000    156.00000      0.00000
     15.75000    156.00000      0.00000
     16.00000    156.00000      0.00000
     16.25000    156.00000      0.00000
     16.50000    156.00000      0.00000
     16.75000    156.00000      0.00000
     17.00000    156.00000      0.00000
     17.25000    156.00000      0.00000
     17.50000    156.00000      0.00000
     17.75000    156.00000      0.00000
     18.00000    156.00000      0.00000
     18.25000    156.00000      0.00000
     18.50000    156.00000      0.00000
     18.75000    156.00000      0.00000
     19.00000    156.00000      0.00000
     19.25000    156.00000      0.00000
     19.50000    156.00000      0.00000
     19.75000    156.00000      0.00000
     20.00000    156.00000      0.00000
     20.25000    156.00000      0.00000
     20.50000    156.00000      0.00000
     20.75000    156.00000      0.00000
     21.00000    156.00000      0.00000
     21.25000    156.00000      0.00000
     21.50000    156.00000      0.00000
     21.75000    156.00000      0.00000
     22.00000    156.00000      0.00000
     22.25000    156.00000      0.00000
     22.50000    156.00000      0.00000
     22.75000    156.00000      0.00000
     23.00000    156.00000      0.00000
     13.00000    155.80000      0.00000
     13.25000    155.80000      0.00000
     13.50000    155.80000      0.00000
     13.75000    155.80000      0.00000
     14.00000    155.80000      0.00000
     16.00000    155.80000      0.00000
     16.25000    155.80000      0.00000
     16.50000    155.80000      0.00000
     16.75000    155.80000      0.00000
     17.00000    155.80000      0.00000
     17.25000    155.80000      0.00000
     17.50000    155.80000      0.00000
     17.75000    155.80000      0.00000
     18.00000    155.80000      0.00000
     18.25000    155.80000      0.00000
     18.50000    155.80000      0.00000
     18.75000    155.80000      0.00000
     19.00000    155.80000      0.00000
     19.25000    155.80000      0.00000
     19.50000    155.80000      0.00000
     19.75000    155.80000      0.00000
     20.00000    155.80000      0.00000
     20.25000    155.80000      0.00000
     20.50000    155.80000      0.00000
     20.75000    155.80000      0.00000
     21.00000    155.80000      0.00000
     21.25000    155.80000      0.00000
     21.50000    155.80000      0.00000
     21.75000    155.80000      0.00000
     22.00000    155.80000      0.00000
     22.25000    155.80000      0.00000
     22.50000    155.80000      0.00000
     22.75000    155.80000      0.00000
     23.00000    155.80000      0.00000
     13.00000    155.50000      0.00000
     13.25000    155.50000      0.00000
     13.50000    155.50000      0.00000
     13.75000    155.50000      0.00000
     14.00000    155.50000      0.00000
     16.00000    155.50000      0.00000
     16.25000    155.50000      0.00000
     16.50000    155.50000      0.00000
     16.75000    155.50000      0.00000
     17.00000    155.50000      0.00000
     17.25000    155.50000      0.00000
     17.50000    155.50000      0.00000
     17.75000    155.50000      0.00000
     18.00000    155.50000      0.00000
     18.25000    155.50000      0.00000
     18.50000    155.50000      0.00000
     18.75000    155.50000      0.00000
     19.00000    155.50000      0.00000
     19.25000    155.50000      0.00000
     19.50000    155.50000      0.00000
     19.75000    155.50000      0.00000
     20.00000    155.50000      0.00000
     20.25000    155.50000      0.00000
     20.50000    155.50000      0.00000
     20.75000    155.50000      0.00000
     21.00000    155.50000      0.00000
     21.25000    155.50000      0.00000
     21.50000    155.50000      0.00000
     21.75000    155.50000      0.00000
     22.00000    155.50000      0.00000
     22.25000    155.50000      0.00000
     22.50000    155.50000      0.00000
     22.75000    155.50000      0.00000
     23.00000    155.50000      0.00000
     13.00000    155.20000      0.00000
     13.25000    155.20000      0.00000
     13.50000    155.20000      0.00000
     13.75000    155.20000      0.00000
     14.00000    155.20000      0.00000
     16.00000    155.20000      0.00000
     16.25000    155.20000      0.00000
     16.50000    155.20000      0.00000
     16.75000    155.20000      0.00000
     17.00000    155.20000      0.00000
     17.25000    155.20000      0.00000
     17.50000    155.20000      0.00000
     17.75000    155.20000      0.00000
     18.00000    155.20000      0.00000
     18.25000    155.20000      0.00000
     18.50000    155.20000      0.00000
     18.75000    155.20000      0.00000
     19.00000    155.20000      0.00000
     19.25000    155.20000      0.00000
     19.50000    155.20000      0.00000
     19.75000    155.20000      0.00000
     20.00000    155.20000      0.00000
     20.25000    155.20000      0.00000
     20.50000    155.20000      0.00000
     20.75000    155.20000      0.00000
     21.00000    155.20000      0.00000
     21.25000    155.20000      0.00000
     21.50000    155.20000      0.00000
     21.75000    155.20000      0.00000
     22.00000    155.20000      0.00000
     22.25000    155.20000      0.00000
     22.50000    155.20000      0.00000
     22.75000    155.20000      0.00000
     23.00000    155.20000      0.00000
     13.00000    155.00000      0.00000
     13.25000    155.00000      0.00000
     13.50000    155.00000      0.00000
     13.75000    155.00000      0.00000
     14.00000    155.00000      0.00000
     16.00000    155.00000      0.00000
     16.25000    155.00000      0.00000
     16.50000    155.00000      0.00000
     16.75000    155.00000      0.00000
     17.00000    155.00000      0.00000
     17.25000    155.00000      0.00000
     17.50000    155.00000      0.00000
     17.75000    155.00000      0.00000
     18.00000    155.00000      0.00000
     18.25000    155.00000      0.00000
     18.50000    155.00000      0.00000
     18.75000    155.00000      0.00000
     19.00000    155.00000      0.00000
     19.25000    155.00000      0.00000
     19.50000    155.00000      0.00000
     19.75000    155.00000      0.00000
     20.00000    155.00000      0.00000
     20.25000    155.00000      0.00000
     20.50000    155.00000      0.00000
     20.75000    155.00000      0.00000
     21.00000    155.00000      0.00000
     21.25000    155.00000      0.00000
     21.50000    155.00000      0.00000
     21.75000    155.00000      0.00000
     22.00000    155.00000      0.00000
     22.25000    155.00000      0.00000
     22.50000    155.00000      0.00000
     22.75000    155.00000      0.00000
     23.00000    155.00000      0.00000
     23.25000    155.00000      0.00000
     23.50000    155.00000      0.00000
     23.75000    155.00000      0.00000
     14.00000    154.80000      0.00000
     16.00000    154.80000      0.00000
     16.25000    154.80000      0.00000
     16.50000    154.80000      0.00000
     16.75000    154.80000      0.00000
     17.00000    154.80000      0.00000
     17.25000    154.80000      0.00000
     17.50000    154.80000      0.00000
     17.75000    154.80000      0.00000
     18.00000    154.80000      0.00000
     18.25000    154.80000      0.00000
     18.50000    154.80000      0.00000
     18.75000    154.80000      0.00000
     19.00000    154.80000      0.00000
     19.25000    154.80000      0.00000
     19.50000    154.80000      0.00000
     19.75000    154.80000      0.00000
     20.00000    154.80000      0.00000
     20.25000    154.80000      0.00000
     20.50000    154.80000      0.00000
     20.75000    154.80000      0.00000
     21.00000    154.80000      0.00000
     21.25000    154.80000      0.00000
     21.50000    154.80000      0.00000
     21.75000    154.80000      0.00000
     22.00000    154.80000      0.00000
     14.00000    154.50000      0.00000
     16.00000    154.50000      0.00000
     16.25000    154.50000      0.00000
     16.50000    154.50000      0.00000
     16.75000    154.50000      0.00000
     17.00000    154.50000      0.00000
     17.25000    154.50000      0.00000
     17.50000    154.50000      0.00000
     17.75000    154.50000      0.00000
     18.00000    154.50000      0.00000
     18.25000    154.50000      0.00000
     18.50000    154.50000      0.00000
     18.75000    154.50000      0.00000
     19.00000    154.50000      0.00000
     19.25000    154.50000      0.00000
     19.50000    154.50000      0.00000
     19.75000    154.50000      0.00000
     20.00000    154.50000      0.00000
     20.25000    154.50000      0.00000
     20.50000    154.50000      0.00000
     20.75000    154.50000      0.00000
     21.00000    154.50000      0.00000
     21.25000    154.50000      0.00000
     21.50000    154.50000      0.00000
     21.75000    154.50000      0.00000
     22.00000    154.50000      0.00000
     14.00000    154.20000      0.00000
     16.00000    154.20000      0.00000
     16.25000    154.20000      0.00000
     16.50000    154.20000      0.00000
     16.75000    154.20000      0.00000
     17.00000    154.20000      0.00000
     17.25000    154.20000      0.00000
     17.50000    154.20000      0.00000
     17.75000    154.20000      0.00000
     18.00000    154.20000      0.00000
     18.25000    154.20000      0.00000
     18.50000    154.20000      0.00000
     18.75000    154.20000      0.00000
     19.00000    154.20000      0.00000
     19.25000    154.20000      0.00000
     19.50000    154.20000      0.00000
     19.75000    154.20000      0.00000
     20.00000    154.20000      0.00000
     20.25000    154.20000      0.00000
     20.50000    154.20000      0.00000
     20.75000    154.20000      0.00000
     21.00000    154.20000      0.00000
     21.25000    154.20000      0.00000
     21.50000    154.20000      0.00000
     21.75000    154.20000      0.00000
     22.00000    154.20000      0.00000
     14.00000    154.00000      0.00000
     14.25000    154.00000      0.00000
     14.50000    154.00000      0.00000
     14.75000    154.00000      0.00000
     15.00000    154.00000      0.00000
     15.25000    154.00000      0.00000
     15.50000    154.00000      0.00000
     15.75000    154.00000      0.00000
     16.00000    154.00000      0.00000
     16.25000    154.00000      0.00000
     16.50000    154.00000      0.00000
     16.75000    154.00000      0.00000
     17.00000    154.00000      0.00000
     17.25000    154.00000      0.00000
     17.50000    154.00000      0.00000
     17.75000    154.00000      0.00000
     18.00000    154.00000      0.00000
     18.25000    154.00000      0.00000
     18.50000    154.00000      0.00000
     18.75000    154.00000      0.00000
     19.00000    154.00000      0.00000
     19.25000    154.00000      0.00000
     19.50000    154.00000      0.00000
     19.75000    154.00000      0.00000
     20.00000    154.00000      0.00000
     20.25000    154.00000      0.00000
     20.50000    154.00000      0.00000
     20.75000    154.00000      0.00000
     21.00000    154.00000      0.00000
     21.25000    154.00000      0.00000
     21.50000    154.00000      0.00000
     21.75000    154.00000      0.00000
     22.00000    154.00000      0.00000
     14.00000    153.80000      0.00000
     14.25000    153.80000      0.00000
     14.50000    153.80000      0.00000
     14.75000    153.80000      0.00000
     15.00000    153.80000      0.00000
     15.25000    153.80000      0.00000
     15.50000    153.80000      0.00000
     15.75000    153.80000      0.00000
     16.00000    153.80000      0.00000
     16.25000    153.80000      0.00000
     16.50000    153.80000      0.00000
     16.75000    153.80000      0.00000
     17.00000    153.80000      0.00000
     17.25000    153.80000      0.00000
     17.50000    153.80000      0.00000
     17.75000    153.80000      0.00000
     18.00000    153.80000      0.00000
     18.25000    153.80000      0.00000
     18.50000    153.80000      0.00000
     18.75000    153.80000      0.00000
     19.00000    153.80000      0.00000
     19.25000    153.80000      0.00000
     19.50000    153.80000      0.00000
     19.75000    153.80000      0.00000
     20.00000    153.80000      0.00000
     20.25000    153.80000      0.00000
     20.50000    153.80000      0.00000
     20.75000    153.80000      0.00000
     21.00000    153.80000      0.00000
     21.25000    153.80000      0.00000
     21.50000    153.80000      0.00000
     21.75000    153.80000      0.00000
     22.00000    153.80000      0.00000
     14.00000    153.50000      0.00000
     14.25000    153.50000      0.00000
     14.50000    153.50000      0.00000
     14.75000    153.50000      0.00000
     15.00000    153.50000      0.00000
     15.25000    153.50000      0.00000
     15.50000    153.50000      0.00000
     15.75000    153.50000      0.00000
     16.00000    153.50000      0.00000
     16.25000    153.50000      0.00000
     16.50000    153.50000      0.00000
     16.75000    153.50000      0.00000
     17.00000    153.50000      0.00000
     17.25000    153.50000      0.00000
     17.50000    153.50000      0.00000
     17.75000    153.50000      0.00000
     18.00000    153.50000      0.00000
     18.25000    153.50000      0.00000
     18.50000    153.50000      0.00000
     18.75000    153.50000      0.00000
     19.00000    153.50000      0.00000
     19.25000    153.50000      0.00000
     19.50000    153.50000      0.00000
     19.75000    153.50000      0.00000
     20.00000    153.50000      0.00000
     20.25000    153.50000      0.00000
     20.50000    153.50000      0.00000
     20.75000    153.50000      0.00000
     21.00000    153.50000      0.00000
     21.25000    153.50000      0.00000
     21.50000    153.50000      0.00000
     21.75000    153.50000      0.00000
     22.00000    153.50000      0.00000
     14.00000    153.20000      0.00000
     14.25000    153.20000      0.00000
     14.50000    153.20000      0.00000
     14.75000    153.20000      0.00000
     15.00000    153.20000      0.00000
     15.25000    153.20000      0.00000
     15.50000    153.20000      0.00000
     15.75000    153.20000      0.00000
     16.00000    153.20000      0.00000
     16.25000    153.20000      0.00000
     16.50000    153.20000      0.00000
     16.75000    153.20000      0.00000
     17.00000    153.20000      0.00000
     17.25000    153.20000      0.00000
     17.50000    153.20000      0.00000
     17.75000    153.20000      0.00000
     18.00000    153.20000      0.00000
     18.25000    153.20000      0.00000
     18.50000    153.20000      0.00000
     18.75000    153.20000      0.00000
     19.00000    153.20000      0.00000
     19.25000    153.20000      0.00000
     19.50000    153.20000      0.00000
     19.75000    153.20000      0.00000
     20.00000    153.20000      0.00000
     20.25000    153.20000      0.00000
     20.50000    153.20000      0.00000
     20.75000    153.20000      0.00000
     21.00000    153.20000      0.00000
     21.25000    153.20000      0.00000
     21.50000    153.20000      0.00000
     21.75000    153.20000      0.00000
     22.00000    153.20000      0.00000
     14.25000    153.00000      0.00000
     14.50000    153.00000      0.00000
     14.75000    153.00000      0.00000
     15.00000    153.00000      0.00000
     15.25000    153.00000      0.00000
     15.50000    153.00000      0.00000
     15.75000    153.00000      0.00000
     16.00000    153.00000      0.00000
     16.25000    153.00000      0.00000
     16.50000    153.00000      0.00000
     16.75000    153.00000      0.00000
     17.00000    153.00000      0.00000
     17.25000    153.00000      0.00000
     17.50000    153.00000      0.00000
     17.75000    153.00000      0.00000
     18.00000    153.00000      0.00000
     18.25000    153.00000      0.00000
     18.50000    153.00000      0.00000
     18.75000    153.00000      0.00000
     19.00000    153.00000      0.00000
     19.25000    153.00000      0.00000
     19.50000    153.00000      0.00000
     19.75000    153.00000      0.00000
     20.00000    153.00000      0.00000
     20.25000    153.00000      0.00000
     20.50000    153.00000      0.00000
     20.75000    153.00000      0.00000
     21.00000    153.00000      0.00000
     21.25000    153.00000      0.00000
     21.50000    153.00000      0.00000
     21.75000    153.00000      0.00000
     22.00000    153.00000      0.00000
     15.00000    152.80000      0.00000
     15.25000    152.80000      0.00000
     15.50000    152.80000      0.00000
     15.75000    152.80000      0.00000
     16.00000    152.80000      0.00000
     16.25000    152.80000      0.00000
     16.50000    152.80000      0.00000
     16.75000    152.80000      0.00000
     17.00000    152.80000      0.00000
     17.25000    152.80000      0.00000
     17.50000    152.80000      0.00000
     17.75000    152.80000      0.00000
     18.00000    152.80000      0.00000
     18.25000    152.80000      0.00000
     18.50000    152.80000      0.00000
     18.75000    152.80000      0.00000
     19.00000    152.80000      0.00000
     19.25000    152.80000      0.00000
     19.50000    152.80000      0.00000
     19.75000    152.80000      0.00000
     20.00000    152.80000      0.00000
     20.25000    152.80000      0.00000
     20.50000    152.80000      0.00000
     20.75000    152.80000      0.00000
     21.00000    152.80000      0.00000
     21.25000    152.80000      0.00000
     21.50000    152.80000      0.00000
     21.75000    152.80000      0.00000
     22.00000    152.80000      0.00000
     15.00000    152.50000      0.00000
     15.25000    152.50000      0.00000
     15.50000    152.50000      0.00000
     15.75000    152.50000      0.00000
     16.00000    152.50000      0.00000
     16.25000    152.50000      0.00000
     16.50000    152.50000      0.00000
     16.75000    152.50000      0.00000
     17.00000    152.50000      0.00000
     17.25000    152.50000      0.00000
     17.50000    152.50000      0.00000
     17.75000    152.50000      0.00000
     18.00000    152.50000      0.00000
     18.25000    152.50000      0.00000
     18.50000    152.50000      0.00000
     18.75000    152.50000      0.00000
     19.00000    152.50000      0.00000
     19.25000    152.50000      0.00000
     19.50000    152.50000      0.00000
     19.75000    152.50000      0.00000
     20.00000    152.50000      0.00000
     20.25000    152.50000      0.00000
     20.50000    152.50000      0.00000
     20.75000    152.50000      0.00000
     21.00000    152.50000      0.00000
     21.25000    152.50000      0.00000
     21.50000    152.50000      0.00000
     21.75000    152.50000      0.00000
     22.00000    152.50000      0.00000
     15.00000    152.20000      0.00000
     15.25000    152.20000      0.00000
     15.50000    152.20000      0.00000
     15.75000    152.20000      0.00000
     16.00000    152.20000      0.00000
     16.25000    152.20000      0.00000
     16.50000    152.20000      0.00000
     16.75000    152.20000      0.00000
     17.00000    152.20000      0.00000
     17.25000    152.20000      0.00000
     17.50000    152.20000      0.00000
     17.75000    152.20000      0.00000
     18.00000    152.20000      0.00000
     18.25000    152.20000      0.00000
     18.50000    152.20000      0.00000
     18.75000    152.20000      0.00000
     19.00000    152.20000      0.00000
     19.25000    152.20000      0.00000
     19.50000    152.20000      0.00000
     19.75000    152.20000      0.00000
     20.00000    152.20000      0.00000
     20.25000    152.20000      0.00000
     20.50000    152.20000      0.00000
     20.75000    152.20000      0.00000
     21.00000    152.20000      0.00000
     21.25000    152.20000      0.00000
     21.50000    152.20000      0.00000
     21.75000    152.20000      0.00000
     22.00000    152.20000      0.00000
     15.00000    152.00000      0.00000
     15.25000    152.00000      0.00000
     15.50000    152.00000      0.00000
     15.75000    152.00000      0.00000
     16.00000    152.00000      0.00000
     16.25000    152.00000      0.00000
     16.50000    152.00000      0.00000
     16.75000    152.00000      0.00000
     17.00000    152.00000      0.00000
     17.25000    152.00000      0.00000
     17.50000    152.00000      0.00000
     17.75000    152.00000      0.00000
     18.00000    152.00000      0.00000
     18.25000    152.00000      0.00000
     18.50000    152.00000      0.00000
     18.75000    152.00000      0.00000
     19.00000    152.00000      0.00000
     19.25000    152.00000      0.00000
     19.50000    152.00000      0.00000
     19.75000    152.00000      0.00000
     20.00000    152.00000      0.00000
     20.25000    152.00000      0.00000
     20.50000    152.00000      0.00000
     20.75000    152.00000      0.00000
     21.00000    152.00000      0.00000
     21.25000    152.00000      0.00000
     21.50000    152.00000      0.00000
     21.75000    152.00000      0.00000
     15.00000    151.80000      0.00000
     15.25000    151.80000      0.00000
     15.50000    151.80000      0.00000
     15.75000    151.80000      0.00000
     16.00000    151.80000      0.00000
     16.25000    151.80000      0.00000
     16.50000    151.80000      0.00000
     16.75000    151.80000      0.00000
     17.00000    151.80000      0.00000
     17.25000    151.80000      0.00000
     17.50000    151.80000      0.00000
     17.75000    151.80000      0.00000
     18.00000    151.80000      0.00000
     18.25000    151.80000      0.00000
     18.50000    151.80000      0.00000
     18.75000    151.80000      0.00000
     19.00000    151.80000      0.00000
     19.25000    151.80000      0.00000
     19.50000    151.80000      0.00000
     19.75000    151.80000      0.00000
     20.00000    151.80000      0.00000
     20.25000    151.80000      0.00000
     20.50000    151.80000      0.00000
     20.75000    151.80000      0.00000
     21.00000    151.80000      0.00000
     21.25000    151.80000      0.00000
     21.50000    151.80000      0.00000
     21.75000    151.80000      0.00000
     15.25000    151.50000      0.00000
     15.50000    151.50000      0.00000
     15.75000    151.50000      0.00000
     16.00000    151.50000      0.00000
     16.25000    151.50000      0.00000
     16.50000    151.50000      0.00000
     16.75000    151.50000      0.00000
     17.00000    151.50000      0.00000
     17.25000    151.50000      0.00000
     17.50000    151.50000      0.00000
     17.75000    151.50000      0.00000
     18.00000    151.50000      0.00000
     18.25000    151.50000      0.00000
     18.50000    151.50000      0.00000
     18.75000    151.50000      0.00000
     19.00000    151.50000      0.00000
     19.25000    151.50000      0.00000
     19.50000    151.50000      0.00000
     19.75000    151.50000      0.00000
     20.00000    151.50000      0.00000
     20.25000    151.50000      0.00000
     20.50000    151.50000      0.00000
     20.75000    151.50000      0.00000
     21.00000    151.50000      0.00000
     21.25000    151.50000      0.00000
     21.50000    151.50000      0.00000
     21.75000    151.50000      0.00000
     15.50000    151.20000      0.00000
     15.75000    151.20000      0.00000
     16.00000    151.20000      0.00000
     16.25000    151.20000      0.00000
     16.50000    151.20000      0.00000
     16.75000    151.20000      0.00000
     17.00000    151.20000      0.00000
     17.25000    151.20000      0.00000
     17.50000    151.20000      0.00000
     17.75000    151.20000      0.00000
     18.00000    151.20000      0.00000
     18.25000    151.20000      0.00000
     18.50000    151.20000      0.00000
     18.75000    151.20000      0.00000
     19.00000    151.20000      0.00000
     19.25000    151.20000      0.00000
     19.50000    151.20000      0.00000
     19.75000    151.20000      0.00000
     20.00000    151.20000      0.00000
     20.25000    151.20000      0.00000
     20.50000    151.20000      0.00000
     20.75000    151.20000      0.00000
     21.00000    151.20000      0.00000
     21.25000    151.20000      0.00000
     21.50000    151.20000      0.00000
     21.75000    151.20000      0.00000
     16.00000    151.00000      0.00000
     16.25000    151.00000      0.00000
     16.50000    151.00000      0.00000
     16.75000    151.00000      0.00000
     17.00000    151.00000      0.00000
     17.25000    151.00000      0.00000
     17.50000    151.00000      0.00000
     17.75000    151.00000      0.00000
     18.00000    151.00000      0.00000
     18.25000    151.00000      0.00000
     18.50000    151.00000      0.00000
     18.75000    151.00000      0.00000
     19.00000    151.00000      0.00000
     19.25000    151.00000      0.00000
     19.50000    151.00000      0.00000
     19.75000    151.00000      0.00000
     20.00000    151.00000      0.00000
     20.25000    151.00000      0.00000
     20.50000    151.00000      0.00000
     20.75000    151.00000      0.00000
     21.00000    151.00000      0.00000
     21.25000    151.00000      0.00000
     15.75000    150.80000      0.00000
     16.00000    150.80000      0.00000
     18.00000    150.80000      0.00000
     18.25000    150.80000      0.00000
     18.50000    150.80000      0.00000
     18.75000    150.80000      0.00000
     19.00000    150.80000      0.00000
     19.25000    150.80000      0.00000
     19.50000    150.80000      0.00000
     19.75000    150.80000      0.00000
     20.00000    150.80000      0.00000
     15.75000    150.50000      0.00000
     16.00000    150.50000      0.00000
     18.00000    150.50000      0.00000
     18.25000    150.50000      0.00000
     18.50000    150.50000      0.00000
     18.75000    150.50000      0.00000
     19.00000    150.50000      0.00000
     19.25000    150.50000      0.00000
     19.50000    150.50000      0.00000
     19.75000    150.50000      0.00000
     20.00000    150.50000      0.00000
     15.75000    150.20000      0.00000
     16.00000    150.20000      0.00000
     18.00000    150.20000      0.00000
     18.25000    150.20000      0.00000
     18.50000    150.20000      0.00000
     18.75000    150.20000      0.00000
     19.00000    150.20000      0.00000
     19.25000    150.20000      0.00000
     19.50000    150.20000      0.00000
     19.75000    150.20000      0.00000
     20.00000    150.20000      0.00000
     15.75000    150.00000      0.00000
     16.00000    150.00000      0.00000
     18.00000    150.00000      0.00000
     18.25000    150.00000      0.00000
     18.50000    150.00000      0.00000
     18.75000    150.00000      0.00000
     19.00000    150.00000      0.00000
     19.25000    150.00000      0.00000
     19.50000    150.00000      0.00000
     19.75000    150.00000      0.00000
     20.00000    150.00000      0.00000
     18.00000    149.80000      0.00000
     18.25000    149.80000      0.00000
     18.50000    149.80000      0.00000
     18.75000    149.80000      0.00000
     19.00000    149.80000      0.00000
     18.00000    149.50000      0.00000
     18.25000    149.50000      0.00000
     18.50000    149.50000      0.00000
     18.75000    149.50000      0.00000
     19.00000    149.50000      0.00000
     18.00000    149.20000      0.00000
     18.25000    149.20000      0.00000
     18.50000    149.20000      0.00000
     18.75000    149.20000      0.00000
     19.00000    149.20000      0.00000
