     21.25000    164.00000      0.00029
     21.50000    164.00000      0.00000
     21.75000    164.00000      0.00000
     22.00000    164.00000      0.00000
     22.25000    164.00000      0.00000
     22.50000    164.00000      0.00000
     22.75000    164.00000      0.00000
     23.00000    164.00000      0.00000
     23.25000    164.00000      0.00000
     23.50000    164.00000      0.00000
     20.75000    163.75000      0.00161
     21.00000    163.75000      0.00049
     21.25000    163.75000      0.00000
     21.50000    163.75000      0.00000
     21.75000    163.75000      0.00000
     22.00000    163.75000      0.00000
     22.25000    163.75000      0.00000
     22.50000    163.75000      0.00000
     22.75000    163.75000      0.00000
     23.00000    163.75000      0.00000
     23.25000    163.75000      0.00000
     23.50000    163.75000      0.00000
     23.75000    163.75000      0.00000
     24.00000    163.75000      0.00000
     24.25000    163.75000      0.00000
     20.50000    163.50000      0.00174
     20.75000    163.50000      0.00075
     21.00000    163.50000      0.00004
     21.25000    163.50000      0.00000
     21.50000    163.50000      0.00000
     21.75000    163.50000      0.00000
     22.00000    163.50000      0.00000
     22.25000    163.50000      0.00000
     22.50000    163.50000      0.00000
     22.75000    163.50000      0.00000
     23.00000    163.50000      0.00000
     23.25000    163.50000      0.00000
     23.50000    163.50000      0.00000
     23.75000    163.50000      0.00000
     24.00000    163.50000      0.00000
     24.25000    163.50000      0.00000
     20.25000    163.25000      0.00059
     20.50000    163.25000      0.00032
     20.75000    163.25000      0.00001
     21.00000    163.25000      0.00000
     21.25000    163.25000      0.00000
     21.50000    163.25000      0.00000
     21.75000    163.25000      0.00000
     22.00000    163.25000      0.00000
     22.25000    163.25000      0.00000
     22.50000    163.25000      0.00000
     22.75000    163.25000      0.00000
     23.00000    163.25000      0.00000
     23.25000    163.25000      0.00000
     23.50000    163.25000      0.00000
     23.75000    163.25000      0.00000
     24.00000    163.25000      0.00000
     24.25000    163.25000      0.00000
     19.75000    163.00000      0.00171
     20.00000    163.00000      0.00045
     20.25000    163.00000      0.00000
     20.50000    163.00000      0.00000
     20.75000    163.00000      0.00000
     21.00000    163.00000      0.00000
     21.25000    163.00000      0.00000
     21.50000    163.00000      0.00000
     21.75000    163.00000      0.00000
     22.00000    163.00000      0.00000
     22.25000    163.00000      0.00000
     22.50000    163.00000      0.00000
     22.75000    163.00000      0.00000
     23.00000    163.00000      0.00000
     23.25000    163.00000      0.00000
     23.50000    163.00000      0.00000
     23.75000    163.00000      0.00000
     24.00000    163.00000      0.00000
     24.25000    163.00000      0.00000
     19.50000    162.75000      0.00272
     19.75000    162.75000      0.00153
     20.00000    162.75000      0.00033
     20.25000    162.75000      0.00000
     20.50000    162.75000      0.00000
     20.75000    162.75000      0.00000
     21.00000    162.75000      0.00000
     21.25000    162.75000      0.00000
     21.50000    162.75000      0.00000
     21.75000    162.75000      0.00000
     22.00000    162.75000      0.00000
     22.25000    162.75000      0.00000
     22.50000    162.75000      0.00000
     22.75000    162.75000      0.00000
     23.00000    162.75000      0.00000
     23.25000    162.75000      0.00000
     23.50000    162.75000      0.00000
     23.75000    162.75000      0.00000
     24.00000    162.75000      0.00000
     24.25000    162.75000      0.00000
     19.25000    162.50000      0.00399
     19.50000    162.50000      0.00346
     19.75000    162.50000      0.00249
     20.00000    162.50000      0.00152
     20.25000    162.50000      0.00054
     20.50000    162.50000      0.00004
     20.75000    162.50000      0.00000
     21.00000    162.50000      0.00000
     21.25000    162.50000      0.00000
     21.50000    162.50000      0.00000
     21.75000    162.50000      0.00000
     22.00000    162.50000      0.00000
     22.25000    162.50000      0.00000
     22.50000    162.50000      0.00000
     22.75000    162.50000      0.00000
     23.00000    162.50000      0.00000
     23.25000    162.50000      0.00000
     23.50000    162.50000      0.00000
     23.75000    162.50000      0.00000
     24.00000    162.50000      0.00000
     24.25000    162.50000      0.00000
     24.50000    162.50000      0.00000
     19.00000    162.25000      0.00459
     19.25000    162.25000      0.00445
     19.50000    162.25000      0.00421
     19.75000    162.25000      0.00382
     20.00000    162.25000      0.00289
     20.25000    162.25000      0.00178
     20.50000    162.25000      0.00063
     20.75000    162.25000      0.00000
     21.00000    162.25000      0.00000
     21.25000    162.25000      0.00000
     21.50000    162.25000      0.00000
     21.75000    162.25000      0.00000
     22.00000    162.25000      0.00000
     22.25000    162.25000      0.00000
     22.50000    162.25000      0.00000
     22.75000    162.25000      0.00000
     23.00000    162.25000      0.00000
     23.25000    162.25000      0.00000
     23.50000    162.25000      0.00000
     23.75000    162.25000      0.00000
     24.00000    162.25000      0.00000
     24.25000    162.25000      0.00000
     24.50000    162.25000      0.00000
     19.00000    162.00000      0.00511
     19.25000    162.00000      0.00494
     19.50000    162.00000      0.00491
     19.75000    162.00000      0.00473
     20.00000    162.00000      0.00400
     20.25000    162.00000      0.00276
     20.50000    162.00000      0.00128
     20.75000    162.00000      0.00026
     21.00000    162.00000      0.00000
     21.25000    162.00000      0.00000
     21.50000    162.00000      0.00000
     21.75000    162.00000      0.00000
     22.00000    162.00000      0.00000
     22.25000    162.00000      0.00000
     22.50000    162.00000      0.00000
     22.75000    162.00000      0.00000
     23.00000    162.00000      0.00000
     23.25000    162.00000      0.00000
     23.50000    162.00000      0.00000
     23.75000    162.00000      0.00000
     24.00000    162.00000      0.00000
     24.25000    162.00000      0.00006
     24.50000    162.00000      0.00063
     19.00000    161.75000      0.00557
     19.25000    161.75000      0.00531
     19.50000    161.75000      0.00525
     19.75000    161.75000      0.00519
     20.00000    161.75000      0.00448
     20.25000    161.75000      0.00344
     20.50000    161.75000      0.00185
     20.75000    161.75000      0.00072
     21.00000    161.75000      0.00016
     21.25000    161.75000      0.00003
     21.50000    161.75000      0.00007
     21.75000    161.75000      0.00019
     22.00000    161.75000      0.00017
     22.25000    161.75000      0.00007
     22.50000    161.75000      0.00000
     22.75000    161.75000      0.00000
     23.00000    161.75000      0.00000
     23.25000    161.75000      0.00000
     23.50000    161.75000      0.00000
     23.75000    161.75000      0.00012
     24.00000    161.75000      0.00063
     24.25000    161.75000      0.00149
     24.50000    161.75000      0.00237
     19.00000    161.50000      0.00569
     19.25000    161.50000      0.00525
     19.50000    161.50000      0.00522
     19.75000    161.50000      0.00503
     20.00000    161.50000      0.00444
     20.25000    161.50000      0.00359
     20.50000    161.50000      0.00238
     20.75000    161.50000      0.00140
     21.00000    161.50000      0.00085
     21.25000    161.50000      0.00054
     21.50000    161.50000      0.00061
     21.75000    161.50000      0.00068
     22.00000    161.50000      0.00072
     22.25000    161.50000      0.00053
     22.50000    161.50000      0.00032
     22.75000    161.50000      0.00016
     23.00000    161.50000      0.00027
     23.25000    161.50000      0.00079
     23.50000    161.50000      0.00194
     23.75000    161.50000      0.00260
     24.00000    161.50000      0.00330
     24.25000    161.50000      0.00418
     24.50000    161.50000      0.00479
     15.50000    161.25000      0.00119
     15.75000    161.25000      0.00140
     16.00000    161.25000      0.00152
     19.00000    161.25000      0.00580
     19.25000    161.25000      0.00534
     19.50000    161.25000      0.00503
     19.75000    161.25000      0.00487
     20.00000    161.25000      0.00438
     20.25000    161.25000      0.00388
     20.50000    161.25000      0.00307
     20.75000    161.25000      0.00230
     21.00000    161.25000      0.00191
     21.25000    161.25000      0.00161
     21.50000    161.25000      0.00166
     21.75000    161.25000      0.00158
     22.00000    161.25000      0.00159
     22.25000    161.25000      0.00145
     22.50000    161.25000      0.00127
     22.75000    161.25000      0.00110
     23.00000    161.25000      0.00131
     23.25000    161.25000      0.00208
     23.50000    161.25000      0.00350
     23.75000    161.25000      0.00498
     24.00000    161.25000      0.00631
     24.25000    161.25000      0.00690
     24.50000    161.25000      0.00745
     24.75000    161.25000      0.00784
     15.25000    161.00000      0.00035
     15.50000    161.00000      0.00057
     15.75000    161.00000      0.00070
     16.00000    161.00000      0.00109
     16.25000    161.00000      0.00221
     16.50000    161.00000      0.00499
     16.75000    161.00000      0.00790
     17.00000    161.00000      0.00977
     19.00000    161.00000      0.00613
     19.25000    161.00000      0.00557
     19.50000    161.00000      0.00540
     19.75000    161.00000      0.00507
     20.00000    161.00000      0.00461
     20.25000    161.00000      0.00419
     20.50000    161.00000      0.00365
     20.75000    161.00000      0.00327
     21.00000    161.00000      0.00283
     21.25000    161.00000      0.00262
     21.50000    161.00000      0.00264
     21.75000    161.00000      0.00251
     22.00000    161.00000      0.00234
     22.25000    161.00000      0.00227
     22.50000    161.00000      0.00216
     22.75000    161.00000      0.00191
     23.00000    161.00000      0.00227
     23.25000    161.00000      0.00326
     23.50000    161.00000      0.00479
     23.75000    161.00000      0.00650
     24.00000    161.00000      0.00773
     24.25000    161.00000      0.00878
     24.50000    161.00000      0.00921
     24.75000    161.00000      0.00964
     15.00000    160.75000      0.00000
     15.25000    160.75000      0.00018
     15.50000    160.75000      0.00034
     15.75000    160.75000      0.00054
     16.00000    160.75000      0.00113
     16.25000    160.75000      0.00253
     16.50000    160.75000      0.00473
     16.75000    160.75000      0.00747
     17.00000    160.75000      0.00919
     19.00000    160.75000      0.00666
     19.25000    160.75000      0.00624
     19.50000    160.75000      0.00587
     19.75000    160.75000      0.00533
     20.00000    160.75000      0.00498
     20.25000    160.75000      0.00466
     20.50000    160.75000      0.00424
     20.75000    160.75000      0.00398
     21.00000    160.75000      0.00365
     21.25000    160.75000      0.00341
     21.50000    160.75000      0.00326
     21.75000    160.75000      0.00326
     22.00000    160.75000      0.00304
     22.25000    160.75000      0.00289
     22.50000    160.75000      0.00267
     22.75000    160.75000      0.00260
     23.00000    160.75000      0.00290
     23.25000    160.75000      0.00405
     23.50000    160.75000      0.00576
     23.75000    160.75000      0.00779
     24.00000    160.75000      0.00919
     24.25000    160.75000      0.01010
     24.50000    160.75000      0.01024
     24.75000    160.75000      0.01039
     15.00000    160.50000      0.00000
     15.25000    160.50000      0.00030
     15.50000    160.50000      0.00050
     15.75000    160.50000      0.00073
     16.00000    160.50000      0.00140
     16.25000    160.50000      0.00262
     16.50000    160.50000      0.00460
     16.75000    160.50000      0.00681
     17.00000    160.50000      0.00827
     19.00000    160.50000      0.00754
     19.25000    160.50000      0.00704
     19.50000    160.50000      0.00658
     19.75000    160.50000      0.00595
     20.00000    160.50000      0.00547
     20.25000    160.50000      0.00516
     20.50000    160.50000      0.00470
     20.75000    160.50000      0.00424
     21.00000    160.50000      0.00404
     21.25000    160.50000      0.00379
     21.50000    160.50000      0.00363
     21.75000    160.50000      0.00363
     22.00000    160.50000      0.00351
     22.25000    160.50000      0.00326
     22.50000    160.50000      0.00289
     22.75000    160.50000      0.00267
     23.00000    160.50000      0.00316
     23.25000    160.50000      0.00439
     23.50000    160.50000      0.00655
     23.75000    160.50000      0.00916
     24.00000    160.50000      0.01083
     24.25000    160.50000      0.01143
     24.50000    160.50000      0.01111
     24.75000    160.50000      0.01094
     15.00000    160.25000      0.00000
     15.25000    160.25000      0.00044
     15.50000    160.25000      0.00068
     15.75000    160.25000      0.00094
     16.00000    160.25000      0.00168
     16.25000    160.25000      0.00271
     16.50000    160.25000      0.00448
     16.75000    160.25000      0.00616
     17.00000    160.25000      0.00735
     19.00000    160.25000      0.00780
     19.25000    160.25000      0.00783
     19.50000    160.25000      0.00728
     19.75000    160.25000      0.00656
     20.00000    160.25000      0.00612
     20.25000    160.25000      0.00565
     20.50000    160.25000      0.00515
     20.75000    160.25000      0.00465
     21.00000    160.25000      0.00427
     21.25000    160.25000      0.00401
     21.50000    160.25000      0.00400
     21.75000    160.25000      0.00400
     22.00000    160.25000      0.00382
     22.25000    160.25000      0.00348
     22.50000    160.25000      0.00311
     22.75000    160.25000      0.00275
     23.00000    160.25000      0.00327
     23.25000    160.25000      0.00474
     23.50000    160.25000      0.00749
     23.75000    160.25000      0.01068
     24.00000    160.25000      0.01263
     24.25000    160.25000      0.01320
     24.50000    160.25000      0.01212
     24.75000    160.25000      0.01134
     25.00000    160.25000      0.01094
     15.00000    160.00000      0.00000
     15.25000    160.00000      0.00053
     15.50000    160.00000      0.00079
     15.75000    160.00000      0.00120
     16.00000    160.00000      0.00188
     16.25000    160.00000      0.00285
     16.50000    160.00000      0.00428
     16.75000    160.00000      0.00560
     17.00000    160.00000      0.00667
     17.25000    160.00000      0.00764
     17.50000    160.00000      0.00834
     17.75000    160.00000      0.00796
     18.00000    160.00000      0.00770
     18.25000    160.00000      0.00744
     18.50000    160.00000      0.00748
     18.75000    160.00000      0.00751
     19.00000    160.00000      0.00764
     19.25000    160.00000      0.00787
     19.50000    160.00000      0.00773
     19.75000    160.00000      0.00726
     20.00000    160.00000      0.00672
     20.25000    160.00000      0.00612
     20.50000    160.00000      0.00560
     20.75000    160.00000      0.00509
     21.00000    160.00000      0.00469
     21.25000    160.00000      0.00455
     21.50000    160.00000      0.00435
     21.75000    160.00000      0.00432
     22.00000    160.00000      0.00409
     22.25000    160.00000      0.00384
     22.50000    160.00000      0.00339
     22.75000    160.00000      0.00295
     23.00000    160.00000      0.00340
     23.25000    160.00000      0.00511
     23.50000    160.00000      0.00841
     23.75000    160.00000      0.01214
     24.00000    160.00000      0.01419
     24.25000    160.00000      0.01459
     24.50000    160.00000      0.01259
     24.75000    160.00000      0.01151
     25.00000    160.00000      0.01096
     25.25000    160.00000      0.01093
     15.00000    159.75000      0.00000
     15.25000    159.75000      0.00055
     15.50000    159.75000      0.00107
     15.75000    159.75000      0.00165
     16.00000    159.75000      0.00228
     16.25000    159.75000      0.00306
     16.50000    159.75000      0.00400
     16.75000    159.75000      0.00496
     17.00000    159.75000      0.00592
     17.25000    159.75000      0.00703
     17.50000    159.75000      0.00750
     17.75000    159.75000      0.00733
     18.00000    159.75000      0.00729
     18.25000    159.75000      0.00722
     18.50000    159.75000      0.00728
     18.75000    159.75000      0.00719
     19.00000    159.75000      0.00746
     19.25000    159.75000      0.00761
     19.50000    159.75000      0.00797
     19.75000    159.75000      0.00774
     20.00000    159.75000      0.00729
     20.25000    159.75000      0.00688
     20.50000    159.75000      0.00622
     20.75000    159.75000      0.00571
     21.00000    159.75000      0.00528
     21.25000    159.75000      0.00494
     21.50000    159.75000      0.00484
     21.75000    159.75000      0.00475
     22.00000    159.75000      0.00448
     22.25000    159.75000      0.00404
     22.50000    159.75000      0.00358
     22.75000    159.75000      0.00313
     23.00000    159.75000      0.00370
     23.25000    159.75000      0.00549
     23.50000    159.75000      0.00900
     23.75000    159.75000      0.01324
     24.00000    159.75000      0.01551
     15.00000    159.50000      0.00000
     15.25000    159.50000      0.00052
     15.50000    159.50000      0.00115
     15.75000    159.50000      0.00204
     16.00000    159.50000      0.00273
     16.25000    159.50000      0.00332
     16.50000    159.50000      0.00364
     16.75000    159.50000      0.00411
     17.00000    159.50000      0.00480
     17.25000    159.50000      0.00540
     17.50000    159.50000      0.00579
     17.75000    159.50000      0.00617
     18.00000    159.50000      0.00636
     18.25000    159.50000      0.00653
     18.50000    159.50000      0.00667
     18.75000    159.50000      0.00681
     19.00000    159.50000      0.00708
     19.25000    159.50000      0.00731
     19.50000    159.50000      0.00768
     19.75000    159.50000      0.00805
     20.00000    159.50000      0.00797
     20.25000    159.50000      0.00763
     20.50000    159.50000      0.00698
     20.75000    159.50000      0.00634
     21.00000    159.50000      0.00590
     21.25000    159.50000      0.00551
     21.50000    159.50000      0.00532
     21.75000    159.50000      0.00512
     22.00000    159.50000      0.00481
     22.25000    159.50000      0.00439
     22.50000    159.50000      0.00383
     22.75000    159.50000      0.00328
     23.00000    159.50000      0.00385
     23.25000    159.50000      0.00589
     23.50000    159.50000      0.00957
     23.75000    159.50000      0.01382
     24.00000    159.50000      0.01540
     15.00000    159.25000      0.00000
     15.25000    159.25000      0.00058
     15.50000    159.25000      0.00136
     15.75000    159.25000      0.00243
     16.00000    159.25000      0.00320
     16.25000    159.25000      0.00344
     16.50000    159.25000      0.00328
     16.75000    159.25000      0.00312
     17.00000    159.25000      0.00274
     17.25000    159.25000      0.00319
     17.50000    159.25000      0.00409
     17.75000    159.25000      0.00501
     18.00000    159.25000      0.00559
     18.25000    159.25000      0.00600
     18.50000    159.25000      0.00621
     18.75000    159.25000      0.00643
     19.00000    159.25000      0.00669
     19.25000    159.25000      0.00686
     19.50000    159.25000      0.00724
     19.75000    159.25000      0.00762
     20.00000    159.25000      0.00788
     20.25000    159.25000      0.00770
     20.50000    159.25000      0.00740
     20.75000    159.25000      0.00709
     21.00000    159.25000      0.00651
     21.25000    159.25000      0.00606
     21.50000    159.25000      0.00578
     21.75000    159.25000      0.00550
     22.00000    159.25000      0.00500
     22.25000    159.25000      0.00457
     22.50000    159.25000      0.00393
     22.75000    159.25000      0.00329
     23.00000    159.25000      0.00400
     23.25000    159.25000      0.00612
     23.50000    159.25000      0.01014
     23.75000    159.25000      0.01455
     24.00000    159.25000      0.01484
     15.00000    159.00000      0.00000
     15.25000    159.00000      0.00043
     15.50000    159.00000      0.00148
     15.75000    159.00000      0.00275
     16.00000    159.00000      0.00343
     16.25000    159.00000      0.00356
     16.50000    159.00000      0.00299
     16.75000    159.00000      0.00172
     17.00000    159.00000      0.00122
     17.25000    159.00000      0.00163
     17.50000    159.00000      0.00295
     17.75000    159.00000      0.00420
     18.00000    159.00000      0.00499
     18.25000    159.00000      0.00543
     18.50000    159.00000      0.00567
     18.75000    159.00000      0.00607
     19.00000    159.00000      0.00631
     19.25000    159.00000      0.00656
     19.50000    159.00000      0.00681
     19.75000    159.00000      0.00722
     20.00000    159.00000      0.00724
     20.25000    159.00000      0.00716
     20.50000    159.00000      0.00685
     20.75000    159.00000      0.00638
     21.00000    159.00000      0.00592
     21.25000    159.00000      0.00577
     21.50000    159.00000      0.00578
     21.75000    159.00000      0.00549
     22.00000    159.00000      0.00498
     22.25000    159.00000      0.00443
     22.50000    159.00000      0.00370
     22.75000    159.00000      0.00284
     23.00000    159.00000      0.00351
     23.25000    159.00000      0.00598
     23.50000    159.00000      0.01026
     23.75000    159.00000      0.01510
     24.00000    159.00000      0.01420
     15.00000    158.75000      0.00001
     15.25000    158.75000      0.00023
     15.50000    158.75000      0.00135
     15.75000    158.75000      0.00270
     16.00000    158.75000      0.00341
     16.25000    158.75000      0.00354
     16.50000    158.75000      0.00265
     16.75000    158.75000      0.00107
     17.00000    158.75000      0.00057
     17.25000    158.75000      0.00094
     17.50000    158.75000      0.00233
     17.75000    158.75000      0.00360
     18.00000    158.75000      0.00456
     18.25000    158.75000      0.00515
     18.50000    158.75000      0.00537
     18.75000    158.75000      0.00573
     19.00000    158.75000      0.00592
     19.25000    158.75000      0.00624
     19.50000    158.75000      0.00639
     19.75000    158.75000      0.00653
     20.00000    158.75000      0.00663
     20.25000    158.75000      0.00636
     20.50000    158.75000      0.00589
     20.75000    158.75000      0.00542
     21.00000    158.75000      0.00495
     21.25000    158.75000      0.00465
     21.50000    158.75000      0.00450
     21.75000    158.75000      0.00436
     22.00000    158.75000      0.00424
     22.25000    158.75000      0.00382
     22.50000    158.75000      0.00315
     22.75000    158.75000      0.00209
     23.00000    158.75000      0.00272
     23.25000    158.75000      0.00514
     23.50000    158.75000      0.00994
     23.75000    158.75000      0.01515
     24.00000    158.75000      0.01365
     15.00000    158.50000      0.00000
     15.25000    158.50000      0.00007
     15.50000    158.50000      0.00101
     15.75000    158.50000      0.00241
     16.00000    158.50000      0.00330
     16.25000    158.50000      0.00337
     16.50000    158.50000      0.00223
     16.75000    158.50000      0.00096
     17.00000    158.50000      0.00063
     17.25000    158.50000      0.00095
     17.50000    158.50000      0.00222
     17.75000    158.50000      0.00336
     18.00000    158.50000      0.00429
     18.25000    158.50000      0.00484
     18.50000    158.50000      0.00513
     18.75000    158.50000      0.00542
     19.00000    158.50000      0.00569
     19.25000    158.50000      0.00577
     19.50000    158.50000      0.00582
     19.75000    158.50000      0.00587
     20.00000    158.50000      0.00575
     20.25000    158.50000      0.00545
     20.50000    158.50000      0.00483
     20.75000    158.50000      0.00421
     21.00000    158.50000      0.00374
     21.25000    158.50000      0.00341
     21.50000    158.50000      0.00322
     21.75000    158.50000      0.00303
     22.00000    158.50000      0.00271
     22.25000    158.50000      0.00213
     22.50000    158.50000      0.00145
     22.75000    158.50000      0.00063
     23.00000    158.50000      0.00144
     23.25000    158.50000      0.00439
     23.50000    158.50000      0.00950
     23.75000    158.50000      0.01501
     24.00000    158.50000      0.01333
     15.00000    158.25000      0.00000
     15.25000    158.25000      0.00000
     15.50000    158.25000      0.00070
     15.75000    158.25000      0.00213
     16.00000    158.25000      0.00296
     16.25000    158.25000      0.00280
     16.50000    158.25000      0.00183
     16.75000    158.25000      0.00084
     17.00000    158.25000      0.00060
     17.25000    158.25000      0.00096
     17.50000    158.25000      0.00198
     17.75000    158.25000      0.00311
     18.00000    158.25000      0.00402
     18.25000    158.25000      0.00452
     18.50000    158.25000      0.00489
     18.75000    158.25000      0.00527
     19.00000    158.25000      0.00546
     19.25000    158.25000      0.00545
     19.50000    158.25000      0.00541
     19.75000    158.25000      0.00521
     20.00000    158.25000      0.00503
     20.25000    158.25000      0.00454
     20.50000    158.25000      0.00393
     20.75000    158.25000      0.00318
     21.00000    158.25000      0.00270
     21.25000    158.25000      0.00236
     21.50000    158.25000      0.00199
     21.75000    158.25000      0.00177
     22.00000    158.25000      0.00130
     22.25000    158.25000      0.00077
     22.50000    158.25000      0.00012
     22.75000    158.25000      0.00000
     23.00000    158.25000      0.00006
     23.25000    158.25000      0.00294
     23.50000    158.25000      0.00905
     23.75000    158.25000      0.01488
     24.00000    158.25000      0.01301
     15.00000    158.00000      0.00000
     15.25000    158.00000      0.00005
     15.50000    158.00000      0.00108
     15.75000    158.00000      0.00235
     16.00000    158.00000      0.00273
     16.25000    158.00000      0.00260
     16.50000    158.00000      0.00170
     16.75000    158.00000      0.00091
     17.00000    158.00000      0.00059
     17.25000    158.00000      0.00086
     17.50000    158.00000      0.00173
     17.75000    158.00000      0.00271
     18.00000    158.00000      0.00345
     18.25000    158.00000      0.00406
     18.50000    158.00000      0.00438
     18.75000    158.00000      0.00470
     19.00000    158.00000      0.00499
     19.25000    158.00000      0.00496
     19.50000    158.00000      0.00490
     19.75000    158.00000      0.00469
     20.00000    158.00000      0.00433
     20.25000    158.00000      0.00383
     20.50000    158.00000      0.00320
     20.75000    158.00000      0.00244
     21.00000    158.00000      0.00195
     21.25000    158.00000      0.00157
     21.50000    158.00000      0.00117
     21.75000    158.00000      0.00092
     22.00000    158.00000      0.00051
     22.25000    158.00000      0.00014
     22.50000    158.00000      0.00000
     22.75000    158.00000      0.00000
     23.00000    158.00000      0.00000
     23.25000    158.00000      0.00186
     23.50000    158.00000      0.00863
     23.75000    158.00000      0.01428
     24.00000    158.00000      0.01447
     15.00000    157.75000      0.00050
     15.25000    157.75000      0.00088
     15.50000    157.75000      0.00195
     15.75000    157.75000      0.00288
     16.00000    157.75000      0.00316
     16.25000    157.75000      0.00290
     16.50000    157.75000      0.00185
     16.75000    157.75000      0.00091
     17.00000    157.75000      0.00049
     17.25000    157.75000      0.00065
     17.50000    157.75000      0.00135
     17.75000    157.75000      0.00216
     18.00000    157.75000      0.00273
     18.25000    157.75000      0.00330
     18.50000    157.75000      0.00373
     18.75000    157.75000      0.00416
     19.00000    157.75000      0.00430
     19.25000    157.75000      0.00445
     19.50000    157.75000      0.00431
     19.75000    157.75000      0.00432
     20.00000    157.75000      0.00398
     20.25000    157.75000      0.00347
     20.50000    157.75000      0.00279
     20.75000    157.75000      0.00199
     21.00000    157.75000      0.00145
     21.25000    157.75000      0.00104
     21.50000    157.75000      0.00062
     21.75000    157.75000      0.00036
     22.00000    157.75000      0.00008
     22.25000    157.75000      0.00000
     22.50000    157.75000      0.00000
     22.75000    157.75000      0.00000
     23.00000    157.75000      0.00000
     23.25000    157.75000      0.00119
     23.50000    157.75000      0.00690
     23.75000    157.75000      0.01335
     24.00000    157.75000      0.01586
     15.00000    157.50000      0.00211
     15.25000    157.50000      0.00245
     15.50000    157.50000      0.00325
     15.75000    157.50000      0.00408
     16.00000    157.50000      0.00413
     16.25000    157.50000      0.00356
     16.50000    157.50000      0.00227
     16.75000    157.50000      0.00109
     17.00000    157.50000      0.00043
     17.25000    157.50000      0.00037
     17.50000    157.50000      0.00077
     17.75000    157.50000      0.00137
     18.00000    157.50000      0.00188
     18.25000    157.50000      0.00228
     18.50000    157.50000      0.00281
     18.75000    157.50000      0.00322
     19.00000    157.50000      0.00353
     19.25000    157.50000      0.00378
     19.50000    157.50000      0.00393
     19.75000    157.50000      0.00393
     20.00000    157.50000      0.00367
     20.25000    157.50000      0.00330
     20.50000    157.50000      0.00253
     20.75000    157.50000      0.00180
     21.00000    157.50000      0.00120
     21.25000    157.50000      0.00062
     21.50000    157.50000      0.00030
     21.75000    157.50000      0.00003
     22.00000    157.50000      0.00000
     22.25000    157.50000      0.00000
     22.50000    157.50000      0.00000
     22.75000    157.50000      0.00000
     23.00000    157.50000      0.00000
     23.25000    157.50000      0.00086
     23.50000    157.50000      0.00490
     23.75000    157.50000      0.00981
     24.00000    157.50000      0.01250
     15.00000    157.25000      0.00373
     15.25000    157.25000      0.00394
     15.50000    157.25000      0.00462
     15.75000    157.25000      0.00515
     16.00000    157.25000      0.00513
     16.25000    157.25000      0.00425
     16.50000    157.25000      0.00284
     16.75000    157.25000      0.00116
     17.00000    157.25000      0.00036
     17.25000    157.25000      0.00015
     17.50000    157.25000      0.00038
     17.75000    157.25000      0.00067
     18.00000    157.25000      0.00099
     18.25000    157.25000      0.00145
     18.50000    157.25000      0.00193
     18.75000    157.25000      0.00244
     19.00000    157.25000      0.00279
     19.25000    157.25000      0.00311
     19.50000    157.25000      0.00341
     19.75000    157.25000      0.00356
     20.00000    157.25000      0.00351
     20.25000    157.25000      0.00298
     20.50000    157.25000      0.00228
     20.75000    157.25000      0.00149
     21.00000    157.25000      0.00084
     21.25000    157.25000      0.00036
     21.50000    157.25000      0.00003
     21.75000    157.25000      0.00000
     22.00000    157.25000      0.00000
     22.25000    157.25000      0.00000
     22.50000    157.25000      0.00000
     22.75000    157.25000      0.00000
     23.00000    157.25000      0.00000
     23.25000    157.25000      0.00056
     23.50000    157.25000      0.00308
     23.75000    157.25000      0.00636
     24.00000    157.25000      0.00831
     13.25000    157.00000      0.00340
     13.50000    157.00000      0.00334
     13.75000    157.00000      0.00409
     14.00000    157.00000      0.00466
     14.25000    157.00000      0.00511
     14.50000    157.00000      0.00514
     14.75000    157.00000      0.00470
     15.00000    157.00000      0.00486
     15.25000    157.00000      0.00502
     15.50000    157.00000      0.00548
     15.75000    157.00000      0.00594
     16.00000    157.00000      0.00565
     16.25000    157.00000      0.00492
     16.50000    157.00000      0.00316
     16.75000    157.00000      0.00140
     17.00000    157.00000      0.00043
     17.25000    157.00000      0.00009
     17.50000    157.00000      0.00023
     17.75000    157.00000      0.00032
     18.00000    157.00000      0.00049
     18.25000    157.00000      0.00087
     18.50000    157.00000      0.00127
     18.75000    157.00000      0.00170
     19.00000    157.00000      0.00215
     19.25000    157.00000      0.00246
     19.50000    157.00000      0.00278
     19.75000    157.00000      0.00310
     20.00000    157.00000      0.00293
     20.25000    157.00000      0.00255
     20.50000    157.00000      0.00198
     20.75000    157.00000      0.00132
     21.00000    157.00000      0.00067
     21.25000    157.00000      0.00022
     21.50000    157.00000      0.00000
     21.75000    157.00000      0.00000
     22.00000    157.00000      0.00000
     22.25000    157.00000      0.00000
     22.50000    157.00000      0.00000
     22.75000    157.00000      0.00000
     23.00000    157.00000      0.00000
     23.25000    157.00000      0.00029
     23.50000    157.00000      0.00236
     23.75000    157.00000      0.00466
     24.00000    157.00000      0.00622
     13.25000    156.75000      0.00345
     13.50000    156.75000      0.00326
     13.75000    156.75000      0.00307
     14.00000    156.75000      0.00323
     14.25000    156.75000      0.00375
     14.50000    156.75000      0.00432
     14.75000    156.75000      0.00505
     15.00000    156.75000      0.00544
     15.25000    156.75000      0.00580
     15.50000    156.75000      0.00611
     15.75000    156.75000      0.00643
     16.00000    156.75000      0.00614
     16.25000    156.75000      0.00526
     16.50000    156.75000      0.00364
     16.75000    156.75000      0.00183
     17.00000    156.75000      0.00067
     17.25000    156.75000      0.00026
     17.50000    156.75000      0.00024
     17.75000    156.75000      0.00021
     18.00000    156.75000      0.00029
     18.25000    156.75000      0.00051
     18.50000    156.75000      0.00091
     18.75000    156.75000      0.00138
     19.00000    156.75000      0.00175
     19.25000    156.75000      0.00198
     19.50000    156.75000      0.00221
     19.75000    156.75000      0.00230
     20.00000    156.75000      0.00223
     20.25000    156.75000      0.00201
     20.50000    156.75000      0.00150
     20.75000    156.75000      0.00116
     21.00000    156.75000      0.00067
     21.25000    156.75000      0.00022
     21.50000    156.75000      0.00000
     21.75000    156.75000      0.00000
     22.00000    156.75000      0.00000
     22.25000    156.75000      0.00000
     22.50000    156.75000      0.00000
     22.75000    156.75000      0.00000
     23.00000    156.75000      0.00000
     13.25000    156.50000      0.00333
     13.50000    156.50000      0.00288
     13.75000    156.50000      0.00245
     14.00000    156.50000      0.00264
     14.25000    156.50000      0.00334
     14.50000    156.50000      0.00441
     14.75000    156.50000      0.00520
     15.00000    156.50000      0.00576
     15.25000    156.50000      0.00609
     15.50000    156.50000      0.00635
     15.75000    156.50000      0.00646
     16.00000    156.50000      0.00615
     16.25000    156.50000      0.00543
     16.50000    156.50000      0.00399
     16.75000    156.50000      0.00247
     17.00000    156.50000      0.00124
     17.25000    156.50000      0.00067
     17.50000    156.50000      0.00050
     17.75000    156.50000      0.00035
     18.00000    156.50000      0.00037
     18.25000    156.50000      0.00049
     18.50000    156.50000      0.00082
     18.75000    156.50000      0.00120
     19.00000    156.50000      0.00145
     19.25000    156.50000      0.00153
     19.50000    156.50000      0.00143
     19.75000    156.50000      0.00134
     20.00000    156.50000      0.00132
     20.25000    156.50000      0.00125
     20.50000    156.50000      0.00113
     20.75000    156.50000      0.00101
     21.00000    156.50000      0.00071
     21.25000    156.50000      0.00039
     21.50000    156.50000      0.00010
     21.75000    156.50000      0.00000
     22.00000    156.50000      0.00000
     22.25000    156.50000      0.00000
     22.50000    156.50000      0.00000
     22.75000    156.50000      0.00011
     23.00000    156.50000      0.00005
     13.25000    156.25000      0.00336
     13.50000    156.25000      0.00266
     13.75000    156.25000      0.00199
     14.00000    156.25000      0.00207
     14.25000    156.25000      0.00294
     14.50000    156.25000      0.00435
     14.75000    156.25000      0.00549
     15.00000    156.25000      0.00598
     15.25000    156.25000      0.00598
     15.50000    156.25000      0.00608
     15.75000    156.25000      0.00602
     16.00000    156.25000      0.00574
     16.25000    156.25000      0.00523
     16.50000    156.25000      0.00434
     16.75000    156.25000      0.00298
     17.00000    156.25000      0.00188
     17.25000    156.25000      0.00117
     17.50000    156.25000      0.00081
     17.75000    156.25000      0.00040
     18.00000    156.25000      0.00036
     18.25000    156.25000      0.00037
     18.50000    156.25000      0.00072
     18.75000    156.25000      0.00102
     19.00000    156.25000      0.00116
     19.25000    156.25000      0.00110
     19.50000    156.25000      0.00086
     19.75000    156.25000      0.00063
     20.00000    156.25000      0.00055
     20.25000    156.25000      0.00050
     20.50000    156.25000      0.00067
     20.75000    156.25000      0.00087
     21.00000    156.25000      0.00087
     21.25000    156.25000      0.00057
     21.50000    156.25000      0.00026
     21.75000    156.25000      0.00001
     22.00000    156.25000      0.00000
     22.25000    156.25000      0.00000
     22.50000    156.25000      0.00017
     22.75000    156.25000      0.00049
     23.00000    156.25000      0.00034
     13.25000    156.00000      0.00291
     13.50000    156.00000      0.00221
     13.75000    156.00000      0.00142
     14.00000    156.00000      0.00177
     14.25000    156.00000      0.00292
     14.50000    156.00000      0.00423
     14.75000    156.00000      0.00540
     15.00000    156.00000      0.00560
     15.25000    156.00000      0.00561
     15.50000    156.00000      0.00560
     15.75000    156.00000      0.00575
     16.00000    156.00000      0.00565
     16.25000    156.00000      0.00515
     16.50000    156.00000      0.00425
     16.75000    156.00000      0.00321
     17.00000    156.00000      0.00214
     17.25000    156.00000      0.00137
     17.50000    156.00000      0.00098
     17.75000    156.00000      0.00047
     18.00000    156.00000      0.00031
     18.25000    156.00000      0.00053
     18.50000    156.00000      0.00074
     18.75000    156.00000      0.00096
     19.00000    156.00000      0.00089
     19.25000    156.00000      0.00077
     19.50000    156.00000      0.00040
     19.75000    156.00000      0.00012
     20.00000    156.00000      0.00006
     20.25000    156.00000      0.00015
     20.50000    156.00000      0.00042
     20.75000    156.00000      0.00075
     21.00000    156.00000      0.00082
     21.25000    156.00000      0.00069
     21.50000    156.00000      0.00031
     21.75000    156.00000      0.00011
     22.00000    156.00000      0.00005
     22.25000    156.00000      0.00013
     22.50000    156.00000      0.00056
     22.75000    156.00000      0.00104
     23.00000    156.00000      0.00095
     13.00000    155.75000      0.00237
     13.25000    155.75000      0.00227
     13.50000    155.75000      0.00155
     13.75000    155.75000      0.00090
     14.00000    155.75000      0.00132
     16.00000    155.75000      0.00594
     16.25000    155.75000      0.00562
     16.50000    155.75000      0.00439
     16.75000    155.75000      0.00286
     17.00000    155.75000      0.00186
     17.25000    155.75000      0.00122
     17.50000    155.75000      0.00085
     17.75000    155.75000      0.00026
     18.00000    155.75000      0.00015
     18.25000    155.75000      0.00031
     18.50000    155.75000      0.00098
     18.75000    155.75000      0.00101
     19.00000    155.75000      0.00088
     19.25000    155.75000      0.00052
     19.50000    155.75000      0.00014
     19.75000    155.75000      0.00000
     20.00000    155.75000      0.00000
     20.25000    155.75000      0.00000
     20.50000    155.75000      0.00016
     20.75000    155.75000      0.00057
     21.00000    155.75000      0.00080
     21.25000    155.75000      0.00072
     21.50000    155.75000      0.00038
     21.75000    155.75000      0.00019
     22.00000    155.75000      0.00019
     22.25000    155.75000      0.00040
     22.50000    155.75000      0.00106
     22.75000    155.75000      0.00185
     23.00000    155.75000      0.00190
     13.00000    155.50000      0.00151
     13.25000    155.50000      0.00136
     13.50000    155.50000      0.00088
     13.75000    155.50000      0.00047
     14.00000    155.50000      0.00089
     16.00000    155.50000      0.00667
     16.25000    155.50000      0.00571
     16.50000    155.50000      0.00408
     16.75000    155.50000      0.00223
     17.00000    155.50000      0.00121
     17.25000    155.50000      0.00076
     17.50000    155.50000      0.00088
     17.75000    155.50000      0.00037
     18.00000    155.50000      0.00026
     18.25000    155.50000      0.00054
     18.50000    155.50000      0.00117
     18.75000    155.50000      0.00131
     19.00000    155.50000      0.00089
     19.25000    155.50000      0.00044
     19.50000    155.50000      0.00007
     19.75000    155.50000      0.00000
     20.00000    155.50000      0.00000
     20.25000    155.50000      0.00000
     20.50000    155.50000      0.00005
     20.75000    155.50000      0.00034
     21.00000    155.50000      0.00058
     21.25000    155.50000      0.00056
     21.50000    155.50000      0.00037
     21.75000    155.50000      0.00022
     22.00000    155.50000      0.00033
     22.25000    155.50000      0.00070
     22.50000    155.50000      0.00173
     22.75000    155.50000      0.00290
     23.00000    155.50000      0.00316
     13.00000    155.25000      0.00076
     13.25000    155.25000      0.00069
     13.50000    155.25000      0.00042
     13.75000    155.25000      0.00020
     14.00000    155.25000      0.00033
     16.00000    155.25000      0.00693
     16.25000    155.25000      0.00576
     16.50000    155.25000      0.00378
     16.75000    155.25000      0.00163
     17.00000    155.25000      0.00053
     17.25000    155.25000      0.00037
     17.50000    155.25000      0.00102
     17.75000    155.25000      0.00050
     18.00000    155.25000      0.00048
     18.25000    155.25000      0.00070
     18.50000    155.25000      0.00137
     18.75000    155.25000      0.00162
     19.00000    155.25000      0.00101
     19.25000    155.25000      0.00036
     19.50000    155.25000      0.00000
     19.75000    155.25000      0.00000
     20.00000    155.25000      0.00000
     20.25000    155.25000      0.00000
     20.50000    155.25000      0.00000
     20.75000    155.25000      0.00021
     21.00000    155.25000      0.00047
     21.25000    155.25000      0.00049
     21.50000    155.25000      0.00036
     21.75000    155.25000      0.00024
     22.00000    155.25000      0.00048
     22.25000    155.25000      0.00115
     22.50000    155.25000      0.00242
     22.75000    155.25000      0.00349
     23.00000    155.25000      0.00408
     13.00000    155.00000      0.00021
     13.25000    155.00000      0.00021
     13.50000    155.00000      0.00009
     13.75000    155.00000      0.00003
     14.00000    155.00000      0.00014
     16.00000    155.00000      0.00698
     16.25000    155.00000      0.00583
     16.50000    155.00000      0.00385
     16.75000    155.00000      0.00157
     17.00000    155.00000      0.00061
     17.25000    155.00000      0.00057
     17.50000    155.00000      0.00130
     17.75000    155.00000      0.00101
     18.00000    155.00000      0.00095
     18.25000    155.00000      0.00111
     18.50000    155.00000      0.00178
     18.75000    155.00000      0.00209
     19.00000    155.00000      0.00128
     19.25000    155.00000      0.00049
     19.50000    155.00000      0.00002
     19.75000    155.00000      0.00000
     20.00000    155.00000      0.00000
     20.25000    155.00000      0.00000
     20.50000    155.00000      0.00000
     20.75000    155.00000      0.00007
     21.00000    155.00000      0.00028
     21.25000    155.00000      0.00032
     21.50000    155.00000      0.00021
     21.75000    155.00000      0.00012
     22.00000    155.00000      0.00020
     22.25000    155.00000      0.00042
     22.50000    155.00000      0.00161
     22.75000    155.00000      0.00280
     23.00000    155.00000      0.00333
     23.25000    155.00000      0.00357
     23.50000    155.00000      0.00323
     23.75000    155.00000      0.00204
     14.00000    154.75000      0.00005
     16.00000    154.75000      0.00668
     16.25000    154.75000      0.00577
     16.50000    154.75000      0.00402
     16.75000    154.75000      0.00221
     17.00000    154.75000      0.00139
     17.25000    154.75000      0.00155
     17.50000    154.75000      0.00186
     17.75000    154.75000      0.00165
     18.00000    154.75000      0.00164
     18.25000    154.75000      0.00199
     18.50000    154.75000      0.00257
     18.75000    154.75000      0.00285
     19.00000    154.75000      0.00187
     19.25000    154.75000      0.00087
     19.50000    154.75000      0.00015
     19.75000    154.75000      0.00000
     20.00000    154.75000      0.00000
     20.25000    154.75000      0.00000
     20.50000    154.75000      0.00000
     20.75000    154.75000      0.00002
     21.00000    154.75000      0.00013
     21.25000    154.75000      0.00009
     21.50000    154.75000      0.00000
     21.75000    154.75000      0.00000
     22.00000    154.75000      0.00000
     14.00000    154.50000      0.00005
     16.00000    154.50000      0.00633
     16.25000    154.50000      0.00571
     16.50000    154.50000      0.00473
     16.75000    154.50000      0.00345
     17.00000    154.50000      0.00299
     17.25000    154.50000      0.00255
     17.50000    154.50000      0.00261
     17.75000    154.50000      0.00253
     18.00000    154.50000      0.00269
     18.25000    154.50000      0.00296
     18.50000    154.50000      0.00333
     18.75000    154.50000      0.00364
     19.00000    154.50000      0.00267
     19.25000    154.50000      0.00147
     19.50000    154.50000      0.00056
     19.75000    154.50000      0.00001
     20.00000    154.50000      0.00000
     20.25000    154.50000      0.00000
     20.50000    154.50000      0.00000
     20.75000    154.50000      0.00000
     21.00000    154.50000      0.00000
     21.25000    154.50000      0.00000
     21.50000    154.50000      0.00000
     21.75000    154.50000      0.00000
     22.00000    154.50000      0.00000
     14.00000    154.25000      0.00002
     16.00000    154.25000      0.00483
     16.25000    154.25000      0.00453
     16.50000    154.25000      0.00400
     16.75000    154.25000      0.00334
     17.00000    154.25000      0.00292
     17.25000    154.25000      0.00289
     17.50000    154.25000      0.00311
     17.75000    154.25000      0.00332
     18.00000    154.25000      0.00351
     18.25000    154.25000      0.00383
     18.50000    154.25000      0.00426
     18.75000    154.25000      0.00445
     19.00000    154.25000      0.00337
     19.25000    154.25000      0.00227
     19.50000    154.25000      0.00110
     19.75000    154.25000      0.00022
     20.00000    154.25000      0.00001
     20.25000    154.25000      0.00000
     20.50000    154.25000      0.00000
     20.75000    154.25000      0.00000
     21.00000    154.25000      0.00000
     21.25000    154.25000      0.00000
     21.50000    154.25000      0.00000
     21.75000    154.25000      0.00000
     22.00000    154.25000      0.00000
     14.00000    154.00000      0.00004
     14.25000    154.00000      0.00094
     14.50000    154.00000      0.00200
     14.75000    154.00000      0.00319
     15.00000    154.00000      0.00404
     15.25000    154.00000      0.00449
     15.50000    154.00000      0.00474
     15.75000    154.00000      0.00454
     16.00000    154.00000      0.00424
     16.25000    154.00000      0.00398
     16.50000    154.00000      0.00363
     16.75000    154.00000      0.00314
     17.00000    154.00000      0.00299
     17.25000    154.00000      0.00304
     17.50000    154.00000      0.00344
     17.75000    154.00000      0.00385
     18.00000    154.00000      0.00415
     18.25000    154.00000      0.00449
     18.50000    154.00000      0.00472
     18.75000    154.00000      0.00493
     19.00000    154.00000      0.00422
     19.25000    154.00000      0.00297
     19.50000    154.00000      0.00173
     19.75000    154.00000      0.00065
     20.00000    154.00000      0.00020
     20.25000    154.00000      0.00002
     20.50000    154.00000      0.00002
     20.75000    154.00000      0.00000
     21.00000    154.00000      0.00000
     21.25000    154.00000      0.00000
     21.50000    154.00000      0.00000
     21.75000    154.00000      0.00000
     22.00000    154.00000      0.00000
     14.00000    153.75000      0.00008
     14.25000    153.75000      0.00094
     14.50000    153.75000      0.00217
     14.75000    153.75000      0.00326
     15.00000    153.75000      0.00412
     15.25000    153.75000      0.00474
     15.50000    153.75000      0.00481
     15.75000    153.75000      0.00445
     16.00000    153.75000      0.00410
     16.25000    153.75000      0.00392
     16.50000    153.75000      0.00360
     16.75000    153.75000      0.00327
     17.00000    153.75000      0.00322
     17.25000    153.75000      0.00343
     17.50000    153.75000      0.00377
     17.75000    153.75000      0.00411
     18.00000    153.75000      0.00445
     18.25000    153.75000      0.00464
     18.50000    153.75000      0.00483
     18.75000    153.75000      0.00501
     19.00000    153.75000      0.00481
     19.25000    153.75000      0.00383
     19.50000    153.75000      0.00239
     19.75000    153.75000      0.00121
     20.00000    153.75000      0.00050
     20.25000    153.75000      0.00025
     20.50000    153.75000      0.00015
     20.75000    153.75000      0.00000
     21.00000    153.75000      0.00000
     21.25000    153.75000      0.00000
     21.50000    153.75000      0.00000
     21.75000    153.75000      0.00000
     22.00000    153.75000      0.00000
     14.00000    153.50000      0.00005
     14.25000    153.50000      0.00079
     14.50000    153.50000      0.00193
     14.75000    153.50000      0.00294
     15.00000    153.50000      0.00383
     15.25000    153.50000      0.00443
     15.50000    153.50000      0.00458
     15.75000    153.50000      0.00445
     16.00000    153.50000      0.00427
     16.25000    153.50000      0.00419
     16.50000    153.50000      0.00391
     16.75000    153.50000      0.00377
     17.00000    153.50000      0.00363
     17.25000    153.50000      0.00378
     17.50000    153.50000      0.00408
     17.75000    153.50000      0.00424
     18.00000    153.50000      0.00455
     18.25000    153.50000      0.00472
     18.50000    153.50000      0.00474
     18.75000    153.50000      0.00491
     19.00000    153.50000      0.00455
     19.25000    153.50000      0.00383
     19.50000    153.50000      0.00307
     19.75000    153.50000      0.00182
     20.00000    153.50000      0.00110
     20.25000    153.50000      0.00060
     20.50000    153.50000      0.00037
     20.75000    153.50000      0.00006
     21.00000    153.50000      0.00000
     21.25000    153.50000      0.00000
     21.50000    153.50000      0.00000
     21.75000    153.50000      0.00000
     22.00000    153.50000      0.00000
     14.00000    153.25000      0.00002
     14.25000    153.25000      0.00065
     14.50000    153.25000      0.00156
     14.75000    153.25000      0.00262
     15.00000    153.25000      0.00339
     15.25000    153.25000      0.00396
     15.50000    153.25000      0.00420
     15.75000    153.25000      0.00445
     16.00000    153.25000      0.00443
     16.25000    153.25000      0.00430
     16.50000    153.25000      0.00421
     16.75000    153.25000      0.00412
     17.00000    153.25000      0.00404
     17.25000    153.25000      0.00413
     17.50000    153.25000      0.00424
     17.75000    153.25000      0.00436
     18.00000    153.25000      0.00449
     18.25000    153.25000      0.00464
     18.50000    153.25000      0.00465
     18.75000    153.25000      0.00465
     19.00000    153.25000      0.00429
     19.25000    153.25000      0.00357
     19.50000    153.25000      0.00267
     19.75000    153.25000      0.00182
     20.00000    153.25000      0.00130
     20.25000    153.25000      0.00073
     20.50000    153.25000      0.00036
     20.75000    153.25000      0.00010
     21.00000    153.25000      0.00000
     21.25000    153.25000      0.00000
     21.50000    153.25000      0.00000
     21.75000    153.25000      0.00000
     22.00000    153.25000      0.00000
     14.25000    153.00000      0.00056
     14.50000    153.00000      0.00147
     14.75000    153.00000      0.00255
     15.00000    153.00000      0.00331
     15.25000    153.00000      0.00394
     15.50000    153.00000      0.00422
     15.75000    153.00000      0.00450
     16.00000    153.00000      0.00466
     16.25000    153.00000      0.00469
     16.50000    153.00000      0.00458
     16.75000    153.00000      0.00447
     17.00000    153.00000      0.00435
     17.25000    153.00000      0.00438
     17.50000    153.00000      0.00441
     17.75000    153.00000      0.00444
     18.00000    153.00000      0.00450
     18.25000    153.00000      0.00458
     18.50000    153.00000      0.00451
     18.75000    153.00000      0.00446
     19.00000    153.00000      0.00406
     19.25000    153.00000      0.00332
     19.50000    153.00000      0.00244
     19.75000    153.00000      0.00161
     20.00000    153.00000      0.00113
     20.25000    153.00000      0.00074
     20.50000    153.00000      0.00043
     20.75000    153.00000      0.00026
     21.00000    153.00000      0.00000
     21.25000    153.00000      0.00000
     21.50000    153.00000      0.00000
     21.75000    153.00000      0.00000
     22.00000    153.00000      0.00000
     15.00000    152.75000      0.00358
     15.25000    152.75000      0.00417
     15.50000    152.75000      0.00461
     15.75000    152.75000      0.00491
     16.00000    152.75000      0.00510
     16.25000    152.75000      0.00504
     16.50000    152.75000      0.00501
     16.75000    152.75000      0.00496
     17.00000    152.75000      0.00486
     17.25000    152.75000      0.00483
     17.50000    152.75000      0.00474
     17.75000    152.75000      0.00465
     18.00000    152.75000      0.00458
     18.25000    152.75000      0.00453
     18.50000    152.75000      0.00436
     18.75000    152.75000      0.00418
     19.00000    152.75000      0.00371
     19.25000    152.75000      0.00310
     19.50000    152.75000      0.00222
     19.75000    152.75000      0.00154
     20.00000    152.75000      0.00109
     20.25000    152.75000      0.00075
     20.50000    152.75000      0.00070
     20.75000    152.75000      0.00054
     21.00000    152.75000      0.00027
     21.25000    152.75000      0.00000
     21.50000    152.75000      0.00000
     21.75000    152.75000      0.00000
     22.00000    152.75000      0.00000
     15.00000    152.50000      0.00400
     15.25000    152.50000      0.00447
     15.50000    152.50000      0.00510
     15.75000    152.50000      0.00538
     16.00000    152.50000      0.00546
     16.25000    152.50000      0.00565
     16.50000    152.50000      0.00563
     16.75000    152.50000      0.00561
     17.00000    152.50000      0.00541
     17.25000    152.50000      0.00533
     17.50000    152.50000      0.00508
     17.75000    152.50000      0.00482
     18.00000    152.50000      0.00457
     18.25000    152.50000      0.00451
     18.50000    152.50000      0.00417
     18.75000    152.50000      0.00397
     19.00000    152.50000      0.00354
     19.25000    152.50000      0.00289
     19.50000    152.50000      0.00217
     19.75000    152.50000      0.00162
     20.00000    152.50000      0.00119
     20.25000    152.50000      0.00110
     20.50000    152.50000      0.00122
     20.75000    152.50000      0.00134
     21.00000    152.50000      0.00112
     21.25000    152.50000      0.00073
     21.50000    152.50000      0.00012
     21.75000    152.50000      0.00000
     22.00000    152.50000      0.00000
     15.00000    152.25000      0.00443
     15.25000    152.25000      0.00474
     15.50000    152.25000      0.00539
     15.75000    152.25000      0.00585
     16.00000    152.25000      0.00597
     16.25000    152.25000      0.00611
     16.50000    152.25000      0.00610
     16.75000    152.25000      0.00625
     17.00000    152.25000      0.00611
     17.25000    152.25000      0.00583
     17.50000    152.25000      0.00541
     17.75000    152.25000      0.00514
     18.00000    152.25000      0.00473
     18.25000    152.25000      0.00434
     18.50000    152.25000      0.00413
     18.75000    152.25000      0.00377
     19.00000    152.25000      0.00323
     19.25000    152.25000      0.00267
     19.50000    152.25000      0.00224
     19.75000    152.25000      0.00169
     20.00000    152.25000      0.00141
     20.25000    152.25000      0.00149
     20.50000    152.25000      0.00194
     20.75000    152.25000      0.00243
     21.00000    152.25000      0.00250
     21.25000    152.25000      0.00244
     21.50000    152.25000      0.00212
     21.75000    152.25000      0.00167
     22.00000    152.25000      0.00164
     15.00000    152.00000      0.00465
     15.25000    152.00000      0.00494
     15.50000    152.00000      0.00531
     15.75000    152.00000      0.00583
     16.00000    152.00000      0.00630
     16.25000    152.00000      0.00638
     16.50000    152.00000      0.00642
     16.75000    152.00000      0.00647
     17.00000    152.00000      0.00636
     17.25000    152.00000      0.00607
     17.50000    152.00000      0.00562
     17.75000    152.00000      0.00499
     18.00000    152.00000      0.00467
     18.25000    152.00000      0.00419
     18.50000    152.00000      0.00386
     18.75000    152.00000      0.00354
     19.00000    152.00000      0.00306
     19.25000    152.00000      0.00260
     19.50000    152.00000      0.00215
     19.75000    152.00000      0.00172
     20.00000    152.00000      0.00155
     20.25000    152.00000      0.00191
     20.50000    152.00000      0.00242
     20.75000    152.00000      0.00309
     21.00000    152.00000      0.00332
     21.25000    152.00000      0.00356
     21.50000    152.00000      0.00335
     21.75000    152.00000      0.00314
     15.00000    151.75000      0.00466
     15.25000    151.75000      0.00479
     15.50000    151.75000      0.00516
     15.75000    151.75000      0.00553
     16.00000    151.75000      0.00588
     16.25000    151.75000      0.00621
     16.50000    151.75000      0.00645
     16.75000    151.75000      0.00644
     17.00000    151.75000      0.00632
     17.25000    151.75000      0.00591
     17.50000    151.75000      0.00539
     17.75000    151.75000      0.00470
     18.00000    151.75000      0.00426
     18.25000    151.75000      0.00392
     18.50000    151.75000      0.00352
     18.75000    151.75000      0.00328
     19.00000    151.75000      0.00290
     19.25000    151.75000      0.00253
     19.50000    151.75000      0.00203
     19.75000    151.75000      0.00169
     20.00000    151.75000      0.00163
     20.25000    151.75000      0.00182
     20.50000    151.75000      0.00245
     20.75000    151.75000      0.00309
     21.00000    151.75000      0.00331
     21.25000    151.75000      0.00339
     21.50000    151.75000      0.00317
     21.75000    151.75000      0.00281
     15.25000    151.50000      0.00474
     15.50000    151.50000      0.00480
     15.75000    151.50000      0.00501
     16.00000    151.50000      0.00527
     16.25000    151.50000      0.00571
     16.50000    151.50000      0.00617
     16.75000    151.50000      0.00616
     17.00000    151.50000      0.00599
     17.25000    151.50000      0.00552
     17.50000    151.50000      0.00488
     17.75000    151.50000      0.00409
     18.00000    151.50000      0.00364
     18.25000    151.50000      0.00321
     18.50000    151.50000      0.00311
     18.75000    151.50000      0.00300
     19.00000    151.50000      0.00288
     19.25000    151.50000      0.00246
     19.50000    151.50000      0.00203
     19.75000    151.50000      0.00163
     20.00000    151.50000      0.00149
     20.25000    151.50000      0.00162
     20.50000    151.50000      0.00202
     20.75000    151.50000      0.00258
     21.00000    151.50000      0.00261
     21.25000    151.50000      0.00223
     21.50000    151.50000      0.00149
     21.75000    151.50000      0.00072
     15.50000    151.25000      0.00444
     15.75000    151.25000      0.00450
     16.00000    151.25000      0.00466
     16.25000    151.25000      0.00521
     16.50000    151.25000      0.00584
     16.75000    151.25000      0.00588
     17.00000    151.25000      0.00552
     17.25000    151.25000      0.00496
     17.50000    151.25000      0.00422
     17.75000    151.25000      0.00335
     18.00000    151.25000      0.00274
     18.25000    151.25000      0.00252
     18.50000    151.25000      0.00270
     18.75000    151.25000      0.00286
     19.00000    151.25000      0.00271
     19.25000    151.25000      0.00252
     19.50000    151.25000      0.00203
     19.75000    151.25000      0.00156
     20.00000    151.25000      0.00136
     20.25000    151.25000      0.00143
     20.50000    151.25000      0.00175
     20.75000    151.25000      0.00209
     21.00000    151.25000      0.00193
     21.25000    151.25000      0.00130
     21.50000    151.25000      0.00030
     21.75000    151.25000      0.00000
     16.00000    151.00000      0.00436
     16.25000    151.00000      0.00462
     16.50000    151.00000      0.00545
     16.75000    151.00000      0.00531
     17.00000    151.00000      0.00496
     17.25000    151.00000      0.00434
     17.50000    151.00000      0.00359
     17.75000    151.00000      0.00272
     18.00000    151.00000      0.00248
     18.25000    151.00000      0.00227
     18.50000    151.00000      0.00236
     18.75000    151.00000      0.00260
     19.00000    151.00000      0.00253
     19.25000    151.00000      0.00231
     19.50000    151.00000      0.00181
     19.75000    151.00000      0.00146
     20.00000    151.00000      0.00118
     20.25000    151.00000      0.00125
     20.50000    151.00000      0.00142
     20.75000    151.00000      0.00172
     21.00000    151.00000      0.00162
     21.25000    151.00000      0.00102
     15.75000    150.75000      0.00458
     16.00000    150.75000      0.00437
     18.00000    150.75000      0.00269
     18.25000    150.75000      0.00256
     18.50000    150.75000      0.00238
     18.75000    150.75000      0.00235
     19.00000    150.75000      0.00207
     19.25000    150.75000      0.00184
     19.50000    150.75000      0.00152
     19.75000    150.75000      0.00122
     20.00000    150.75000      0.00103
     15.75000    150.50000      0.00534
     16.00000    150.50000      0.00485
     18.00000    150.50000      0.00365
     18.25000    150.50000      0.00342
     18.50000    150.50000      0.00277
     18.75000    150.50000      0.00198
     19.00000    150.50000      0.00149
     19.25000    150.50000      0.00114
     19.50000    150.50000      0.00105
     19.75000    150.50000      0.00085
     20.00000    150.50000      0.00080
     15.75000    150.25000      0.00609
     16.00000    150.25000      0.00549
     18.00000    150.25000      0.00369
     18.25000    150.25000      0.00407
     18.50000    150.25000      0.00301
     18.75000    150.25000      0.00176
     19.00000    150.25000      0.00096
     19.25000    150.25000      0.00055
     19.50000    150.25000      0.00054
     19.75000    150.25000      0.00062
     20.00000    150.25000      0.00061
     15.75000    150.00000      0.00569
     16.00000    150.00000      0.00488
     18.00000    150.00000      0.00305
     18.25000    150.00000      0.00340
     18.50000    150.00000      0.00304
     18.75000    150.00000      0.00137
     19.00000    150.00000      0.00058
     19.25000    150.00000      0.00039
     19.50000    150.00000      0.00058
     19.75000    150.00000      0.00069
     20.00000    150.00000      0.00074
     18.00000    149.75000      0.00198
     18.25000    149.75000      0.00223
     18.50000    149.75000      0.00201
     18.75000    149.75000      0.00119
     19.00000    149.75000      0.00049
     18.00000    149.50000      0.00101
     18.25000    149.50000      0.00075
     18.50000    149.50000      0.00042
     18.75000    149.50000      0.00005
     19.00000    149.50000      0.00000
     18.00000    149.25000      0.00020
     18.25000    149.25000      0.00001
     18.50000    149.25000      0.00000
     18.75000    149.25000      0.00000
     19.00000    149.25000      0.00000
