     21.25000    164.00000      0.00000
     21.50000    164.00000      0.00000
     21.75000    164.00000      0.00000
     22.00000    164.00000      0.00000
     22.25000    164.00000      0.00000
     22.50000    164.00000      0.00000
     22.75000    164.00000      0.00000
     23.00000    164.00000      0.00000
     23.25000    164.00000      0.00000
     23.50000    164.00000      0.00000
     20.75000    163.75000      0.00000
     21.00000    163.75000      0.00000
     21.25000    163.75000      0.00000
     21.50000    163.75000      0.00000
     21.75000    163.75000      0.00000
     22.00000    163.75000      0.00000
     22.25000    163.75000      0.00000
     22.50000    163.75000      0.00000
     22.75000    163.75000      0.00000
     23.00000    163.75000      0.00000
     23.25000    163.75000      0.00000
     23.50000    163.75000      0.00000
     23.75000    163.75000      0.00000
     24.00000    163.75000      0.00000
     24.25000    163.75000      0.00000
     20.50000    163.50000      0.00000
     20.75000    163.50000      0.00000
     21.00000    163.50000      0.00000
     21.25000    163.50000      0.00000
     21.50000    163.50000      0.00000
     21.75000    163.50000      0.00000
     22.00000    163.50000      0.00000
     22.25000    163.50000      0.00000
     22.50000    163.50000      0.00000
     22.75000    163.50000      0.00000
     23.00000    163.50000      0.00000
     23.25000    163.50000      0.00000
     23.50000    163.50000      0.00000
     23.75000    163.50000      0.00000
     24.00000    163.50000      0.00000
     24.25000    163.50000      0.00000
     20.25000    163.25000      0.00000
     20.50000    163.25000      0.00000
     20.75000    163.25000      0.00000
     21.00000    163.25000      0.00000
     21.25000    163.25000      0.00000
     21.50000    163.25000      0.00000
     21.75000    163.25000      0.00000
     22.00000    163.25000      0.00000
     22.25000    163.25000      0.00000
     22.50000    163.25000      0.00000
     22.75000    163.25000      0.00000
     23.00000    163.25000      0.00000
     23.25000    163.25000      0.00000
     23.50000    163.25000      0.00000
     23.75000    163.25000      0.00000
     24.00000    163.25000      0.00000
     24.25000    163.25000      0.00000
     19.75000    163.00000      0.00000
     20.00000    163.00000      0.00000
     20.25000    163.00000      0.00000
     20.50000    163.00000      0.00000
     20.75000    163.00000      0.00000
     21.00000    163.00000      0.00000
     21.25000    163.00000      0.00000
     21.50000    163.00000      0.00000
     21.75000    163.00000      0.00000
     22.00000    163.00000      0.00000
     22.25000    163.00000      0.00000
     22.50000    163.00000      0.00000
     22.75000    163.00000      0.00000
     23.00000    163.00000      0.00000
     23.25000    163.00000      0.00000
     23.50000    163.00000      0.00000
     23.75000    163.00000      0.00000
     24.00000    163.00000      0.00000
     24.25000    163.00000      0.00000
     19.50000    162.75000      0.00011
     19.75000    162.75000      0.00000
     20.00000    162.75000      0.00000
     20.25000    162.75000      0.00000
     20.50000    162.75000      0.00000
     20.75000    162.75000      0.00000
     21.00000    162.75000      0.00000
     21.25000    162.75000      0.00000
     21.50000    162.75000      0.00000
     21.75000    162.75000      0.00000
     22.00000    162.75000      0.00000
     22.25000    162.75000      0.00000
     22.50000    162.75000      0.00000
     22.75000    162.75000      0.00000
     23.00000    162.75000      0.00000
     23.25000    162.75000      0.00000
     23.50000    162.75000      0.00000
     23.75000    162.75000      0.00000
     24.00000    162.75000      0.00000
     24.25000    162.75000      0.00000
     19.25000    162.50000      0.00099
     19.50000    162.50000      0.00051
     19.75000    162.50000      0.00001
     20.00000    162.50000      0.00000
     20.25000    162.50000      0.00000
     20.50000    162.50000      0.00000
     20.75000    162.50000      0.00000
     21.00000    162.50000      0.00000
     21.25000    162.50000      0.00000
     21.50000    162.50000      0.00000
     21.75000    162.50000      0.00000
     22.00000    162.50000      0.00000
     22.25000    162.50000      0.00000
     22.50000    162.50000      0.00000
     22.75000    162.50000      0.00000
     23.00000    162.50000      0.00000
     23.25000    162.50000      0.00000
     23.50000    162.50000      0.00000
     23.75000    162.50000      0.00000
     24.00000    162.50000      0.00000
     24.25000    162.50000      0.00000
     24.50000    162.50000      0.00000
     19.00000    162.25000      0.00148
     19.25000    162.25000      0.00136
     19.50000    162.25000      0.00107
     19.75000    162.25000      0.00069
     20.00000    162.25000      0.00011
     20.25000    162.25000      0.00000
     20.50000    162.25000      0.00000
     20.75000    162.25000      0.00000
     21.00000    162.25000      0.00000
     21.25000    162.25000      0.00000
     21.50000    162.25000      0.00000
     21.75000    162.25000      0.00000
     22.00000    162.25000      0.00000
     22.25000    162.25000      0.00000
     22.50000    162.25000      0.00000
     22.75000    162.25000      0.00000
     23.00000    162.25000      0.00000
     23.25000    162.25000      0.00000
     23.50000    162.25000      0.00000
     23.75000    162.25000      0.00000
     24.00000    162.25000      0.00000
     24.25000    162.25000      0.00000
     24.50000    162.25000      0.00000
     19.00000    162.00000      0.00193
     19.25000    162.00000      0.00179
     19.50000    162.00000      0.00168
     19.75000    162.00000      0.00145
     20.00000    162.00000      0.00082
     20.25000    162.00000      0.00007
     20.50000    162.00000      0.00000
     20.75000    162.00000      0.00000
     21.00000    162.00000      0.00000
     21.25000    162.00000      0.00000
     21.50000    162.00000      0.00000
     21.75000    162.00000      0.00000
     22.00000    162.00000      0.00000
     22.25000    162.00000      0.00000
     22.50000    162.00000      0.00000
     22.75000    162.00000      0.00000
     23.00000    162.00000      0.00000
     23.25000    162.00000      0.00000
     23.50000    162.00000      0.00000
     23.75000    162.00000      0.00000
     24.00000    162.00000      0.00000
     24.25000    162.00000      0.00000
     24.50000    162.00000      0.00000
     19.00000    161.75000      0.00232
     19.25000    161.75000      0.00210
     19.50000    161.75000      0.00202
     19.75000    161.75000      0.00194
     20.00000    161.75000      0.00130
     20.25000    161.75000      0.00051
     20.50000    161.75000      0.00000
     20.75000    161.75000      0.00000
     21.00000    161.75000      0.00000
     21.25000    161.75000      0.00000
     21.50000    161.75000      0.00000
     21.75000    161.75000      0.00000
     22.00000    161.75000      0.00000
     22.25000    161.75000      0.00000
     22.50000    161.75000      0.00000
     22.75000    161.75000      0.00000
     23.00000    161.75000      0.00000
     23.25000    161.75000      0.00000
     23.50000    161.75000      0.00000
     23.75000    161.75000      0.00000
     24.00000    161.75000      0.00000
     24.25000    161.75000      0.00000
     24.50000    161.75000      0.00000
     19.00000    161.50000      0.00235
     19.25000    161.50000      0.00202
     19.50000    161.50000      0.00204
     19.75000    161.50000      0.00192
     20.00000    161.50000      0.00143
     20.25000    161.50000      0.00077
     20.50000    161.50000      0.00007
     20.75000    161.50000      0.00000
     21.00000    161.50000      0.00000
     21.25000    161.50000      0.00000
     21.50000    161.50000      0.00000
     21.75000    161.50000      0.00000
     22.00000    161.50000      0.00000
     22.25000    161.50000      0.00000
     22.50000    161.50000      0.00000
     22.75000    161.50000      0.00000
     23.00000    161.50000      0.00000
     23.25000    161.50000      0.00000
     23.50000    161.50000      0.00000
     23.75000    161.50000      0.00000
     24.00000    161.50000      0.00026
     24.25000    161.50000      0.00088
     24.50000    161.50000      0.00137
     15.50000    161.25000      0.00000
     15.75000    161.25000      0.00000
     16.00000    161.25000      0.00000
     19.00000    161.25000      0.00239
     19.25000    161.25000      0.00208
     19.50000    161.25000      0.00192
     19.75000    161.25000      0.00190
     20.00000    161.25000      0.00156
     20.25000    161.25000      0.00118
     20.50000    161.25000      0.00057
     20.75000    161.25000      0.00013
     21.00000    161.25000      0.00000
     21.25000    161.25000      0.00000
     21.50000    161.25000      0.00000
     21.75000    161.25000      0.00000
     22.00000    161.25000      0.00000
     22.25000    161.25000      0.00000
     22.50000    161.25000      0.00000
     22.75000    161.25000      0.00000
     23.00000    161.25000      0.00000
     23.25000    161.25000      0.00000
     23.50000    161.25000      0.00042
     23.75000    161.25000      0.00141
     24.00000    161.25000      0.00251
     24.25000    161.25000      0.00313
     24.50000    161.25000      0.00369
     24.75000    161.25000      0.00411
     15.25000    161.00000      0.00000
     15.50000    161.00000      0.00000
     15.75000    161.00000      0.00000
     16.00000    161.00000      0.00000
     16.25000    161.00000      0.00000
     16.50000    161.00000      0.00190
     16.75000    161.00000      0.00480
     17.00000    161.00000      0.00668
     19.00000    161.00000      0.00260
     19.25000    161.00000      0.00223
     19.50000    161.00000      0.00225
     19.75000    161.00000      0.00212
     20.00000    161.00000      0.00182
     20.25000    161.00000      0.00152
     20.50000    161.00000      0.00108
     20.75000    161.00000      0.00080
     21.00000    161.00000      0.00049
     21.25000    161.00000      0.00034
     21.50000    161.00000      0.00032
     21.75000    161.00000      0.00022
     22.00000    161.00000      0.00013
     22.25000    161.00000      0.00009
     22.50000    161.00000      0.00005
     22.75000    161.00000      0.00000
     23.00000    161.00000      0.00006
     23.25000    161.00000      0.00051
     23.50000    161.00000      0.00157
     23.75000    161.00000      0.00299
     24.00000    161.00000      0.00407
     24.25000    161.00000      0.00507
     24.50000    161.00000      0.00547
     24.75000    161.00000      0.00588
     15.00000    160.75000      0.00000
     15.25000    160.75000      0.00000
     15.50000    160.75000      0.00000
     15.75000    160.75000      0.00000
     16.00000    160.75000      0.00000
     16.25000    160.75000      0.00008
     16.50000    160.75000      0.00165
     16.75000    160.75000      0.00435
     17.00000    160.75000      0.00607
     19.00000    160.75000      0.00301
     19.25000    160.75000      0.00277
     19.50000    160.75000      0.00260
     19.75000    160.75000      0.00229
     20.00000    160.75000      0.00210
     20.25000    160.75000      0.00190
     20.50000    160.75000      0.00155
     20.75000    160.75000      0.00135
     21.00000    160.75000      0.00108
     21.25000    160.75000      0.00088
     21.50000    160.75000      0.00073
     21.75000    160.75000      0.00070
     22.00000    160.75000      0.00053
     22.25000    160.75000      0.00043
     22.50000    160.75000      0.00031
     22.75000    160.75000      0.00028
     23.00000    160.75000      0.00043
     23.25000    160.75000      0.00120
     23.50000    160.75000      0.00258
     23.75000    160.75000      0.00440
     24.00000    160.75000      0.00569
     24.25000    160.75000      0.00655
     24.50000    160.75000      0.00665
     24.75000    160.75000      0.00676
     15.00000    160.50000      0.00000
     15.25000    160.50000      0.00000
     15.50000    160.50000      0.00000
     15.75000    160.50000      0.00000
     16.00000    160.50000      0.00000
     16.25000    160.50000      0.00010
     16.50000    160.50000      0.00149
     16.75000    160.50000      0.00361
     17.00000    160.50000      0.00502
     19.00000    160.50000      0.00376
     19.25000    160.50000      0.00341
     19.50000    160.50000      0.00313
     19.75000    160.50000      0.00270
     20.00000    160.50000      0.00238
     20.25000    160.50000      0.00218
     20.50000    160.50000      0.00180
     20.75000    160.50000      0.00143
     21.00000    160.50000      0.00127
     21.25000    160.50000      0.00105
     21.50000    160.50000      0.00089
     21.75000    160.50000      0.00086
     22.00000    160.50000      0.00076
     22.25000    160.50000      0.00060
     22.50000    160.50000      0.00040
     22.75000    160.50000      0.00031
     23.00000    160.50000      0.00062
     23.25000    160.50000      0.00152
     23.50000    160.50000      0.00338
     23.75000    160.50000      0.00586
     24.00000    160.50000      0.00747
     24.25000    160.50000      0.00800
     24.50000    160.50000      0.00762
     24.75000    160.50000      0.00741
     15.00000    160.25000      0.00000
     15.25000    160.25000      0.00000
     15.50000    160.25000      0.00000
     15.75000    160.25000      0.00000
     16.00000    160.25000      0.00000
     16.25000    160.25000      0.00013
     16.50000    160.25000      0.00134
     16.75000    160.25000      0.00289
     17.00000    160.25000      0.00399
     19.00000    160.25000      0.00403
     19.25000    160.25000      0.00406
     19.50000    160.25000      0.00367
     19.75000    160.25000      0.00312
     20.00000    160.25000      0.00282
     20.25000    160.25000      0.00245
     20.50000    160.25000      0.00204
     20.75000    160.25000      0.00164
     21.00000    160.25000      0.00133
     21.25000    160.25000      0.00110
     21.50000    160.25000      0.00106
     21.75000    160.25000      0.00102
     22.00000    160.25000      0.00089
     22.25000    160.25000      0.00068
     22.50000    160.25000      0.00050
     22.75000    160.25000      0.00034
     23.00000    160.25000      0.00070
     23.25000    160.25000      0.00186
     23.50000    160.25000      0.00436
     23.75000    160.25000      0.00750
     24.00000    160.25000      0.00941
     24.25000    160.25000      0.00994
     24.50000    160.25000      0.00876
     24.75000    160.25000      0.00789
     25.00000    160.25000      0.00736
     15.00000    160.00000      0.00000
     15.25000    160.00000      0.00000
     15.50000    160.00000      0.00000
     15.75000    160.00000      0.00000
     16.00000    160.00000      0.00000
     16.25000    160.00000      0.00017
     16.50000    160.00000      0.00111
     16.75000    160.00000      0.00225
     17.00000    160.00000      0.00319
     17.25000    160.00000      0.00401
     17.50000    160.00000      0.00451
     17.75000    160.00000      0.00433
     18.00000    160.00000      0.00419
     18.25000    160.00000      0.00396
     18.50000    160.00000      0.00394
     18.75000    160.00000      0.00392
     19.00000    160.00000      0.00397
     19.25000    160.00000      0.00409
     19.50000    160.00000      0.00399
     19.75000    160.00000      0.00365
     20.00000    160.00000      0.00323
     20.25000    160.00000      0.00273
     20.50000    160.00000      0.00229
     20.75000    160.00000      0.00188
     21.00000    160.00000      0.00154
     21.25000    160.00000      0.00142
     21.50000    160.00000      0.00123
     21.75000    160.00000      0.00117
     22.00000    160.00000      0.00101
     22.25000    160.00000      0.00087
     22.50000    160.00000      0.00064
     22.75000    160.00000      0.00043
     23.00000    160.00000      0.00077
     23.25000    160.00000      0.00218
     23.50000    160.00000      0.00531
     23.75000    160.00000      0.00905
     24.00000    160.00000      0.01109
     24.25000    160.00000      0.01144
     24.50000    160.00000      0.00930
     24.75000    160.00000      0.00811
     25.00000    160.00000      0.00742
     25.25000    160.00000      0.00721
     15.00000    159.75000      0.00000
     15.25000    159.75000      0.00000
     15.50000    159.75000      0.00000
     15.75000    159.75000      0.00000
     16.00000    159.75000      0.00000
     16.25000    159.75000      0.00024
     16.50000    159.75000      0.00082
     16.75000    159.75000      0.00155
     17.00000    159.75000      0.00234
     17.25000    159.75000      0.00326
     17.50000    159.75000      0.00377
     17.75000    159.75000      0.00379
     18.00000    159.75000      0.00385
     18.25000    159.75000      0.00380
     18.50000    159.75000      0.00380
     18.75000    159.75000      0.00365
     19.00000    159.75000      0.00384
     19.25000    159.75000      0.00390
     19.50000    159.75000      0.00416
     19.75000    159.75000      0.00399
     20.00000    159.75000      0.00362
     20.25000    159.75000      0.00329
     20.50000    159.75000      0.00271
     20.75000    159.75000      0.00228
     21.00000    159.75000      0.00192
     21.25000    159.75000      0.00162
     21.50000    159.75000      0.00152
     21.75000    159.75000      0.00142
     22.00000    159.75000      0.00123
     22.25000    159.75000      0.00094
     22.50000    159.75000      0.00070
     22.75000    159.75000      0.00048
     23.00000    159.75000      0.00093
     23.25000    159.75000      0.00248
     23.50000    159.75000      0.00588
     23.75000    159.75000      0.01020
     24.00000    159.75000      0.01250
     15.00000    159.50000      0.00000
     15.25000    159.50000      0.00000
     15.50000    159.50000      0.00000
     15.75000    159.50000      0.00000
     16.00000    159.50000      0.00008
     16.25000    159.50000      0.00035
     16.50000    159.50000      0.00048
     16.75000    159.50000      0.00074
     17.00000    159.50000      0.00119
     17.25000    159.50000      0.00175
     17.50000    159.50000      0.00225
     17.75000    159.50000      0.00276
     18.00000    159.50000      0.00303
     18.25000    159.50000      0.00319
     18.50000    159.50000      0.00324
     18.75000    159.50000      0.00329
     19.00000    159.50000      0.00348
     19.25000    159.50000      0.00365
     19.50000    159.50000      0.00395
     19.75000    159.50000      0.00426
     20.00000    159.50000      0.00416
     20.25000    159.50000      0.00387
     20.50000    159.50000      0.00328
     20.75000    159.50000      0.00270
     21.00000    159.50000      0.00232
     21.25000    159.50000      0.00198
     21.50000    159.50000      0.00182
     21.75000    159.50000      0.00166
     22.00000    159.50000      0.00143
     22.25000    159.50000      0.00114
     22.50000    159.50000      0.00080
     22.75000    159.50000      0.00049
     23.00000    159.50000      0.00094
     23.25000    159.50000      0.00275
     23.50000    159.50000      0.00639
     23.75000    159.50000      0.01077
     24.00000    159.50000      0.01237
     15.00000    159.25000      0.00000
     15.25000    159.25000      0.00000
     15.50000    159.25000      0.00000
     15.75000    159.25000      0.00000
     16.00000    159.25000      0.00027
     16.25000    159.25000      0.00037
     16.50000    159.25000      0.00021
     16.75000    159.25000      0.00009
     17.00000    159.25000      0.00001
     17.25000    159.25000      0.00022
     17.50000    159.25000      0.00090
     17.75000    159.25000      0.00178
     18.00000    159.25000      0.00237
     18.25000    159.25000      0.00273
     18.50000    159.25000      0.00284
     18.75000    159.25000      0.00294
     19.00000    159.25000      0.00312
     19.25000    159.25000      0.00324
     19.50000    159.25000      0.00359
     19.75000    159.25000      0.00395
     20.00000    159.25000      0.00418
     20.25000    159.25000      0.00397
     20.50000    159.25000      0.00361
     20.75000    159.25000      0.00327
     21.00000    159.25000      0.00273
     21.25000    159.25000      0.00235
     21.50000    159.25000      0.00212
     21.75000    159.25000      0.00189
     22.00000    159.25000      0.00150
     22.25000    159.25000      0.00121
     22.50000    159.25000      0.00078
     22.75000    159.25000      0.00041
     23.00000    159.25000      0.00096
     23.25000    159.25000      0.00286
     23.50000    159.25000      0.00690
     23.75000    159.25000      0.01151
     24.00000    159.25000      0.01176
     15.00000    159.00000      0.00000
     15.25000    159.00000      0.00000
     15.50000    159.00000      0.00000
     15.75000    159.00000      0.00006
     16.00000    159.00000      0.00036
     16.25000    159.00000      0.00039
     16.50000    159.00000      0.00006
     16.75000    159.00000      0.00000
     17.00000    159.00000      0.00000
     17.25000    159.00000      0.00000
     17.50000    159.00000      0.00020
     17.75000    159.00000      0.00114
     18.00000    159.00000      0.00186
     18.25000    159.00000      0.00223
     18.50000    159.00000      0.00234
     18.75000    159.00000      0.00261
     19.00000    159.00000      0.00277
     19.25000    159.00000      0.00298
     19.50000    159.00000      0.00325
     19.75000    159.00000      0.00367
     20.00000    159.00000      0.00368
     20.25000    159.00000      0.00358
     20.50000    159.00000      0.00323
     20.75000    159.00000      0.00273
     21.00000    159.00000      0.00225
     21.25000    159.00000      0.00207
     21.50000    159.00000      0.00203
     21.75000    159.00000      0.00176
     22.00000    159.00000      0.00137
     22.25000    159.00000      0.00098
     22.50000    159.00000      0.00051
     22.75000    159.00000      0.00009
     23.00000    159.00000      0.00048
     23.25000    159.00000      0.00259
     23.50000    159.00000      0.00695
     23.75000    159.00000      0.01205
     24.00000    159.00000      0.01110
     15.00000    158.75000      0.00000
     15.25000    158.75000      0.00000
     15.50000    158.75000      0.00000
     15.75000    158.75000      0.00002
     16.00000    158.75000      0.00031
     16.25000    158.75000      0.00033
     16.50000    158.75000      0.00000
     16.75000    158.75000      0.00000
     17.00000    158.75000      0.00000
     17.25000    158.75000      0.00000
     17.50000    158.75000      0.00000
     17.75000    158.75000      0.00068
     18.00000    158.75000      0.00147
     18.25000    158.75000      0.00196
     18.50000    158.75000      0.00206
     18.75000    158.75000      0.00230
     19.00000    158.75000      0.00242
     19.25000    158.75000      0.00272
     19.50000    158.75000      0.00291
     19.75000    158.75000      0.00310
     20.00000    158.75000      0.00321
     20.25000    158.75000      0.00294
     20.50000    158.75000      0.00244
     20.75000    158.75000      0.00196
     21.00000    158.75000      0.00151
     21.25000    158.75000      0.00121
     21.50000    158.75000      0.00106
     21.75000    158.75000      0.00091
     22.00000    158.75000      0.00077
     22.25000    158.75000      0.00045
     22.50000    158.75000      0.00011
     22.75000    158.75000      0.00000
     23.00000    158.75000      0.00002
     23.25000    158.75000      0.00167
     23.50000    158.75000      0.00653
     23.75000    158.75000      0.01209
     24.00000    158.75000      0.01055
     15.00000    158.50000      0.00000
     15.25000    158.50000      0.00000
     15.50000    158.50000      0.00000
     15.75000    158.50000      0.00000
     16.00000    158.50000      0.00020
     16.25000    158.50000      0.00020
     16.50000    158.50000      0.00000
     16.75000    158.50000      0.00000
     17.00000    158.50000      0.00000
     17.25000    158.50000      0.00000
     17.50000    158.50000      0.00000
     17.75000    158.50000      0.00047
     18.00000    158.50000      0.00119
     18.25000    158.50000      0.00164
     18.50000    158.50000      0.00182
     18.75000    158.50000      0.00201
     19.00000    158.50000      0.00222
     19.25000    158.50000      0.00232
     19.50000    158.50000      0.00244
     19.75000    158.50000      0.00256
     20.00000    158.50000      0.00248
     20.25000    158.50000      0.00220
     20.50000    158.50000      0.00159
     20.75000    158.50000      0.00104
     21.00000    158.50000      0.00065
     21.25000    158.50000      0.00041
     21.50000    158.50000      0.00028
     21.75000    158.50000      0.00017
     22.00000    158.50000      0.00004
     22.25000    158.50000      0.00000
     22.50000    158.50000      0.00000
     22.75000    158.50000      0.00000
     23.00000    158.50000      0.00000
     23.25000    158.50000      0.00089
     23.50000    158.50000      0.00596
     23.75000    158.50000      0.01195
     24.00000    158.50000      0.01027
     15.00000    158.25000      0.00000
     15.25000    158.25000      0.00000
     15.50000    158.25000      0.00000
     15.75000    158.25000      0.00000
     16.00000    158.25000      0.00004
     16.25000    158.25000      0.00001
     16.50000    158.25000      0.00000
     16.75000    158.25000      0.00000
     17.00000    158.25000      0.00000
     17.25000    158.25000      0.00000
     17.50000    158.25000      0.00000
     17.75000    158.25000      0.00029
     18.00000    158.25000      0.00093
     18.25000    158.25000      0.00133
     18.50000    158.25000      0.00159
     18.75000    158.25000      0.00187
     19.00000    158.25000      0.00203
     19.25000    158.25000      0.00207
     19.50000    158.25000      0.00212
     19.75000    158.25000      0.00204
     20.00000    158.25000      0.00192
     20.25000    158.25000      0.00150
     20.50000    158.25000      0.00095
     20.75000    158.25000      0.00039
     21.00000    158.25000      0.00012
     21.25000    158.25000      0.00001
     21.50000    158.25000      0.00000
     21.75000    158.25000      0.00000
     22.00000    158.25000      0.00000
     22.25000    158.25000      0.00000
     22.50000    158.25000      0.00000
     22.75000    158.25000      0.00000
     23.00000    158.25000      0.00000
     23.25000    158.25000      0.00006
     23.50000    158.25000      0.00540
     23.75000    158.25000      0.01180
     24.00000    158.25000      0.00998
     15.00000    158.00000      0.00000
     15.25000    158.00000      0.00000
     15.50000    158.00000      0.00000
     15.75000    158.00000      0.00000
     16.00000    158.00000      0.00000
     16.25000    158.00000      0.00000
     16.50000    158.00000      0.00000
     16.75000    158.00000      0.00000
     17.00000    158.00000      0.00000
     17.25000    158.00000      0.00000
     17.50000    158.00000      0.00000
     17.75000    158.00000      0.00009
     18.00000    158.00000      0.00051
     18.25000    158.00000      0.00095
     18.50000    158.00000      0.00117
     18.75000    158.00000      0.00139
     19.00000    158.00000      0.00165
     19.25000    158.00000      0.00167
     19.50000    158.00000      0.00172
     19.75000    158.00000      0.00163
     20.00000    158.00000      0.00137
     20.25000    158.00000      0.00097
     20.50000    158.00000      0.00049
     20.75000    158.00000      0.00007
     21.00000    158.00000      0.00000
     21.25000    158.00000      0.00000
     21.50000    158.00000      0.00000
     21.75000    158.00000      0.00000
     22.00000    158.00000      0.00000
     22.25000    158.00000      0.00000
     22.50000    158.00000      0.00000
     22.75000    158.00000      0.00000
     23.00000    158.00000      0.00000
     23.25000    158.00000      0.00000
     23.50000    158.00000      0.00481
     23.75000    158.00000      0.01103
     24.00000    158.00000      0.01140
     15.00000    157.75000      0.00000
     15.25000    157.75000      0.00000
     15.50000    157.75000      0.00000
     15.75000    157.75000      0.00003
     16.00000    157.75000      0.00015
     16.25000    157.75000      0.00006
     16.50000    157.75000      0.00000
     16.75000    157.75000      0.00000
     17.00000    157.75000      0.00000
     17.25000    157.75000      0.00000
     17.50000    157.75000      0.00000
     17.75000    157.75000      0.00000
     18.00000    157.75000      0.00013
     18.25000    157.75000      0.00045
     18.50000    157.75000      0.00071
     18.75000    157.75000      0.00101
     19.00000    157.75000      0.00112
     19.25000    157.75000      0.00129
     19.50000    157.75000      0.00124
     19.75000    157.75000      0.00132
     20.00000    157.75000      0.00109
     20.25000    157.75000      0.00071
     20.50000    157.75000      0.00026
     20.75000    157.75000      0.00000
     21.00000    157.75000      0.00000
     21.25000    157.75000      0.00000
     21.50000    157.75000      0.00000
     21.75000    157.75000      0.00000
     22.00000    157.75000      0.00000
     22.25000    157.75000      0.00000
     22.50000    157.75000      0.00000
     22.75000    157.75000      0.00000
     23.00000    157.75000      0.00000
     23.25000    157.75000      0.00000
     23.50000    157.75000      0.00326
     23.75000    157.75000      0.00977
     24.00000    157.75000      0.01258
     15.00000    157.50000      0.00000
     15.25000    157.50000      0.00000
     15.50000    157.50000      0.00018
     15.75000    157.50000      0.00069
     16.00000    157.50000      0.00075
     16.25000    157.50000      0.00039
     16.50000    157.50000      0.00000
     16.75000    157.50000      0.00000
     17.00000    157.50000      0.00000
     17.25000    157.50000      0.00000
     17.50000    157.50000      0.00000
     17.75000    157.50000      0.00000
     18.00000    157.50000      0.00000
     18.25000    157.50000      0.00001
     18.50000    157.50000      0.00020
     18.75000    157.50000      0.00041
     19.00000    157.50000      0.00061
     19.25000    157.50000      0.00080
     19.50000    157.50000      0.00095
     19.75000    157.50000      0.00099
     20.00000    157.50000      0.00081
     20.25000    157.50000      0.00056
     20.50000    157.50000      0.00013
     20.75000    157.50000      0.00000
     21.00000    157.50000      0.00000
     21.25000    157.50000      0.00000
     21.50000    157.50000      0.00000
     21.75000    157.50000      0.00000
     22.00000    157.50000      0.00000
     22.25000    157.50000      0.00000
     22.50000    157.50000      0.00000
     22.75000    157.50000      0.00000
     23.00000    157.50000      0.00000
     23.25000    157.50000      0.00000
     23.50000    157.50000      0.00164
     23.75000    157.50000      0.00643
     24.00000    157.50000      0.00913
     15.00000    157.25000      0.00053
     15.25000    157.25000      0.00066
     15.50000    157.25000      0.00116
     15.75000    157.25000      0.00159
     16.00000    157.25000      0.00158
     16.25000    157.25000      0.00088
     16.50000    157.25000      0.00008
     16.75000    157.25000      0.00000
     17.00000    157.25000      0.00000
     17.25000    157.25000      0.00000
     17.50000    157.25000      0.00000
     17.75000    157.25000      0.00000
     18.00000    157.25000      0.00000
     18.25000    157.25000      0.00000
     18.50000    157.25000      0.00000
     18.75000    157.25000      0.00007
     19.00000    157.25000      0.00021
     19.25000    157.25000      0.00039
     19.50000    157.25000      0.00058
     19.75000    157.25000      0.00069
     20.00000    157.25000      0.00066
     20.25000    157.25000      0.00033
     20.50000    157.25000      0.00003
     20.75000    157.25000      0.00000
     21.00000    157.25000      0.00000
     21.25000    157.25000      0.00000
     21.50000    157.25000      0.00000
     21.75000    157.25000      0.00000
     22.00000    157.25000      0.00000
     22.25000    157.25000      0.00000
     22.50000    157.25000      0.00000
     22.75000    157.25000      0.00000
     23.00000    157.25000      0.00000
     23.25000    157.25000      0.00000
     23.50000    157.25000      0.00043
     23.75000    157.25000      0.00334
     24.00000    157.25000      0.00524
     13.25000    157.00000      0.00064
     13.50000    157.00000      0.00058
     13.75000    157.00000      0.00108
     14.00000    157.00000      0.00149
     14.25000    157.00000      0.00181
     14.50000    157.00000      0.00178
     14.75000    157.00000      0.00136
     15.00000    157.00000      0.00146
     15.25000    157.00000      0.00155
     15.50000    157.00000      0.00192
     15.75000    157.00000      0.00230
     16.00000    157.00000      0.00203
     16.25000    157.00000      0.00141
     16.50000    157.00000      0.00021
     16.75000    157.00000      0.00000
     17.00000    157.00000      0.00000
     17.25000    157.00000      0.00000
     17.50000    157.00000      0.00000
     17.75000    157.00000      0.00000
     18.00000    157.00000      0.00000
     18.25000    157.00000      0.00000
     18.50000    157.00000      0.00000
     18.75000    157.00000      0.00000
     19.00000    157.00000      0.00000
     19.25000    157.00000      0.00008
     19.50000    157.00000      0.00021
     19.75000    157.00000      0.00039
     20.00000    157.00000      0.00029
     20.25000    157.00000      0.00012
     20.50000    157.00000      0.00000
     20.75000    157.00000      0.00000
     21.00000    157.00000      0.00000
     21.25000    157.00000      0.00000
     21.50000    157.00000      0.00000
     21.75000    157.00000      0.00000
     22.00000    157.00000      0.00000
     22.25000    157.00000      0.00000
     22.50000    157.00000      0.00000
     22.75000    157.00000      0.00000
     23.00000    157.00000      0.00000
     23.25000    157.00000      0.00000
     23.50000    157.00000      0.00013
     23.75000    157.00000      0.00198
     24.00000    157.00000      0.00343
     13.25000    156.75000      0.00063
     13.50000    156.75000      0.00048
     13.75000    156.75000      0.00034
     14.00000    156.75000      0.00041
     14.25000    156.75000      0.00072
     14.50000    156.75000      0.00110
     14.75000    156.75000      0.00165
     15.00000    156.75000      0.00194
     15.25000    156.75000      0.00221
     15.50000    156.75000      0.00246
     15.75000    156.75000      0.00272
     16.00000    156.75000      0.00244
     16.25000    156.75000      0.00166
     16.50000    156.75000      0.00046
     16.75000    156.75000      0.00000
     17.00000    156.75000      0.00000
     17.25000    156.75000      0.00000
     17.50000    156.75000      0.00000
     17.75000    156.75000      0.00000
     18.00000    156.75000      0.00000
     18.25000    156.75000      0.00000
     18.50000    156.75000      0.00000
     18.75000    156.75000      0.00000
     19.00000    156.75000      0.00000
     19.25000    156.75000      0.00000
     19.50000    156.75000      0.00000
     19.75000    156.75000      0.00003
     20.00000    156.75000      0.00001
     20.25000    156.75000      0.00000
     20.50000    156.75000      0.00000
     20.75000    156.75000      0.00000
     21.00000    156.75000      0.00000
     21.25000    156.75000      0.00000
     21.50000    156.75000      0.00000
     21.75000    156.75000      0.00000
     22.00000    156.75000      0.00000
     22.25000    156.75000      0.00000
     22.50000    156.75000      0.00000
     22.75000    156.75000      0.00000
     23.00000    156.75000      0.00000
     13.25000    156.50000      0.00051
     13.50000    156.50000      0.00022
     13.75000    156.50000      0.00003
     14.00000    156.50000      0.00007
     14.25000    156.50000      0.00038
     14.50000    156.50000      0.00108
     14.75000    156.50000      0.00166
     15.00000    156.50000      0.00210
     15.25000    156.50000      0.00236
     15.50000    156.50000      0.00258
     15.75000    156.50000      0.00265
     16.00000    156.50000      0.00236
     16.25000    156.50000      0.00172
     16.50000    156.50000      0.00062
     16.75000    156.50000      0.00000
     17.00000    156.50000      0.00000
     17.25000    156.50000      0.00000
     17.50000    156.50000      0.00000
     17.75000    156.50000      0.00000
     18.00000    156.50000      0.00000
     18.25000    156.50000      0.00000
     18.50000    156.50000      0.00000
     18.75000    156.50000      0.00000
     19.00000    156.50000      0.00000
     19.25000    156.50000      0.00000
     19.50000    156.50000      0.00000
     19.75000    156.50000      0.00000
     20.00000    156.50000      0.00000
     20.25000    156.50000      0.00000
     20.50000    156.50000      0.00000
     20.75000    156.50000      0.00000
     21.00000    156.50000      0.00000
     21.25000    156.50000      0.00000
     21.50000    156.50000      0.00000
     21.75000    156.50000      0.00000
     22.00000    156.50000      0.00000
     22.25000    156.50000      0.00000
     22.50000    156.50000      0.00000
     22.75000    156.50000      0.00000
     23.00000    156.50000      0.00000
     13.25000    156.25000      0.00050
     13.50000    156.25000      0.00009
     13.75000    156.25000      0.00000
     14.00000    156.25000      0.00000
     14.25000    156.25000      0.00012
     14.50000    156.25000      0.00094
     14.75000    156.25000      0.00181
     15.00000    156.25000      0.00221
     15.25000    156.25000      0.00225
     15.50000    156.25000      0.00235
     15.75000    156.25000      0.00232
     16.00000    156.25000      0.00205
     16.25000    156.25000      0.00156
     16.50000    156.25000      0.00079
     16.75000    156.25000      0.00005
     17.00000    156.25000      0.00000
     17.25000    156.25000      0.00000
     17.50000    156.25000      0.00000
     17.75000    156.25000      0.00000
     18.00000    156.25000      0.00000
     18.25000    156.25000      0.00000
     18.50000    156.25000      0.00000
     18.75000    156.25000      0.00000
     19.00000    156.25000      0.00000
     19.25000    156.25000      0.00000
     19.50000    156.25000      0.00000
     19.75000    156.25000      0.00000
     20.00000    156.25000      0.00000
     20.25000    156.25000      0.00000
     20.50000    156.25000      0.00000
     20.75000    156.25000      0.00000
     21.00000    156.25000      0.00000
     21.25000    156.25000      0.00000
     21.50000    156.25000      0.00000
     21.75000    156.25000      0.00000
     22.00000    156.25000      0.00000
     22.25000    156.25000      0.00000
     22.50000    156.25000      0.00000
     22.75000    156.25000      0.00000
     23.00000    156.25000      0.00000
     13.25000    156.00000      0.00021
     13.50000    156.00000      0.00000
     13.75000    156.00000      0.00000
     14.00000    156.00000      0.00000
     14.25000    156.00000      0.00010
     14.50000    156.00000      0.00080
     14.75000    156.00000      0.00167
     15.00000    156.00000      0.00192
     15.25000    156.00000      0.00196
     15.50000    156.00000      0.00196
     15.75000    156.00000      0.00210
     16.00000    156.00000      0.00199
     16.25000    156.00000      0.00151
     16.50000    156.00000      0.00075
     16.75000    156.00000      0.00013
     17.00000    156.00000      0.00000
     17.25000    156.00000      0.00000
     17.50000    156.00000      0.00000
     17.75000    156.00000      0.00000
     18.00000    156.00000      0.00000
     18.25000    156.00000      0.00000
     18.50000    156.00000      0.00000
     18.75000    156.00000      0.00000
     19.00000    156.00000      0.00000
     19.25000    156.00000      0.00000
     19.50000    156.00000      0.00000
     19.75000    156.00000      0.00000
     20.00000    156.00000      0.00000
     20.25000    156.00000      0.00000
     20.50000    156.00000      0.00000
     20.75000    156.00000      0.00000
     21.00000    156.00000      0.00000
     21.25000    156.00000      0.00000
     21.50000    156.00000      0.00000
     21.75000    156.00000      0.00000
     22.00000    156.00000      0.00000
     22.25000    156.00000      0.00000
     22.50000    156.00000      0.00000
     22.75000    156.00000      0.00000
     23.00000    156.00000      0.00000
     13.00000    155.75000      0.00002
     13.25000    155.75000      0.00000
     13.50000    155.75000      0.00000
     13.75000    155.75000      0.00000
     14.00000    155.75000      0.00000
     16.00000    155.75000      0.00222
     16.25000    155.75000      0.00189
     16.50000    155.75000      0.00086
     16.75000    155.75000      0.00003
     17.00000    155.75000      0.00000
     17.25000    155.75000      0.00000
     17.50000    155.75000      0.00000
     17.75000    155.75000      0.00000
     18.00000    155.75000      0.00000
     18.25000    155.75000      0.00000
     18.50000    155.75000      0.00000
     18.75000    155.75000      0.00000
     19.00000    155.75000      0.00000
     19.25000    155.75000      0.00000
     19.50000    155.75000      0.00000
     19.75000    155.75000      0.00000
     20.00000    155.75000      0.00000
     20.25000    155.75000      0.00000
     20.50000    155.75000      0.00000
     20.75000    155.75000      0.00000
     21.00000    155.75000      0.00000
     21.25000    155.75000      0.00000
     21.50000    155.75000      0.00000
     21.75000    155.75000      0.00000
     22.00000    155.75000      0.00000
     22.25000    155.75000      0.00000
     22.50000    155.75000      0.00000
     22.75000    155.75000      0.00000
     23.00000    155.75000      0.00000
     13.00000    155.50000      0.00000
     13.25000    155.50000      0.00000
     13.50000    155.50000      0.00000
     13.75000    155.50000      0.00000
     14.00000    155.50000      0.00000
     16.00000    155.50000      0.00289
     16.25000    155.50000      0.00203
     16.50000    155.50000      0.00073
     16.75000    155.50000      0.00000
     17.00000    155.50000      0.00000
     17.25000    155.50000      0.00000
     17.50000    155.50000      0.00000
     17.75000    155.50000      0.00000
     18.00000    155.50000      0.00000
     18.25000    155.50000      0.00000
     18.50000    155.50000      0.00000
     18.75000    155.50000      0.00000
     19.00000    155.50000      0.00000
     19.25000    155.50000      0.00000
     19.50000    155.50000      0.00000
     19.75000    155.50000      0.00000
     20.00000    155.50000      0.00000
     20.25000    155.50000      0.00000
     20.50000    155.50000      0.00000
     20.75000    155.50000      0.00000
     21.00000    155.50000      0.00000
     21.25000    155.50000      0.00000
     21.50000    155.50000      0.00000
     21.75000    155.50000      0.00000
     22.00000    155.50000      0.00000
     22.25000    155.50000      0.00000
     22.50000    155.50000      0.00000
     22.75000    155.50000      0.00008
     23.00000    155.50000      0.00017
     13.00000    155.25000      0.00000
     13.25000    155.25000      0.00000
     13.50000    155.25000      0.00000
     13.75000    155.25000      0.00000
     14.00000    155.25000      0.00000
     16.00000    155.25000      0.00324
     16.25000    155.25000      0.00219
     16.50000    155.25000      0.00061
     16.75000    155.25000      0.00000
     17.00000    155.25000      0.00000
     17.25000    155.25000      0.00000
     17.50000    155.25000      0.00000
     17.75000    155.25000      0.00000
     18.00000    155.25000      0.00000
     18.25000    155.25000      0.00000
     18.50000    155.25000      0.00000
     18.75000    155.25000      0.00000
     19.00000    155.25000      0.00000
     19.25000    155.25000      0.00000
     19.50000    155.25000      0.00000
     19.75000    155.25000      0.00000
     20.00000    155.25000      0.00000
     20.25000    155.25000      0.00000
     20.50000    155.25000      0.00000
     20.75000    155.25000      0.00000
     21.00000    155.25000      0.00000
     21.25000    155.25000      0.00000
     21.50000    155.25000      0.00000
     21.75000    155.25000      0.00000
     22.00000    155.25000      0.00000
     22.25000    155.25000      0.00000
     22.50000    155.25000      0.00000
     22.75000    155.25000      0.00029
     23.00000    155.25000      0.00070
     13.00000    155.00000      0.00000
     13.25000    155.00000      0.00000
     13.50000    155.00000      0.00000
     13.75000    155.00000      0.00000
     14.00000    155.00000      0.00000
     16.00000    155.00000      0.00332
     16.25000    155.00000      0.00228
     16.50000    155.00000      0.00068
     16.75000    155.00000      0.00000
     17.00000    155.00000      0.00000
     17.25000    155.00000      0.00000
     17.50000    155.00000      0.00000
     17.75000    155.00000      0.00000
     18.00000    155.00000      0.00000
     18.25000    155.00000      0.00000
     18.50000    155.00000      0.00000
     18.75000    155.00000      0.00000
     19.00000    155.00000      0.00000
     19.25000    155.00000      0.00000
     19.50000    155.00000      0.00000
     19.75000    155.00000      0.00000
     20.00000    155.00000      0.00000
     20.25000    155.00000      0.00000
     20.50000    155.00000      0.00000
     20.75000    155.00000      0.00000
     21.00000    155.00000      0.00000
     21.25000    155.00000      0.00000
     21.50000    155.00000      0.00000
     21.75000    155.00000      0.00000
     22.00000    155.00000      0.00000
     22.25000    155.00000      0.00000
     22.50000    155.00000      0.00000
     22.75000    155.00000      0.00004
     23.00000    155.00000      0.00030
     23.25000    155.00000      0.00048
     23.50000    155.00000      0.00031
     23.75000    155.00000      0.00000
     14.00000    154.75000      0.00000
     16.00000    154.75000      0.00298
     16.25000    154.75000      0.00215
     16.50000    154.75000      0.00073
     16.75000    154.75000      0.00000
     17.00000    154.75000      0.00000
     17.25000    154.75000      0.00000
     17.50000    154.75000      0.00000
     17.75000    154.75000      0.00000
     18.00000    154.75000      0.00000
     18.25000    154.75000      0.00000
     18.50000    154.75000      0.00000
     18.75000    154.75000      0.00002
     19.00000    154.75000      0.00000
     19.25000    154.75000      0.00000
     19.50000    154.75000      0.00000
     19.75000    154.75000      0.00000
     20.00000    154.75000      0.00000
     20.25000    154.75000      0.00000
     20.50000    154.75000      0.00000
     20.75000    154.75000      0.00000
     21.00000    154.75000      0.00000
     21.25000    154.75000      0.00000
     21.50000    154.75000      0.00000
     21.75000    154.75000      0.00000
     22.00000    154.75000      0.00000
     14.00000    154.50000      0.00000
     16.00000    154.50000      0.00252
     16.25000    154.50000      0.00195
     16.50000    154.50000      0.00111
     16.75000    154.50000      0.00025
     17.00000    154.50000      0.00004
     17.25000    154.50000      0.00000
     17.50000    154.50000      0.00001
     17.75000    154.50000      0.00002
     18.00000    154.50000      0.00009
     18.25000    154.50000      0.00017
     18.50000    154.50000      0.00025
     18.75000    154.50000      0.00035
     19.00000    154.50000      0.00001
     19.25000    154.50000      0.00000
     19.50000    154.50000      0.00000
     19.75000    154.50000      0.00000
     20.00000    154.50000      0.00000
     20.25000    154.50000      0.00000
     20.50000    154.50000      0.00000
     20.75000    154.50000      0.00000
     21.00000    154.50000      0.00000
     21.25000    154.50000      0.00000
     21.50000    154.50000      0.00000
     21.75000    154.50000      0.00000
     22.00000    154.50000      0.00000
     14.00000    154.25000      0.00000
     16.00000    154.25000      0.00128
     16.25000    154.25000      0.00107
     16.50000    154.25000      0.00069
     16.75000    154.25000      0.00028
     17.00000    154.25000      0.00010
     17.25000    154.25000      0.00011
     17.50000    154.25000      0.00024
     17.75000    154.25000      0.00040
     18.00000    154.25000      0.00051
     18.25000    154.25000      0.00066
     18.50000    154.25000      0.00085
     18.75000    154.25000      0.00089
     19.00000    154.25000      0.00027
     19.25000    154.25000      0.00000
     19.50000    154.25000      0.00000
     19.75000    154.25000      0.00000
     20.00000    154.25000      0.00000
     20.25000    154.25000      0.00000
     20.50000    154.25000      0.00000
     20.75000    154.25000      0.00000
     21.00000    154.25000      0.00000
     21.25000    154.25000      0.00000
     21.50000    154.25000      0.00000
     21.75000    154.25000      0.00000
     22.00000    154.25000      0.00000
     14.00000    154.00000      0.00000
     14.25000    154.00000      0.00000
     14.50000    154.00000      0.00000
     14.75000    154.00000      0.00022
     15.00000    154.00000      0.00071
     15.25000    154.00000      0.00098
     15.50000    154.00000      0.00112
     15.75000    154.00000      0.00104
     16.00000    154.00000      0.00088
     16.25000    154.00000      0.00074
     16.50000    154.00000      0.00054
     16.75000    154.00000      0.00027
     17.00000    154.00000      0.00022
     17.25000    154.00000      0.00026
     17.50000    154.00000      0.00051
     17.75000    154.00000      0.00081
     18.00000    154.00000      0.00100
     18.25000    154.00000      0.00120
     18.50000    154.00000      0.00125
     18.75000    154.00000      0.00130
     19.00000    154.00000      0.00077
     19.25000    154.00000      0.00010
     19.50000    154.00000      0.00000
     19.75000    154.00000      0.00000
     20.00000    154.00000      0.00000
     20.25000    154.00000      0.00000
     20.50000    154.00000      0.00000
     20.75000    154.00000      0.00000
     21.00000    154.00000      0.00000
     21.25000    154.00000      0.00000
     21.50000    154.00000      0.00000
     21.75000    154.00000      0.00000
     22.00000    154.00000      0.00000
     14.00000    153.75000      0.00000
     14.25000    153.75000      0.00000
     14.50000    153.75000      0.00000
     14.75000    153.75000      0.00025
     15.00000    153.75000      0.00075
     15.25000    153.75000      0.00116
     15.50000    153.75000      0.00119
     15.75000    153.75000      0.00099
     16.00000    153.75000      0.00081
     16.25000    153.75000      0.00074
     16.50000    153.75000      0.00058
     16.75000    153.75000      0.00043
     17.00000    153.75000      0.00044
     17.25000    153.75000      0.00059
     17.50000    153.75000      0.00083
     17.75000    153.75000      0.00109
     18.00000    153.75000      0.00132
     18.25000    153.75000      0.00140
     18.50000    153.75000      0.00143
     18.75000    153.75000      0.00146
     19.00000    153.75000      0.00120
     19.25000    153.75000      0.00049
     19.50000    153.75000      0.00000
     19.75000    153.75000      0.00000
     20.00000    153.75000      0.00000
     20.25000    153.75000      0.00000
     20.50000    153.75000      0.00000
     20.75000    153.75000      0.00000
     21.00000    153.75000      0.00000
     21.25000    153.75000      0.00000
     21.50000    153.75000      0.00000
     21.75000    153.75000      0.00000
     22.00000    153.75000      0.00000
     14.00000    153.50000      0.00000
     14.25000    153.50000      0.00000
     14.50000    153.50000      0.00000
     14.75000    153.50000      0.00009
     15.00000    153.50000      0.00051
     15.25000    153.50000      0.00088
     15.50000    153.50000      0.00103
     15.75000    153.50000      0.00099
     16.00000    153.50000      0.00093
     16.25000    153.50000      0.00095
     16.50000    153.50000      0.00083
     16.75000    153.50000      0.00083
     17.00000    153.50000      0.00079
     17.25000    153.50000      0.00094
     17.50000    153.50000      0.00118
     17.75000    153.50000      0.00131
     18.00000    153.50000      0.00154
     18.25000    153.50000      0.00160
     18.50000    153.50000      0.00150
     18.75000    153.50000      0.00152
     19.00000    153.50000      0.00112
     19.25000    153.50000      0.00052
     19.50000    153.50000      0.00007
     19.75000    153.50000      0.00000
     20.00000    153.50000      0.00000
     20.25000    153.50000      0.00000
     20.50000    153.50000      0.00000
     20.75000    153.50000      0.00000
     21.00000    153.50000      0.00000
     21.25000    153.50000      0.00000
     21.50000    153.50000      0.00000
     21.75000    153.50000      0.00000
     22.00000    153.50000      0.00000
     14.00000    153.25000      0.00000
     14.25000    153.25000      0.00000
     14.50000    153.25000      0.00000
     14.75000    153.25000      0.00000
     15.00000    153.25000      0.00023
     15.25000    153.25000      0.00055
     15.50000    153.25000      0.00076
     15.75000    153.25000      0.00099
     16.00000    153.25000      0.00105
     16.25000    153.25000      0.00105
     16.50000    153.25000      0.00111
     16.75000    153.25000      0.00117
     17.00000    153.25000      0.00120
     17.25000    153.25000      0.00132
     17.50000    153.25000      0.00143
     17.75000    153.25000      0.00154
     18.00000    153.25000      0.00163
     18.25000    153.25000      0.00167
     18.50000    153.25000      0.00156
     18.75000    153.25000      0.00144
     19.00000    153.25000      0.00104
     19.25000    153.25000      0.00045
     19.50000    153.25000      0.00001
     19.75000    153.25000      0.00000
     20.00000    153.25000      0.00000
     20.25000    153.25000      0.00000
     20.50000    153.25000      0.00000
     20.75000    153.25000      0.00000
     21.00000    153.25000      0.00000
     21.25000    153.25000      0.00000
     21.50000    153.25000      0.00000
     21.75000    153.25000      0.00000
     22.00000    153.25000      0.00000
     14.25000    153.00000      0.00000
     14.50000    153.00000      0.00000
     14.75000    153.00000      0.00000
     15.00000    153.00000      0.00018
     15.25000    153.00000      0.00053
     15.50000    153.00000      0.00077
     15.75000    153.00000      0.00102
     16.00000    153.00000      0.00122
     16.25000    153.00000      0.00135
     16.50000    153.00000      0.00140
     16.75000    153.00000      0.00145
     17.00000    153.00000      0.00146
     17.25000    153.00000      0.00155
     17.50000    153.00000      0.00161
     17.75000    153.00000      0.00168
     18.00000    153.00000      0.00171
     18.25000    153.00000      0.00172
     18.50000    153.00000      0.00156
     18.75000    153.00000      0.00140
     19.00000    153.00000      0.00099
     19.25000    153.00000      0.00040
     19.50000    153.00000      0.00000
     19.75000    153.00000      0.00000
     20.00000    153.00000      0.00000
     20.25000    153.00000      0.00000
     20.50000    153.00000      0.00000
     20.75000    153.00000      0.00000
     21.00000    153.00000      0.00000
     21.25000    153.00000      0.00000
     21.50000    153.00000      0.00000
     21.75000    153.00000      0.00000
     22.00000    153.00000      0.00000
     15.00000    152.75000      0.00032
     15.25000    152.75000      0.00068
     15.50000    152.75000      0.00105
     15.75000    152.75000      0.00133
     16.00000    152.75000      0.00156
     16.25000    152.75000      0.00160
     16.50000    152.75000      0.00170
     16.75000    152.75000      0.00180
     17.00000    152.75000      0.00181
     17.25000    152.75000      0.00188
     17.50000    152.75000      0.00186
     17.75000    152.75000      0.00184
     18.00000    152.75000      0.00180
     18.25000    152.75000      0.00173
     18.50000    152.75000      0.00150
     18.75000    152.75000      0.00128
     19.00000    152.75000      0.00083
     19.25000    152.75000      0.00036
     19.50000    152.75000      0.00000
     19.75000    152.75000      0.00000
     20.00000    152.75000      0.00000
     20.25000    152.75000      0.00000
     20.50000    152.75000      0.00000
     20.75000    152.75000      0.00000
     21.00000    152.75000      0.00000
     21.25000    152.75000      0.00000
     21.50000    152.75000      0.00000
     21.75000    152.75000      0.00000
     22.00000    152.75000      0.00000
     15.00000    152.50000      0.00062
     15.25000    152.50000      0.00094
     15.50000    152.50000      0.00140
     15.75000    152.50000      0.00170
     16.00000    152.50000      0.00183
     16.25000    152.50000      0.00207
     16.50000    152.50000      0.00214
     16.75000    152.50000      0.00222
     17.00000    152.50000      0.00213
     17.25000    152.50000      0.00216
     17.50000    152.50000      0.00204
     17.75000    152.50000      0.00191
     18.00000    152.50000      0.00176
     18.25000    152.50000      0.00172
     18.50000    152.50000      0.00139
     18.75000    152.50000      0.00120
     19.00000    152.50000      0.00081
     19.25000    152.50000      0.00032
     19.50000    152.50000      0.00000
     19.75000    152.50000      0.00000
     20.00000    152.50000      0.00000
     20.25000    152.50000      0.00000
     20.50000    152.50000      0.00000
     20.75000    152.50000      0.00000
     21.00000    152.50000      0.00000
     21.25000    152.50000      0.00000
     21.50000    152.50000      0.00000
     21.75000    152.50000      0.00000
     22.00000    152.50000      0.00000
     15.00000    152.25000      0.00098
     15.25000    152.25000      0.00119
     15.50000    152.25000      0.00170
     15.75000    152.25000      0.00208
     16.00000    152.25000      0.00224
     16.25000    152.25000      0.00242
     16.50000    152.25000      0.00245
     16.75000    152.25000      0.00264
     17.00000    152.25000      0.00259
     17.25000    152.25000      0.00245
     17.50000    152.25000      0.00221
     17.75000    152.25000      0.00212
     18.00000    152.25000      0.00186
     18.25000    152.25000      0.00157
     18.50000    152.25000      0.00140
     18.75000    152.25000      0.00111
     19.00000    152.25000      0.00068
     19.25000    152.25000      0.00029
     19.50000    152.25000      0.00005
     19.75000    152.25000      0.00000
     20.00000    152.25000      0.00000
     20.25000    152.25000      0.00000
     20.50000    152.25000      0.00000
     20.75000    152.25000      0.00001
     21.00000    152.25000      0.00002
     21.25000    152.25000      0.00001
     21.50000    152.25000      0.00000
     21.75000    152.25000      0.00000
     22.00000    152.25000      0.00000
     15.00000    152.00000      0.00121
     15.25000    152.00000      0.00143
     15.50000    152.00000      0.00169
     15.75000    152.00000      0.00210
     16.00000    152.00000      0.00251
     16.25000    152.00000      0.00260
     16.50000    152.00000      0.00267
     16.75000    152.00000      0.00275
     17.00000    152.00000      0.00271
     17.25000    152.00000      0.00256
     17.50000    152.00000      0.00230
     17.75000    152.00000      0.00190
     18.00000    152.00000      0.00174
     18.25000    152.00000      0.00140
     18.50000    152.00000      0.00117
     18.75000    152.00000      0.00095
     19.00000    152.00000      0.00060
     19.25000    152.00000      0.00028
     19.50000    152.00000      0.00004
     19.75000    152.00000      0.00000
     20.00000    152.00000      0.00000
     20.25000    152.00000      0.00000
     20.50000    152.00000      0.00004
     20.75000    152.00000      0.00030
     21.00000    152.00000      0.00043
     21.25000    152.00000      0.00060
     21.50000    152.00000      0.00050
     21.75000    152.00000      0.00040
     15.00000    151.75000      0.00129
     15.25000    151.75000      0.00137
     15.50000    151.75000      0.00164
     15.75000    151.75000      0.00191
     16.00000    151.75000      0.00218
     16.25000    151.75000      0.00244
     16.50000    151.75000      0.00265
     16.75000    151.75000      0.00268
     17.00000    151.75000      0.00264
     17.25000    151.75000      0.00237
     17.50000    151.75000      0.00203
     17.75000    151.75000      0.00155
     18.00000    151.75000      0.00129
     18.25000    151.75000      0.00109
     18.50000    151.75000      0.00083
     18.75000    151.75000      0.00071
     19.00000    151.75000      0.00046
     19.25000    151.75000      0.00023
     19.50000    151.75000      0.00001
     19.75000    151.75000      0.00000
     20.00000    151.75000      0.00000
     20.25000    151.75000      0.00000
     20.50000    151.75000      0.00006
     20.75000    151.75000      0.00033
     21.00000    151.75000      0.00045
     21.25000    151.75000      0.00051
     21.50000    151.75000      0.00041
     21.75000    151.75000      0.00024
     15.25000    151.50000      0.00142
     15.50000    151.50000      0.00142
     15.75000    151.50000      0.00155
     16.00000    151.50000      0.00171
     16.25000    151.50000      0.00203
     16.50000    151.50000      0.00238
     16.75000    151.50000      0.00245
     17.00000    151.50000      0.00238
     17.25000    151.50000      0.00203
     17.50000    151.50000      0.00154
     17.75000    151.50000      0.00097
     18.00000    151.50000      0.00070
     18.25000    151.50000      0.00046
     18.50000    151.50000      0.00044
     18.75000    151.50000      0.00042
     19.00000    151.50000      0.00037
     19.25000    151.50000      0.00014
     19.50000    151.50000      0.00000
     19.75000    151.50000      0.00000
     20.00000    151.50000      0.00000
     20.25000    151.50000      0.00000
     20.50000    151.50000      0.00000
     20.75000    151.50000      0.00009
     21.00000    151.50000      0.00010
     21.25000    151.50000      0.00000
     21.50000    151.50000      0.00000
     21.75000    151.50000      0.00000
     15.50000    151.25000      0.00120
     15.75000    151.25000      0.00120
     16.00000    151.25000      0.00126
     16.25000    151.25000      0.00163
     16.50000    151.25000      0.00207
     16.75000    151.25000      0.00223
     17.00000    151.25000      0.00199
     17.25000    151.25000      0.00156
     17.50000    151.25000      0.00097
     17.75000    151.25000      0.00038
     18.00000    151.25000      0.00010
     18.25000    151.25000      0.00005
     18.50000    151.25000      0.00014
     18.75000    151.25000      0.00026
     19.00000    151.25000      0.00021
     19.25000    151.25000      0.00013
     19.50000    151.25000      0.00000
     19.75000    151.25000      0.00000
     20.00000    151.25000      0.00000
     20.25000    151.25000      0.00000
     20.50000    151.25000      0.00000
     20.75000    151.25000      0.00000
     21.00000    151.25000      0.00000
     21.25000    151.25000      0.00000
     21.50000    151.25000      0.00000
     21.75000    151.25000      0.00000
     16.00000    151.00000      0.00105
     16.25000    151.00000      0.00116
     16.50000    151.00000      0.00174
     16.75000    151.00000      0.00169
     17.00000    151.00000      0.00148
     17.25000    151.00000      0.00100
     17.50000    151.00000      0.00046
     17.75000    151.00000      0.00004
     18.00000    151.00000      0.00000
     18.25000    151.00000      0.00000
     18.50000    151.00000      0.00000
     18.75000    151.00000      0.00009
     19.00000    151.00000      0.00009
     19.25000    151.00000      0.00003
     19.50000    151.00000      0.00000
     19.75000    151.00000      0.00000
     20.00000    151.00000      0.00000
     20.25000    151.00000      0.00000
     20.50000    151.00000      0.00000
     20.75000    151.00000      0.00000
     21.00000    151.00000      0.00000
     21.25000    151.00000      0.00000
     15.75000    150.75000      0.00129
     16.00000    150.75000      0.00106
     18.00000    150.75000      0.00000
     18.25000    150.75000      0.00000
     18.50000    150.75000      0.00000
     18.75000    150.75000      0.00001
     19.00000    150.75000      0.00000
     19.25000    150.75000      0.00000
     19.50000    150.75000      0.00000
     19.75000    150.75000      0.00000
     20.00000    150.75000      0.00000
     15.75000    150.50000      0.00187
     16.00000    150.50000      0.00141
     18.00000    150.50000      0.00035
     18.25000    150.50000      0.00026
     18.50000    150.50000      0.00006
     18.75000    150.50000      0.00000
     19.00000    150.50000      0.00000
     19.25000    150.50000      0.00000
     19.50000    150.50000      0.00000
     19.75000    150.50000      0.00000
     20.00000    150.50000      0.00000
     15.75000    150.25000      0.00249
     16.00000    150.25000      0.00193
     18.00000    150.25000      0.00048
     18.25000    150.25000      0.00063
     18.50000    150.25000      0.00012
     18.75000    150.25000      0.00000
     19.00000    150.25000      0.00000
     19.25000    150.25000      0.00000
     19.50000    150.25000      0.00000
     19.75000    150.25000      0.00000
     20.00000    150.25000      0.00000
     15.75000    150.00000      0.00206
     16.00000    150.00000      0.00135
     18.00000    150.00000      0.00019
     18.25000    150.00000      0.00030
     18.50000    150.00000      0.00008
     18.75000    150.00000      0.00000
     19.00000    150.00000      0.00000
     19.25000    150.00000      0.00000
     19.50000    150.00000      0.00000
     19.75000    150.00000      0.00000
     20.00000    150.00000      0.00000
     18.00000    149.75000      0.00000
     18.25000    149.75000      0.00000
     18.50000    149.75000      0.00000
     18.75000    149.75000      0.00000
     19.00000    149.75000      0.00000
     18.00000    149.50000      0.00000
     18.25000    149.50000      0.00000
     18.50000    149.50000      0.00000
     18.75000    149.50000      0.00000
     19.00000    149.50000      0.00000
     18.00000    149.25000      0.00000
     18.25000    149.25000      0.00000
     18.50000    149.25000      0.00000
     18.75000    149.25000      0.00000
     19.00000    149.25000      0.00000
