     21.25000    164.00000      0.00473
     21.50000    164.00000      0.00296
     21.75000    164.00000      0.00131
     22.00000    164.00000      0.00017
     22.25000    164.00000      0.00000
     22.50000    164.00000      0.00000
     22.75000    164.00000      0.00000
     23.00000    164.00000      0.00000
     23.25000    164.00000      0.00000
     23.50000    164.00000      0.00000
     20.75000    163.75000      0.00639
     21.00000    163.75000      0.00506
     21.25000    163.75000      0.00380
     21.50000    163.75000      0.00250
     21.75000    163.75000      0.00098
     22.00000    163.75000      0.00006
     22.25000    163.75000      0.00000
     22.50000    163.75000      0.00000
     22.75000    163.75000      0.00000
     23.00000    163.75000      0.00000
     23.25000    163.75000      0.00000
     23.50000    163.75000      0.00000
     23.75000    163.75000      0.00000
     24.00000    163.75000      0.00000
     24.25000    163.75000      0.00000
     20.50000    163.50000      0.00651
     20.75000    163.50000      0.00536
     21.00000    163.50000      0.00414
     21.25000    163.50000      0.00295
     21.50000    163.50000      0.00184
     21.75000    163.50000      0.00056
     22.00000    163.50000      0.00000
     22.25000    163.50000      0.00000
     22.50000    163.50000      0.00000
     22.75000    163.50000      0.00000
     23.00000    163.50000      0.00000
     23.25000    163.50000      0.00000
     23.50000    163.50000      0.00000
     23.75000    163.50000      0.00000
     24.00000    163.50000      0.00000
     24.25000    163.50000      0.00000
     20.25000    163.25000      0.00520
     20.50000    163.25000      0.00473
     20.75000    163.25000      0.00392
     21.00000    163.25000      0.00297
     21.25000    163.25000      0.00201
     21.50000    163.25000      0.00100
     21.75000    163.25000      0.00016
     22.00000    163.25000      0.00000
     22.25000    163.25000      0.00000
     22.50000    163.25000      0.00000
     22.75000    163.25000      0.00000
     23.00000    163.25000      0.00000
     23.25000    163.25000      0.00000
     23.50000    163.25000      0.00000
     23.75000    163.25000      0.00000
     24.00000    163.25000      0.00000
     24.25000    163.25000      0.00000
     19.75000    163.00000      0.00663
     20.00000    163.00000      0.00505
     20.25000    163.00000      0.00388
     20.50000    163.00000      0.00340
     20.75000    163.00000      0.00292
     21.00000    163.00000      0.00229
     21.25000    163.00000      0.00147
     21.50000    163.00000      0.00069
     21.75000    163.00000      0.00013
     22.00000    163.00000      0.00000
     22.25000    163.00000      0.00000
     22.50000    163.00000      0.00000
     22.75000    163.00000      0.00000
     23.00000    163.00000      0.00000
     23.25000    163.00000      0.00000
     23.50000    163.00000      0.00000
     23.75000    163.00000      0.00000
     24.00000    163.00000      0.00000
     24.25000    163.00000      0.00000
     19.50000    162.75000      0.00773
     19.75000    162.75000      0.00645
     20.00000    162.75000      0.00487
     20.25000    162.75000      0.00368
     20.50000    162.75000      0.00303
     20.75000    162.75000      0.00266
     21.00000    162.75000      0.00232
     21.25000    162.75000      0.00162
     21.50000    162.75000      0.00102
     21.75000    162.75000      0.00041
     22.00000    162.75000      0.00007
     22.25000    162.75000      0.00000
     22.50000    162.75000      0.00000
     22.75000    162.75000      0.00000
     23.00000    162.75000      0.00000
     23.25000    162.75000      0.00000
     23.50000    162.75000      0.00000
     23.75000    162.75000      0.00000
     24.00000    162.75000      0.00000
     24.25000    162.75000      0.00011
     19.25000    162.50000      0.00901
     19.50000    162.50000      0.00844
     19.75000    162.50000      0.00745
     20.00000    162.50000      0.00640
     20.25000    162.50000      0.00516
     20.50000    162.50000      0.00415
     20.75000    162.50000      0.00330
     21.00000    162.50000      0.00282
     21.25000    162.50000      0.00251
     21.50000    162.50000      0.00189
     21.75000    162.50000      0.00131
     22.00000    162.50000      0.00076
     22.25000    162.50000      0.00029
     22.50000    162.50000      0.00001
     22.75000    162.50000      0.00000
     23.00000    162.50000      0.00000
     23.25000    162.50000      0.00000
     23.50000    162.50000      0.00000
     23.75000    162.50000      0.00000
     24.00000    162.50000      0.00018
     24.25000    162.50000      0.00113
     24.50000    162.50000      0.00237
     19.00000    162.25000      0.00956
     19.25000    162.25000      0.00943
     19.50000    162.25000      0.00915
     19.75000    162.25000      0.00873
     20.00000    162.25000      0.00780
     20.25000    162.25000      0.00666
     20.50000    162.25000      0.00530
     20.75000    162.25000      0.00396
     21.00000    162.25000      0.00328
     21.25000    162.25000      0.00297
     21.50000    162.25000      0.00285
     21.75000    162.25000      0.00240
     22.00000    162.25000      0.00191
     22.25000    162.25000      0.00127
     22.50000    162.25000      0.00067
     22.75000    162.25000      0.00021
     23.00000    162.25000      0.00006
     23.25000    162.25000      0.00007
     23.50000    162.25000      0.00024
     23.75000    162.25000      0.00049
     24.00000    162.25000      0.00136
     24.25000    162.25000      0.00258
     24.50000    162.25000      0.00380
     19.00000    162.00000      0.01003
     19.25000    162.00000      0.00989
     19.50000    162.00000      0.00982
     19.75000    162.00000      0.00960
     20.00000    162.00000      0.00890
     20.25000    162.00000      0.00770
     20.50000    162.00000      0.00615
     20.75000    162.00000      0.00476
     21.00000    162.00000      0.00389
     21.25000    162.00000      0.00353
     21.50000    162.00000      0.00367
     21.75000    162.00000      0.00381
     22.00000    162.00000      0.00334
     22.25000    162.00000      0.00278
     22.50000    162.00000      0.00216
     22.75000    162.00000      0.00145
     23.00000    162.00000      0.00121
     23.25000    162.00000      0.00117
     23.50000    162.00000      0.00154
     23.75000    162.00000      0.00218
     24.00000    162.00000      0.00310
     24.25000    162.00000      0.00443
     24.50000    162.00000      0.00548
     19.00000    161.75000      0.01044
     19.25000    161.75000      0.01021
     19.50000    161.75000      0.01015
     19.75000    161.75000      0.01008
     20.00000    161.75000      0.00941
     20.25000    161.75000      0.00843
     20.50000    161.75000      0.00685
     20.75000    161.75000      0.00556
     21.00000    161.75000      0.00464
     21.25000    161.75000      0.00424
     21.50000    161.75000      0.00434
     21.75000    161.75000      0.00458
     22.00000    161.75000      0.00449
     22.25000    161.75000      0.00422
     22.50000    161.75000      0.00376
     22.75000    161.75000      0.00331
     23.00000    161.75000      0.00320
     23.25000    161.75000      0.00336
     23.50000    161.75000      0.00385
     23.75000    161.75000      0.00449
     24.00000    161.75000      0.00540
     24.25000    161.75000      0.00646
     24.50000    161.75000      0.00737
     19.00000    161.50000      0.01050
     19.25000    161.50000      0.01015
     19.50000    161.50000      0.01014
     19.75000    161.50000      0.01000
     20.00000    161.50000      0.00947
     20.25000    161.50000      0.00869
     20.50000    161.50000      0.00752
     20.75000    161.50000      0.00649
     21.00000    161.50000      0.00582
     21.25000    161.50000      0.00539
     21.50000    161.50000      0.00545
     21.75000    161.50000      0.00551
     22.00000    161.50000      0.00553
     22.25000    161.50000      0.00523
     22.50000    161.50000      0.00490
     22.75000    161.50000      0.00456
     23.00000    161.50000      0.00475
     23.25000    161.50000      0.00547
     23.50000    161.50000      0.00670
     23.75000    161.50000      0.00743
     24.00000    161.50000      0.00816
     24.25000    161.50000      0.00902
     24.50000    161.50000      0.00959
     15.50000    161.25000      0.00611
     15.75000    161.25000      0.00638
     16.00000    161.25000      0.00653
     19.00000    161.25000      0.01057
     19.25000    161.25000      0.01022
     19.50000    161.25000      0.01000
     19.75000    161.25000      0.00992
     20.00000    161.25000      0.00951
     20.25000    161.25000      0.00907
     20.50000    161.25000      0.00831
     20.75000    161.25000      0.00755
     21.00000    161.25000      0.00715
     21.25000    161.25000      0.00682
     21.50000    161.25000      0.00684
     21.75000    161.25000      0.00672
     22.00000    161.25000      0.00671
     22.25000    161.25000      0.00653
     22.50000    161.25000      0.00632
     22.75000    161.25000      0.00611
     23.00000    161.25000      0.00632
     23.25000    161.25000      0.00708
     23.50000    161.25000      0.00839
     23.75000    161.25000      0.00969
     24.00000    161.25000      0.01084
     24.25000    161.25000      0.01141
     24.50000    161.25000      0.01191
     24.75000    161.25000      0.01228
     15.25000    161.00000      0.00492
     15.50000    161.00000      0.00528
     15.75000    161.00000      0.00550
     16.00000    161.00000      0.00603
     16.25000    161.00000      0.00728
     16.50000    161.00000      0.00997
     16.75000    161.00000      0.01264
     17.00000    161.00000      0.01430
     19.00000    161.00000      0.01082
     19.25000    161.00000      0.01039
     19.50000    161.00000      0.01033
     19.75000    161.00000      0.01012
     20.00000    161.00000      0.00976
     20.25000    161.00000      0.00940
     20.50000    161.00000      0.00891
     20.75000    161.00000      0.00856
     21.00000    161.00000      0.00813
     21.25000    161.00000      0.00791
     21.50000    161.00000      0.00791
     21.75000    161.00000      0.00776
     22.00000    161.00000      0.00757
     22.25000    161.00000      0.00749
     22.50000    161.00000      0.00737
     22.75000    161.00000      0.00711
     23.00000    161.00000      0.00744
     23.25000    161.00000      0.00836
     23.50000    161.00000      0.00970
     23.75000    161.00000      0.01117
     24.00000    161.00000      0.01222
     24.25000    161.00000      0.01313
     24.50000    161.00000      0.01350
     24.75000    161.00000      0.01386
     15.00000    160.75000      0.00314
     15.25000    160.75000      0.00458
     15.50000    160.75000      0.00493
     15.75000    160.75000      0.00528
     16.00000    160.75000      0.00607
     16.25000    160.75000      0.00760
     16.50000    160.75000      0.00972
     16.75000    160.75000      0.01224
     17.00000    160.75000      0.01378
     19.00000    160.75000      0.01125
     19.25000    160.75000      0.01095
     19.50000    160.75000      0.01071
     19.75000    160.75000      0.01032
     20.00000    160.75000      0.01007
     20.25000    160.75000      0.00982
     20.50000    160.75000      0.00945
     20.75000    160.75000      0.00922
     21.00000    160.75000      0.00891
     21.25000    160.75000      0.00867
     21.50000    160.75000      0.00851
     21.75000    160.75000      0.00849
     22.00000    160.75000      0.00826
     22.25000    160.75000      0.00812
     22.50000    160.75000      0.00792
     22.75000    160.75000      0.00786
     23.00000    160.75000      0.00813
     23.25000    160.75000      0.00916
     23.50000    160.75000      0.01065
     23.75000    160.75000      0.01240
     24.00000    160.75000      0.01359
     24.25000    160.75000      0.01438
     24.50000    160.75000      0.01448
     24.75000    160.75000      0.01459
     15.00000    160.50000      0.00373
     15.25000    160.50000      0.00482
     15.50000    160.50000      0.00518
     15.75000    160.50000      0.00554
     16.00000    160.50000      0.00637
     16.25000    160.50000      0.00767
     16.50000    160.50000      0.00958
     16.75000    160.50000      0.01161
     17.00000    160.50000      0.01290
     19.00000    160.50000      0.01199
     19.25000    160.50000      0.01161
     19.50000    160.50000      0.01128
     19.75000    160.50000      0.01079
     20.00000    160.50000      0.01043
     20.25000    160.50000      0.01019
     20.50000    160.50000      0.00978
     20.75000    160.50000      0.00938
     21.00000    160.50000      0.00920
     21.25000    160.50000      0.00895
     21.50000    160.50000      0.00879
     21.75000    160.50000      0.00876
     22.00000    160.50000      0.00864
     22.25000    160.50000      0.00842
     22.50000    160.50000      0.00810
     22.75000    160.50000      0.00792
     23.00000    160.50000      0.00839
     23.25000    160.50000      0.00950
     23.50000    160.50000      0.01139
     23.75000    160.50000      0.01366
     24.00000    160.50000      0.01511
     24.25000    160.50000      0.01560
     24.50000    160.50000      0.01529
     24.75000    160.50000      0.01512
     15.00000    160.25000      0.00384
     15.25000    160.25000      0.00506
     15.50000    160.25000      0.00544
     15.75000    160.25000      0.00581
     16.00000    160.25000      0.00668
     16.25000    160.25000      0.00774
     16.50000    160.25000      0.00944
     16.75000    160.25000      0.01098
     17.00000    160.25000      0.01202
     19.00000    160.25000      0.01222
     19.25000    160.25000      0.01225
     19.50000    160.25000      0.01183
     19.75000    160.25000      0.01126
     20.00000    160.25000      0.01092
     20.25000    160.25000      0.01054
     20.50000    160.25000      0.01011
     20.75000    160.25000      0.00968
     21.00000    160.25000      0.00934
     21.25000    160.25000      0.00909
     21.50000    160.25000      0.00906
     21.75000    160.25000      0.00903
     22.00000    160.25000      0.00887
     22.25000    160.25000      0.00857
     22.50000    160.25000      0.00828
     22.75000    160.25000      0.00798
     23.00000    160.25000      0.00850
     23.25000    160.25000      0.00984
     23.50000    160.25000      0.01226
     23.75000    160.25000      0.01506
     24.00000    160.25000      0.01676
     24.25000    160.25000      0.01724
     24.50000    160.25000      0.01624
     24.75000    160.25000      0.01552
     25.00000    160.25000      0.01510
     15.00000    160.00000      0.00397
     15.25000    160.00000      0.00519
     15.50000    160.00000      0.00559
     15.75000    160.00000      0.00612
     16.00000    160.00000      0.00688
     16.25000    160.00000      0.00786
     16.50000    160.00000      0.00921
     16.75000    160.00000      0.01041
     17.00000    160.00000      0.01135
     17.25000    160.00000      0.01215
     17.50000    160.00000      0.01268
     17.75000    160.00000      0.01244
     18.00000    160.00000      0.01227
     18.25000    160.00000      0.01204
     18.50000    160.00000      0.01205
     18.75000    160.00000      0.01206
     19.00000    160.00000      0.01213
     19.25000    160.00000      0.01228
     19.50000    160.00000      0.01218
     19.75000    160.00000      0.01182
     20.00000    160.00000      0.01138
     20.25000    160.00000      0.01088
     20.50000    160.00000      0.01044
     20.75000    160.00000      0.01000
     21.00000    160.00000      0.00964
     21.25000    160.00000      0.00951
     21.50000    160.00000      0.00931
     21.75000    160.00000      0.00926
     22.00000    160.00000      0.00906
     22.25000    160.00000      0.00886
     22.50000    160.00000      0.00850
     22.75000    160.00000      0.00814
     23.00000    160.00000      0.00860
     23.25000    160.00000      0.01017
     23.50000    160.00000      0.01309
     23.75000    160.00000      0.01639
     24.00000    160.00000      0.01818
     24.25000    160.00000      0.01851
     24.50000    160.00000      0.01669
     24.75000    160.00000      0.01569
     25.00000    160.00000      0.01513
     25.25000    160.00000      0.01502
     15.00000    159.75000      0.00386
     15.25000    159.75000      0.00522
     15.50000    159.75000      0.00592
     15.75000    159.75000      0.00661
     16.00000    159.75000      0.00727
     16.25000    159.75000      0.00803
     16.50000    159.75000      0.00890
     16.75000    159.75000      0.00976
     17.00000    159.75000      0.01059
     17.25000    159.75000      0.01153
     17.50000    159.75000      0.01197
     17.75000    159.75000      0.01192
     18.00000    159.75000      0.01193
     18.25000    159.75000      0.01188
     18.50000    159.75000      0.01190
     18.75000    159.75000      0.01179
     19.00000    159.75000      0.01199
     19.25000    159.75000      0.01208
     19.50000    159.75000      0.01235
     19.75000    159.75000      0.01218
     20.00000    159.75000      0.01181
     20.25000    159.75000      0.01148
     20.50000    159.75000      0.01091
     20.75000    159.75000      0.01047
     21.00000    159.75000      0.01010
     21.25000    159.75000      0.00979
     21.50000    159.75000      0.00969
     21.75000    159.75000      0.00960
     22.00000    159.75000      0.00936
     22.25000    159.75000      0.00900
     22.50000    159.75000      0.00864
     22.75000    159.75000      0.00827
     23.00000    159.75000      0.00884
     23.25000    159.75000      0.01048
     23.50000    159.75000      0.01361
     23.75000    159.75000      0.01737
     24.00000    159.75000      0.01939
     15.00000    159.50000      0.00378
     15.25000    159.50000      0.00516
     15.50000    159.50000      0.00600
     15.75000    159.50000      0.00699
     16.00000    159.50000      0.00770
     16.25000    159.50000      0.00825
     16.50000    159.50000      0.00850
     16.75000    159.50000      0.00890
     17.00000    159.50000      0.00948
     17.25000    159.50000      0.01006
     17.50000    159.50000      0.01049
     17.75000    159.50000      0.01092
     18.00000    159.50000      0.01113
     18.25000    159.50000      0.01129
     18.50000    159.50000      0.01137
     18.75000    159.50000      0.01145
     19.00000    159.50000      0.01166
     19.25000    159.50000      0.01184
     19.50000    159.50000      0.01214
     19.75000    159.50000      0.01244
     20.00000    159.50000      0.01236
     20.25000    159.50000      0.01207
     20.50000    159.50000      0.01152
     20.75000    159.50000      0.01096
     21.00000    159.50000      0.01057
     21.25000    159.50000      0.01023
     21.50000    159.50000      0.01006
     21.75000    159.50000      0.00989
     22.00000    159.50000      0.00963
     22.25000    159.50000      0.00927
     22.50000    159.50000      0.00881
     22.75000    159.50000      0.00835
     23.00000    159.50000      0.00892
     23.25000    159.50000      0.01079
     23.50000    159.50000      0.01408
     23.75000    159.50000      0.01788
     24.00000    159.50000      0.01928
     15.00000    159.25000      0.00388
     15.25000    159.25000      0.00523
     15.50000    159.25000      0.00623
     15.75000    159.25000      0.00738
     16.00000    159.25000      0.00812
     16.25000    159.25000      0.00832
     16.50000    159.25000      0.00810
     16.75000    159.25000      0.00788
     17.00000    159.25000      0.00757
     17.25000    159.25000      0.00807
     17.50000    159.25000      0.00899
     17.75000    159.25000      0.00991
     18.00000    159.25000      0.01048
     18.25000    159.25000      0.01083
     18.50000    159.25000      0.01097
     18.75000    159.25000      0.01111
     19.00000    159.25000      0.01132
     19.25000    159.25000      0.01145
     19.50000    159.25000      0.01178
     19.75000    159.25000      0.01212
     20.00000    159.25000      0.01233
     20.25000    159.25000      0.01215
     20.50000    159.25000      0.01186
     20.75000    159.25000      0.01156
     21.00000    159.25000      0.01104
     21.25000    159.25000      0.01066
     21.50000    159.25000      0.01042
     21.75000    159.25000      0.01018
     22.00000    159.25000      0.00975
     22.25000    159.25000      0.00940
     22.50000    159.25000      0.00884
     22.75000    159.25000      0.00829
     23.00000    159.25000      0.00899
     23.25000    159.25000      0.01095
     23.50000    159.25000      0.01456
     23.75000    159.25000      0.01853
     24.00000    159.25000      0.01876
     15.00000    159.00000      0.00402
     15.25000    159.00000      0.00501
     15.50000    159.00000      0.00633
     15.75000    159.00000      0.00767
     16.00000    159.00000      0.00831
     16.25000    159.00000      0.00839
     16.50000    159.00000      0.00777
     16.75000    159.00000      0.00651
     17.00000    159.00000      0.00602
     17.25000    159.00000      0.00654
     17.50000    159.00000      0.00794
     17.75000    159.00000      0.00919
     18.00000    159.00000      0.00995
     18.25000    159.00000      0.01033
     18.50000    159.00000      0.01049
     18.75000    159.00000      0.01080
     19.00000    159.00000      0.01098
     19.25000    159.00000      0.01119
     19.50000    159.00000      0.01143
     19.75000    159.00000      0.01181
     20.00000    159.00000      0.01182
     20.25000    159.00000      0.01174
     20.50000    159.00000      0.01144
     20.75000    159.00000      0.01099
     21.00000    159.00000      0.01054
     21.25000    159.00000      0.01038
     21.50000    159.00000      0.01037
     21.75000    159.00000      0.01010
     22.00000    159.00000      0.00966
     22.25000    159.00000      0.00919
     22.50000    159.00000      0.00855
     22.75000    159.00000      0.00776
     23.00000    159.00000      0.00845
     23.25000    159.00000      0.01075
     23.50000    159.00000      0.01463
     23.75000    159.00000      0.01901
     24.00000    159.00000      0.01819
     15.00000    158.75000      0.00408
     15.25000    158.75000      0.00464
     15.50000    158.75000      0.00617
     15.75000    158.75000      0.00758
     16.00000    158.75000      0.00825
     16.25000    158.75000      0.00833
     16.50000    158.75000      0.00742
     16.75000    158.75000      0.00581
     17.00000    158.75000      0.00522
     17.25000    158.75000      0.00577
     17.50000    158.75000      0.00734
     17.75000    158.75000      0.00863
     18.00000    158.75000      0.00954
     18.25000    158.75000      0.01007
     18.50000    158.75000      0.01021
     18.75000    158.75000      0.01049
     19.00000    158.75000      0.01064
     19.25000    158.75000      0.01093
     19.50000    158.75000      0.01109
     19.75000    158.75000      0.01124
     20.00000    158.75000      0.01134
     20.25000    158.75000      0.01109
     20.50000    158.75000      0.01064
     20.75000    158.75000      0.01018
     21.00000    158.75000      0.00973
     21.25000    158.75000      0.00943
     21.50000    158.75000      0.00927
     21.75000    158.75000      0.00911
     22.00000    158.75000      0.00897
     22.25000    158.75000      0.00855
     22.50000    158.75000      0.00792
     22.75000    158.75000      0.00691
     23.00000    158.75000      0.00757
     23.25000    158.75000      0.00990
     23.50000    158.75000      0.01430
     23.75000    158.75000      0.01905
     24.00000    158.75000      0.01771
     15.00000    158.50000      0.00393
     15.25000    158.50000      0.00426
     15.50000    158.50000      0.00575
     15.75000    158.50000      0.00725
     16.00000    158.50000      0.00809
     16.25000    158.50000      0.00812
     16.50000    158.50000      0.00703
     16.75000    158.50000      0.00567
     17.00000    158.50000      0.00530
     17.25000    158.50000      0.00575
     17.50000    158.50000      0.00720
     17.75000    158.50000      0.00837
     18.00000    158.50000      0.00926
     18.25000    158.50000      0.00976
     18.50000    158.50000      0.00999
     18.75000    158.50000      0.01021
     19.00000    158.50000      0.01044
     19.25000    158.50000      0.01052
     19.50000    158.50000      0.01061
     19.75000    158.50000      0.01069
     20.00000    158.50000      0.01060
     20.25000    158.50000      0.01032
     20.50000    158.50000      0.00973
     20.75000    158.50000      0.00913
     21.00000    158.50000      0.00867
     21.25000    158.50000      0.00834
     21.50000    158.50000      0.00814
     21.75000    158.50000      0.00794
     22.00000    158.50000      0.00761
     22.25000    158.50000      0.00700
     22.50000    158.50000      0.00627
     22.75000    158.50000      0.00525
     23.00000    158.50000      0.00619
     23.25000    158.50000      0.00912
     23.50000    158.50000      0.01385
     23.75000    158.50000      0.01892
     24.00000    158.50000      0.01744
     15.00000    158.25000      0.00350
     15.25000    158.25000      0.00375
     15.50000    158.25000      0.00532
     15.75000    158.25000      0.00692
     16.00000    158.25000      0.00773
     16.25000    158.25000      0.00759
     16.50000    158.25000      0.00663
     16.75000    158.25000      0.00553
     17.00000    158.25000      0.00523
     17.25000    158.25000      0.00574
     17.50000    158.25000      0.00692
     17.75000    158.25000      0.00810
     18.00000    158.25000      0.00899
     18.25000    158.25000      0.00945
     18.50000    158.25000      0.00976
     18.75000    158.25000      0.01007
     19.00000    158.25000      0.01024
     19.25000    158.25000      0.01025
     19.50000    158.25000      0.01027
     19.75000    158.25000      0.01014
     20.00000    158.25000      0.00999
     20.25000    158.25000      0.00955
     20.50000    158.25000      0.00896
     20.75000    158.25000      0.00822
     21.00000    158.25000      0.00774
     21.25000    158.25000      0.00738
     21.50000    158.25000      0.00700
     21.75000    158.25000      0.00676
     22.00000    158.25000      0.00624
     22.25000    158.25000      0.00558
     22.50000    158.25000      0.00451
     22.75000    158.25000      0.00332
     23.00000    158.25000      0.00429
     23.25000    158.25000      0.00775
     23.50000    158.25000      0.01340
     23.75000    158.25000      0.01880
     24.00000    158.25000      0.01718
     15.00000    158.00000      0.00377
     15.25000    158.00000      0.00416
     15.50000    158.00000      0.00577
     15.75000    158.00000      0.00712
     16.00000    158.00000      0.00753
     16.25000    158.00000      0.00743
     16.50000    158.00000      0.00652
     16.75000    158.00000      0.00562
     17.00000    158.00000      0.00522
     17.25000    158.00000      0.00561
     17.50000    158.00000      0.00665
     17.75000    158.00000      0.00770
     18.00000    158.00000      0.00844
     18.25000    158.00000      0.00902
     18.50000    158.00000      0.00929
     18.75000    158.00000      0.00956
     19.00000    158.00000      0.00983
     19.25000    158.00000      0.00983
     19.50000    158.00000      0.00983
     19.75000    158.00000      0.00969
     20.00000    158.00000      0.00939
     20.25000    158.00000      0.00892
     20.50000    158.00000      0.00831
     20.75000    158.00000      0.00754
     21.00000    158.00000      0.00703
     21.25000    158.00000      0.00662
     21.50000    158.00000      0.00618
     21.75000    158.00000      0.00588
     22.00000    158.00000      0.00533
     22.25000    158.00000      0.00466
     22.50000    158.00000      0.00361
     22.75000    158.00000      0.00246
     23.00000    158.00000      0.00328
     23.25000    158.00000      0.00675
     23.50000    158.00000      0.01294
     23.75000    158.00000      0.01819
     24.00000    158.00000      0.01844
     15.00000    157.75000      0.00504
     15.25000    157.75000      0.00552
     15.50000    157.75000      0.00671
     15.75000    157.75000      0.00768
     16.00000    157.75000      0.00797
     16.25000    157.75000      0.00774
     16.50000    157.75000      0.00669
     16.75000    157.75000      0.00564
     17.00000    157.75000      0.00510
     17.25000    157.75000      0.00536
     17.50000    157.75000      0.00626
     17.75000    157.75000      0.00717
     18.00000    157.75000      0.00776
     18.25000    157.75000      0.00832
     18.50000    157.75000      0.00871
     18.75000    157.75000      0.00909
     19.00000    157.75000      0.00922
     19.25000    157.75000      0.00939
     19.50000    157.75000      0.00930
     19.75000    157.75000      0.00935
     20.00000    157.75000      0.00907
     20.25000    157.75000      0.00859
     20.50000    157.75000      0.00792
     20.75000    157.75000      0.00711
     21.00000    157.75000      0.00654
     21.25000    157.75000      0.00607
     21.50000    157.75000      0.00555
     21.75000    157.75000      0.00518
     22.00000    157.75000      0.00460
     22.25000    157.75000      0.00396
     22.50000    157.75000      0.00313
     22.75000    157.75000      0.00219
     23.00000    157.75000      0.00299
     23.25000    157.75000      0.00608
     23.50000    157.75000      0.01148
     23.75000    157.75000      0.01721
     24.00000    157.75000      0.01957
     15.00000    157.50000      0.00690
     15.25000    157.50000      0.00725
     15.50000    157.50000      0.00805
     15.75000    157.50000      0.00885
     16.00000    157.50000      0.00891
     16.25000    157.50000      0.00839
     16.50000    157.50000      0.00715
     16.75000    157.50000      0.00590
     17.00000    157.50000      0.00504
     17.25000    157.50000      0.00499
     17.50000    157.50000      0.00561
     17.75000    157.50000      0.00637
     18.00000    157.50000      0.00695
     18.25000    157.50000      0.00736
     18.50000    157.50000      0.00788
     18.75000    157.50000      0.00825
     19.00000    157.50000      0.00855
     19.25000    157.50000      0.00879
     19.50000    157.50000      0.00896
     19.75000    157.50000      0.00898
     20.00000    157.50000      0.00875
     20.25000    157.50000      0.00841
     20.50000    157.50000      0.00767
     20.75000    157.50000      0.00692
     21.00000    157.50000      0.00627
     21.25000    157.50000      0.00557
     21.50000    157.50000      0.00511
     21.75000    157.50000      0.00451
     22.00000    157.50000      0.00406
     22.25000    157.50000      0.00362
     22.50000    157.50000      0.00320
     22.75000    157.50000      0.00265
     23.00000    157.50000      0.00342
     23.25000    157.50000      0.00575
     23.50000    157.50000      0.00979
     23.75000    157.50000      0.01420
     24.00000    157.50000      0.01657
     15.00000    157.25000      0.00857
     15.25000    157.25000      0.00876
     15.50000    157.25000      0.00939
     15.75000    157.25000      0.00987
     16.00000    157.25000      0.00985
     16.25000    157.25000      0.00905
     16.50000    157.25000      0.00774
     16.75000    157.25000      0.00601
     17.00000    157.25000      0.00497
     17.25000    157.25000      0.00462
     17.50000    157.25000      0.00509
     17.75000    157.25000      0.00556
     18.00000    157.25000      0.00600
     18.25000    157.25000      0.00654
     18.50000    157.25000      0.00704
     18.75000    157.25000      0.00754
     19.00000    157.25000      0.00788
     19.25000    157.25000      0.00819
     19.50000    157.25000      0.00847
     19.75000    157.25000      0.00861
     20.00000    157.25000      0.00858
     20.25000    157.25000      0.00808
     20.50000    157.25000      0.00741
     20.75000    157.25000      0.00659
     21.00000    157.25000      0.00586
     21.25000    157.25000      0.00522
     21.50000    157.25000      0.00453
     21.75000    157.25000      0.00397
     22.00000    157.25000      0.00351
     22.25000    157.25000      0.00328
     22.50000    157.25000      0.00313
     22.75000    157.25000      0.00311
     23.00000    157.25000      0.00372
     23.25000    157.25000      0.00541
     23.50000    157.25000      0.00821
     23.75000    157.25000      0.01129
     24.00000    157.25000      0.01302
     13.25000    157.00000      0.00851
     13.50000    157.00000      0.00844
     13.75000    157.00000      0.00911
     14.00000    157.00000      0.00960
     14.25000    157.00000      0.00997
     14.50000    157.00000      0.00997
     14.75000    157.00000      0.00954
     15.00000    157.00000      0.00967
     15.25000    157.00000      0.00979
     15.50000    157.00000      0.01019
     15.75000    157.00000      0.01058
     16.00000    157.00000      0.01032
     16.25000    157.00000      0.00966
     16.50000    157.00000      0.00805
     16.75000    157.00000      0.00628
     17.00000    157.00000      0.00509
     17.25000    157.00000      0.00447
     17.50000    157.00000      0.00482
     17.75000    157.00000      0.00503
     18.00000    157.00000      0.00533
     18.25000    157.00000      0.00585
     18.50000    157.00000      0.00632
     18.75000    157.00000      0.00679
     19.00000    157.00000      0.00725
     19.25000    157.00000      0.00756
     19.50000    157.00000      0.00787
     19.75000    157.00000      0.00818
     20.00000    157.00000      0.00802
     20.25000    157.00000      0.00766
     20.50000    157.00000      0.00710
     20.75000    157.00000      0.00641
     21.00000    157.00000      0.00565
     21.25000    157.00000      0.00498
     21.50000    157.00000      0.00439
     21.75000    157.00000      0.00365
     22.00000    157.00000      0.00333
     22.25000    157.00000      0.00325
     22.50000    157.00000      0.00343
     22.75000    157.00000      0.00347
     23.00000    157.00000      0.00390
     23.25000    157.00000      0.00503
     23.50000    157.00000      0.00759
     23.75000    157.00000      0.00986
     24.00000    157.00000      0.01127
     13.25000    156.75000      0.00853
     13.50000    156.75000      0.00833
     13.75000    156.75000      0.00813
     14.00000    156.75000      0.00826
     14.25000    156.75000      0.00872
     14.50000    156.75000      0.00922
     14.75000    156.75000      0.00986
     15.00000    156.75000      0.01018
     15.25000    156.75000      0.01048
     15.50000    156.75000      0.01074
     15.75000    156.75000      0.01100
     16.00000    156.75000      0.01074
     16.25000    156.75000      0.00995
     16.50000    156.75000      0.00848
     16.75000    156.75000      0.00672
     17.00000    156.75000      0.00540
     17.25000    156.75000      0.00481
     17.50000    156.75000      0.00479
     17.75000    156.75000      0.00477
     18.00000    156.75000      0.00494
     18.25000    156.75000      0.00530
     18.50000    156.75000      0.00585
     18.75000    156.75000      0.00641
     19.00000    156.75000      0.00681
     19.25000    156.75000      0.00706
     19.50000    156.75000      0.00730
     19.75000    156.75000      0.00740
     20.00000    156.75000      0.00734
     20.25000    156.75000      0.00713
     20.50000    156.75000      0.00661
     20.75000    156.75000      0.00623
     21.00000    156.75000      0.00565
     21.25000    156.75000      0.00499
     21.50000    156.75000      0.00441
     21.75000    156.75000      0.00368
     22.00000    156.75000      0.00349
     22.25000    156.75000      0.00341
     22.50000    156.75000      0.00370
     22.75000    156.75000      0.00413
     23.00000    156.75000      0.00425
     13.25000    156.50000      0.00839
     13.50000    156.50000      0.00793
     13.75000    156.50000      0.00748
     14.00000    156.50000      0.00765
     14.25000    156.50000      0.00828
     14.50000    156.50000      0.00925
     14.75000    156.50000      0.00992
     15.00000    156.50000      0.01040
     15.25000    156.50000      0.01068
     15.50000    156.50000      0.01090
     15.75000    156.50000      0.01098
     16.00000    156.50000      0.01070
     16.25000    156.50000      0.01005
     16.50000    156.50000      0.00876
     16.75000    156.50000      0.00731
     17.00000    156.50000      0.00604
     17.25000    156.50000      0.00536
     17.50000    156.50000      0.00513
     17.75000    156.50000      0.00491
     18.00000    156.50000      0.00496
     18.25000    156.50000      0.00516
     18.50000    156.50000      0.00564
     18.75000    156.50000      0.00612
     19.00000    156.50000      0.00642
     19.25000    156.50000      0.00654
     19.50000    156.50000      0.00648
     19.75000    156.50000      0.00641
     20.00000    156.50000      0.00642
     20.25000    156.50000      0.00635
     20.50000    156.50000      0.00620
     20.75000    156.50000      0.00606
     21.00000    156.50000      0.00569
     21.25000    156.50000      0.00525
     21.50000    156.50000      0.00473
     21.75000    156.50000      0.00406
     22.00000    156.50000      0.00388
     22.25000    156.50000      0.00387
     22.50000    156.50000      0.00435
     22.75000    156.50000      0.00467
     23.00000    156.50000      0.00447
     13.25000    156.25000      0.00839
     13.50000    156.25000      0.00768
     13.75000    156.25000      0.00697
     14.00000    156.25000      0.00703
     14.25000    156.25000      0.00784
     14.50000    156.25000      0.00913
     14.75000    156.25000      0.01013
     15.00000    156.25000      0.01055
     15.25000    156.25000      0.01057
     15.50000    156.25000      0.01067
     15.75000    156.25000      0.01063
     16.00000    156.25000      0.01036
     16.25000    156.25000      0.00988
     16.50000    156.25000      0.00902
     16.75000    156.25000      0.00776
     17.00000    156.25000      0.00667
     17.25000    156.25000      0.00591
     17.50000    156.25000      0.00547
     17.75000    156.25000      0.00490
     18.00000    156.25000      0.00483
     18.25000    156.25000      0.00487
     18.50000    156.25000      0.00542
     18.75000    156.25000      0.00583
     19.00000    156.25000      0.00603
     19.25000    156.25000      0.00602
     19.50000    156.25000      0.00580
     19.75000    156.25000      0.00557
     20.00000    156.25000      0.00549
     20.25000    156.25000      0.00542
     20.50000    156.25000      0.00566
     20.75000    156.25000      0.00589
     21.00000    156.25000      0.00589
     21.25000    156.25000      0.00551
     21.50000    156.25000      0.00505
     21.75000    156.25000      0.00445
     22.00000    156.25000      0.00426
     22.25000    156.25000      0.00435
     22.50000    156.25000      0.00486
     22.75000    156.25000      0.00537
     23.00000    156.25000      0.00512
     13.25000    156.00000      0.00793
     13.50000    156.00000      0.00721
     13.75000    156.00000      0.00635
     14.00000    156.00000      0.00669
     14.25000    156.00000      0.00781
     14.50000    156.00000      0.00899
     14.75000    156.00000      0.01001
     15.00000    156.00000      0.01023
     15.25000    156.00000      0.01026
     15.50000    156.00000      0.01026
     15.75000    156.00000      0.01040
     16.00000    156.00000      0.01030
     16.25000    156.00000      0.00982
     16.50000    156.00000      0.00896
     16.75000    156.00000      0.00797
     17.00000    156.00000      0.00693
     17.25000    156.00000      0.00610
     17.50000    156.00000      0.00563
     17.75000    156.00000      0.00496
     18.00000    156.00000      0.00470
     18.25000    156.00000      0.00504
     18.50000    156.00000      0.00537
     18.75000    156.00000      0.00569
     19.00000    156.00000      0.00567
     19.25000    156.00000      0.00558
     19.50000    156.00000      0.00513
     19.75000    156.00000      0.00468
     20.00000    156.00000      0.00457
     20.25000    156.00000      0.00482
     20.50000    156.00000      0.00527
     20.75000    156.00000      0.00572
     21.00000    156.00000      0.00580
     21.25000    156.00000      0.00563
     21.50000    156.00000      0.00509
     21.75000    156.00000      0.00468
     22.00000    156.00000      0.00452
     22.25000    156.00000      0.00473
     22.50000    156.00000      0.00546
     22.75000    156.00000      0.00605
     23.00000    156.00000      0.00594
     13.00000    155.75000      0.00741
     13.25000    155.75000      0.00728
     13.50000    155.75000      0.00652
     13.75000    155.75000      0.00575
     14.00000    155.75000      0.00621
     16.00000    155.75000      0.01054
     16.25000    155.75000      0.01023
     16.50000    155.75000      0.00909
     16.75000    155.75000      0.00767
     17.00000    155.75000      0.00666
     17.25000    155.75000      0.00594
     17.50000    155.75000      0.00549
     17.75000    155.75000      0.00466
     18.00000    155.75000      0.00446
     18.25000    155.75000      0.00474
     18.50000    155.75000      0.00563
     18.75000    155.75000      0.00573
     19.00000    155.75000      0.00564
     19.25000    155.75000      0.00523
     19.50000    155.75000      0.00464
     19.75000    155.75000      0.00405
     20.00000    155.75000      0.00396
     20.25000    155.75000      0.00410
     20.50000    155.75000      0.00476
     20.75000    155.75000      0.00542
     21.00000    155.75000      0.00570
     21.25000    155.75000      0.00560
     21.50000    155.75000      0.00512
     21.75000    155.75000      0.00478
     22.00000    155.75000      0.00478
     22.25000    155.75000      0.00515
     22.50000    155.75000      0.00600
     22.75000    155.75000      0.00686
     23.00000    155.75000      0.00690
     13.00000    155.50000      0.00650
     13.25000    155.50000      0.00632
     13.50000    155.50000      0.00575
     13.75000    155.50000      0.00518
     14.00000    155.50000      0.00573
     16.00000    155.50000      0.01119
     16.25000    155.50000      0.01034
     16.50000    155.50000      0.00887
     16.75000    155.50000      0.00712
     17.00000    155.50000      0.00601
     17.25000    155.50000      0.00541
     17.50000    155.50000      0.00552
     17.75000    155.50000      0.00490
     18.00000    155.50000      0.00473
     18.25000    155.50000      0.00516
     18.50000    155.50000      0.00589
     18.75000    155.50000      0.00606
     19.00000    155.50000      0.00564
     19.25000    155.50000      0.00510
     19.50000    155.50000      0.00445
     19.75000    155.50000      0.00365
     20.00000    155.50000      0.00350
     20.25000    155.50000      0.00370
     20.50000    155.50000      0.00441
     20.75000    155.50000      0.00498
     21.00000    155.50000      0.00532
     21.25000    155.50000      0.00527
     21.50000    155.50000      0.00499
     21.75000    155.50000      0.00471
     22.00000    155.50000      0.00491
     22.25000    155.50000      0.00544
     22.50000    155.50000      0.00661
     22.75000    155.50000      0.00777
     23.00000    155.50000      0.00800
     13.00000    155.25000      0.00560
     13.25000    155.25000      0.00549
     13.50000    155.25000      0.00513
     13.75000    155.25000      0.00476
     14.00000    155.25000      0.00497
     16.00000    155.25000      0.01147
     16.25000    155.25000      0.01045
     16.50000    155.25000      0.00865
     16.75000    155.25000      0.00656
     17.00000    155.25000      0.00522
     17.25000    155.25000      0.00490
     17.50000    155.25000      0.00569
     17.75000    155.25000      0.00514
     18.00000    155.25000      0.00515
     18.25000    155.25000      0.00543
     18.50000    155.25000      0.00614
     18.75000    155.25000      0.00640
     19.00000    155.25000      0.00579
     19.25000    155.25000      0.00498
     19.50000    155.25000      0.00411
     19.75000    155.25000      0.00326
     20.00000    155.25000      0.00304
     20.25000    155.25000      0.00331
     20.50000    155.25000      0.00392
     20.75000    155.25000      0.00468
     21.00000    155.25000      0.00507
     21.25000    155.25000      0.00508
     21.50000    155.25000      0.00485
     21.75000    155.25000      0.00463
     22.00000    155.25000      0.00501
     22.25000    155.25000      0.00586
     22.50000    155.25000      0.00718
     22.75000    155.25000      0.00827
     23.00000    155.25000      0.00885
     13.00000    155.00000      0.00471
     13.25000    155.00000      0.00473
     13.50000    155.00000      0.00446
     13.75000    155.00000      0.00429
     14.00000    155.00000      0.00462
     16.00000    155.00000      0.01154
     16.25000    155.00000      0.01052
     16.50000    155.00000      0.00874
     16.75000    155.00000      0.00651
     17.00000    155.00000      0.00534
     17.25000    155.00000      0.00520
     17.50000    155.00000      0.00603
     17.75000    155.00000      0.00584
     18.00000    155.00000      0.00582
     18.25000    155.00000      0.00599
     18.50000    155.00000      0.00661
     18.75000    155.00000      0.00688
     19.00000    155.00000      0.00611
     19.25000    155.00000      0.00516
     19.50000    155.00000      0.00421
     19.75000    155.00000      0.00327
     20.00000    155.00000      0.00296
     20.25000    155.00000      0.00312
     20.50000    155.00000      0.00363
     20.75000    155.00000      0.00429
     21.00000    155.00000      0.00469
     21.25000    155.00000      0.00473
     21.50000    155.00000      0.00451
     21.75000    155.00000      0.00431
     22.00000    155.00000      0.00447
     22.25000    155.00000      0.00490
     22.50000    155.00000      0.00641
     22.75000    155.00000      0.00766
     23.00000    155.00000      0.00820
     23.25000    155.00000      0.00847
     23.50000    155.00000      0.00817
     23.75000    155.00000      0.00702
     14.00000    154.75000      0.00436
     16.00000    154.75000      0.01124
     16.25000    154.75000      0.01043
     16.50000    154.75000      0.00885
     16.75000    154.75000      0.00712
     17.00000    154.75000      0.00623
     17.25000    154.75000      0.00633
     17.50000    154.75000      0.00668
     17.75000    154.75000      0.00658
     18.00000    154.75000      0.00662
     18.25000    154.75000      0.00695
     18.50000    154.75000      0.00742
     18.75000    154.75000      0.00763
     19.00000    154.75000      0.00673
     19.25000    154.75000      0.00567
     19.50000    154.75000      0.00459
     19.75000    154.75000      0.00353
     20.00000    154.75000      0.00311
     20.25000    154.75000      0.00315
     20.50000    154.75000      0.00368
     20.75000    154.75000      0.00408
     21.00000    154.75000      0.00434
     21.25000    154.75000      0.00422
     21.50000    154.75000      0.00379
     21.75000    154.75000      0.00334
     22.00000    154.75000      0.00314
     14.00000    154.50000      0.00436
     16.00000    154.50000      0.01086
     16.25000    154.50000      0.01029
     16.50000    154.50000      0.00940
     16.75000    154.50000      0.00821
     17.00000    154.50000      0.00775
     17.25000    154.50000      0.00736
     17.50000    154.50000      0.00751
     17.75000    154.50000      0.00751
     18.00000    154.50000      0.00769
     18.25000    154.50000      0.00791
     18.50000    154.50000      0.00816
     18.75000    154.50000      0.00839
     19.00000    154.50000      0.00753
     19.25000    154.50000      0.00635
     19.50000    154.50000      0.00527
     19.75000    154.50000      0.00420
     20.00000    154.50000      0.00363
     20.25000    154.50000      0.00340
     20.50000    154.50000      0.00366
     20.75000    154.50000      0.00391
     21.00000    154.50000      0.00388
     21.25000    154.50000      0.00351
     21.50000    154.50000      0.00287
     21.75000    154.50000      0.00232
     22.00000    154.50000      0.00155
     14.00000    154.25000      0.00421
     16.00000    154.25000      0.00954
     16.25000    154.25000      0.00929
     16.50000    154.25000      0.00881
     16.75000    154.25000      0.00819
     17.00000    154.25000      0.00781
     17.25000    154.25000      0.00781
     17.50000    154.25000      0.00805
     17.75000    154.25000      0.00829
     18.00000    154.25000      0.00846
     18.25000    154.25000      0.00872
     18.50000    154.25000      0.00904
     18.75000    154.25000      0.00913
     19.00000    154.25000      0.00819
     19.25000    154.25000      0.00717
     19.50000    154.25000      0.00595
     19.75000    154.25000      0.00474
     20.00000    154.25000      0.00416
     20.25000    154.25000      0.00379
     20.50000    154.25000      0.00377
     20.75000    154.25000      0.00374
     21.00000    154.25000      0.00340
     21.25000    154.25000      0.00267
     21.50000    154.25000      0.00207
     21.75000    154.25000      0.00138
     22.00000    154.25000      0.00047
     14.00000    154.00000      0.00427
     14.25000    154.00000      0.00577
     14.50000    154.00000      0.00692
     14.75000    154.00000      0.00807
     15.00000    154.00000      0.00884
     15.25000    154.00000      0.00922
     15.50000    154.00000      0.00941
     15.75000    154.00000      0.00928
     16.00000    154.00000      0.00904
     16.25000    154.00000      0.00884
     16.50000    154.00000      0.00854
     16.75000    154.00000      0.00810
     17.00000    154.00000      0.00798
     17.25000    154.00000      0.00804
     17.50000    154.00000      0.00843
     17.75000    154.00000      0.00883
     18.00000    154.00000      0.00909
     18.25000    154.00000      0.00935
     18.50000    154.00000      0.00948
     18.75000    154.00000      0.00960
     19.00000    154.00000      0.00896
     19.25000    154.00000      0.00783
     19.50000    154.00000      0.00661
     19.75000    154.00000      0.00539
     20.00000    154.00000      0.00465
     20.25000    154.00000      0.00412
     20.50000    154.00000      0.00406
     20.75000    154.00000      0.00373
     21.00000    154.00000      0.00304
     21.25000    154.00000      0.00221
     21.50000    154.00000      0.00146
     21.75000    154.00000      0.00074
     22.00000    154.00000      0.00012
     14.00000    153.75000      0.00440
     14.25000    153.75000      0.00577
     14.50000    153.75000      0.00709
     14.75000    153.75000      0.00813
     15.00000    153.75000      0.00891
     15.25000    153.75000      0.00943
     15.50000    153.75000      0.00948
     15.75000    153.75000      0.00921
     16.00000    153.75000      0.00894
     16.25000    153.75000      0.00882
     16.50000    153.75000      0.00856
     16.75000    153.75000      0.00830
     17.00000    153.75000      0.00828
     17.25000    153.75000      0.00849
     17.50000    153.75000      0.00881
     17.75000    153.75000      0.00912
     18.00000    153.75000      0.00941
     18.25000    153.75000      0.00954
     18.50000    153.75000      0.00964
     18.75000    153.75000      0.00973
     19.00000    153.75000      0.00949
     19.25000    153.75000      0.00858
     19.50000    153.75000      0.00723
     19.75000    153.75000      0.00601
     20.00000    153.75000      0.00511
     20.25000    153.75000      0.00467
     20.50000    153.75000      0.00440
     20.75000    153.75000      0.00391
     21.00000    153.75000      0.00294
     21.25000    153.75000      0.00200
     21.50000    153.75000      0.00113
     21.75000    153.75000      0.00042
     22.00000    153.75000      0.00005
     14.00000    153.50000      0.00431
     14.25000    153.50000      0.00558
     14.50000    153.50000      0.00683
     14.75000    153.50000      0.00780
     15.00000    153.50000      0.00861
     15.25000    153.50000      0.00912
     15.50000    153.50000      0.00928
     15.75000    153.50000      0.00921
     16.00000    153.50000      0.00909
     16.25000    153.50000      0.00907
     16.50000    153.50000      0.00887
     16.75000    153.50000      0.00881
     17.00000    153.50000      0.00872
     17.25000    153.50000      0.00888
     17.50000    153.50000      0.00917
     17.75000    153.50000      0.00931
     18.00000    153.50000      0.00958
     18.25000    153.50000      0.00969
     18.50000    153.50000      0.00964
     18.75000    153.50000      0.00972
     19.00000    153.50000      0.00933
     19.25000    153.50000      0.00861
     19.50000    153.50000      0.00784
     19.75000    153.50000      0.00660
     20.00000    153.50000      0.00581
     20.25000    153.50000      0.00516
     20.50000    153.50000      0.00479
     20.75000    153.50000      0.00417
     21.00000    153.50000      0.00324
     21.25000    153.50000      0.00214
     21.50000    153.50000      0.00098
     21.75000    153.50000      0.00021
     22.00000    153.50000      0.00001
     14.00000    153.25000      0.00422
     14.25000    153.25000      0.00540
     14.50000    153.25000      0.00644
     14.75000    153.25000      0.00747
     15.00000    153.25000      0.00816
     15.25000    153.25000      0.00869
     15.50000    153.25000      0.00894
     15.75000    153.25000      0.00921
     16.00000    153.25000      0.00924
     16.25000    153.25000      0.00918
     16.50000    153.25000      0.00918
     16.75000    153.25000      0.00917
     17.00000    153.25000      0.00915
     17.25000    153.25000      0.00927
     17.50000    153.25000      0.00938
     17.75000    153.25000      0.00949
     18.00000    153.25000      0.00960
     18.25000    153.25000      0.00969
     18.50000    153.25000      0.00963
     18.75000    153.25000      0.00957
     19.00000    153.25000      0.00917
     19.25000    153.25000      0.00845
     19.50000    153.25000      0.00753
     19.75000    153.25000      0.00662
     20.00000    153.25000      0.00603
     20.25000    153.25000      0.00533
     20.50000    153.25000      0.00482
     20.75000    153.25000      0.00430
     21.00000    153.25000      0.00340
     21.25000    153.25000      0.00215
     21.50000    153.25000      0.00083
     21.75000    153.25000      0.00005
     22.00000    153.25000      0.00000
     14.25000    153.00000      0.00528
     14.50000    153.00000      0.00633
     14.75000    153.00000      0.00739
     15.00000    153.00000      0.00808
     15.25000    153.00000      0.00867
     15.50000    153.00000      0.00896
     15.75000    153.00000      0.00925
     16.00000    153.00000      0.00944
     16.25000    153.00000      0.00953
     16.50000    153.00000      0.00951
     16.75000    153.00000      0.00949
     17.00000    153.00000      0.00944
     17.25000    153.00000      0.00951
     17.50000    153.00000      0.00956
     17.75000    153.00000      0.00961
     18.00000    153.00000      0.00965
     18.25000    153.00000      0.00969
     18.50000    153.00000      0.00957
     18.75000    153.00000      0.00946
     19.00000    153.00000      0.00903
     19.25000    153.00000      0.00829
     19.50000    153.00000      0.00738
     19.75000    153.00000      0.00648
     20.00000    153.00000      0.00591
     20.25000    153.00000      0.00541
     20.50000    153.00000      0.00498
     20.75000    153.00000      0.00468
     21.00000    153.00000      0.00381
     21.25000    153.00000      0.00266
     21.50000    153.00000      0.00133
     21.75000    153.00000      0.00022
     22.00000    153.00000      0.00000
     15.00000    152.75000      0.00834
     15.25000    152.75000      0.00887
     15.50000    152.75000      0.00931
     15.75000    152.75000      0.00961
     16.00000    152.75000      0.00983
     16.25000    152.75000      0.00982
     16.50000    152.75000      0.00987
     16.75000    152.75000      0.00990
     17.00000    152.75000      0.00986
     17.25000    152.75000      0.00989
     17.50000    152.75000      0.00984
     17.75000    152.75000      0.00979
     18.00000    152.75000      0.00973
     18.25000    152.75000      0.00967
     18.50000    152.75000      0.00947
     18.75000    152.75000      0.00926
     19.00000    152.75000      0.00878
     19.25000    152.75000      0.00815
     19.50000    152.75000      0.00725
     19.75000    152.75000      0.00648
     20.00000    152.75000      0.00595
     20.25000    152.75000      0.00549
     20.50000    152.75000      0.00541
     20.75000    152.75000      0.00518
     21.00000    152.75000      0.00476
     21.25000    152.75000      0.00372
     21.50000    152.75000      0.00239
     21.75000    152.75000      0.00117
     22.00000    152.75000      0.00069
     15.00000    152.50000      0.00876
     15.25000    152.50000      0.00918
     15.50000    152.50000      0.00973
     15.75000    152.50000      0.01002
     16.00000    152.50000      0.01013
     16.25000    152.50000      0.01034
     16.50000    152.50000      0.01037
     16.75000    152.50000      0.01040
     17.00000    152.50000      0.01027
     17.25000    152.50000      0.01026
     17.50000    152.50000      0.01008
     17.75000    152.50000      0.00990
     18.00000    152.50000      0.00971
     18.25000    152.50000      0.00966
     18.50000    152.50000      0.00932
     18.75000    152.50000      0.00912
     19.00000    152.50000      0.00869
     19.25000    152.50000      0.00803
     19.50000    152.50000      0.00726
     19.75000    152.50000      0.00664
     20.00000    152.50000      0.00613
     20.25000    152.50000      0.00600
     20.50000    152.50000      0.00611
     20.75000    152.50000      0.00623
     21.00000    152.50000      0.00597
     21.25000    152.50000      0.00549
     21.50000    152.50000      0.00450
     21.75000    152.50000      0.00367
     22.00000    152.50000      0.00334
     15.00000    152.25000      0.00919
     15.25000    152.25000      0.00945
     15.50000    152.25000      0.01002
     15.75000    152.25000      0.01042
     16.00000    152.25000      0.01056
     16.25000    152.25000      0.01071
     16.50000    152.25000      0.01073
     16.75000    152.25000      0.01089
     17.00000    152.25000      0.01080
     17.25000    152.25000      0.01061
     17.50000    152.25000      0.01031
     17.75000    152.25000      0.01015
     18.00000    152.25000      0.00983
     18.25000    152.25000      0.00950
     18.50000    152.25000      0.00931
     18.75000    152.25000      0.00898
     19.00000    152.25000      0.00846
     19.25000    152.25000      0.00789
     19.50000    152.25000      0.00742
     19.75000    152.25000      0.00680
     20.00000    152.25000      0.00645
     20.25000    152.25000      0.00650
     20.50000    152.25000      0.00696
     20.75000    152.25000      0.00742
     21.00000    152.25000      0.00748
     21.25000    152.25000      0.00743
     21.50000    152.25000      0.00713
     21.75000    152.25000      0.00669
     22.00000    152.25000      0.00666
     15.00000    152.00000      0.00943
     15.25000    152.00000      0.00968
     15.50000    152.00000      0.00999
     15.75000    152.00000      0.01043
     16.00000    152.00000      0.01084
     16.25000    152.00000      0.01092
     16.50000    152.00000      0.01098
     16.75000    152.00000      0.01104
     17.00000    152.00000      0.01097
     17.25000    152.00000      0.01078
     17.50000    152.00000      0.01045
     17.75000    152.00000      0.00997
     18.00000    152.00000      0.00974
     18.25000    152.00000      0.00934
     18.50000    152.00000      0.00906
     18.75000    152.00000      0.00878
     19.00000    152.00000      0.00833
     19.25000    152.00000      0.00786
     19.50000    152.00000      0.00736
     19.75000    152.00000      0.00687
     20.00000    152.00000      0.00665
     20.25000    152.00000      0.00700
     20.50000    152.00000      0.00748
     20.75000    152.00000      0.00810
     21.00000    152.00000      0.00832
     21.25000    152.00000      0.00855
     21.50000    152.00000      0.00838
     21.75000    152.00000      0.00821
     15.00000    151.75000      0.00948
     15.25000    151.75000      0.00959
     15.50000    151.75000      0.00989
     15.75000    151.75000      0.01020
     16.00000    151.75000      0.01050
     16.25000    151.75000      0.01077
     16.50000    151.75000      0.01097
     16.75000    151.75000      0.01099
     17.00000    151.75000      0.01092
     17.25000    151.75000      0.01061
     17.50000    151.75000      0.01021
     17.75000    151.75000      0.00965
     18.00000    151.75000      0.00931
     18.25000    151.75000      0.00903
     18.50000    151.75000      0.00870
     18.75000    151.75000      0.00850
     19.00000    151.75000      0.00815
     19.25000    151.75000      0.00777
     19.50000    151.75000      0.00724
     19.75000    151.75000      0.00685
     20.00000    151.75000      0.00674
     20.25000    151.75000      0.00692
     20.50000    151.75000      0.00752
     20.75000    151.75000      0.00813
     21.00000    151.75000      0.00833
     21.25000    151.75000      0.00841
     21.50000    151.75000      0.00824
     21.75000    151.75000      0.00792
     15.25000    151.50000      0.00959
     15.50000    151.50000      0.00962
     15.75000    151.50000      0.00978
     16.00000    151.50000      0.00998
     16.25000    151.50000      0.01034
     16.50000    151.50000      0.01072
     16.75000    151.50000      0.01076
     17.00000    151.50000      0.01065
     17.25000    151.50000      0.01026
     17.50000    151.50000      0.00972
     17.75000    151.50000      0.00904
     18.00000    151.50000      0.00866
     18.25000    151.50000      0.00829
     18.50000    151.50000      0.00823
     18.75000    151.50000      0.00816
     19.00000    151.50000      0.00806
     19.25000    151.50000      0.00765
     19.50000    151.50000      0.00719
     19.75000    151.50000      0.00674
     20.00000    151.50000      0.00658
     20.25000    151.50000      0.00669
     20.50000    151.50000      0.00710
     20.75000    151.50000      0.00764
     21.00000    151.50000      0.00766
     21.25000    151.50000      0.00730
     21.50000    151.50000      0.00655
     21.75000    151.50000      0.00566
     15.50000    151.25000      0.00934
     15.75000    151.25000      0.00936
     16.00000    151.25000      0.00946
     16.25000    151.25000      0.00991
     16.50000    151.25000      0.01042
     16.75000    151.25000      0.01052
     17.00000    151.25000      0.01024
     17.25000    151.25000      0.00977
     17.50000    151.25000      0.00910
     17.75000    151.25000      0.00829
     18.00000    151.25000      0.00772
     18.25000    151.25000      0.00755
     18.50000    151.25000      0.00776
     18.75000    151.25000      0.00796
     19.00000    151.25000      0.00783
     19.25000    151.25000      0.00766
     19.50000    151.25000      0.00715
     19.75000    151.25000      0.00664
     20.00000    151.25000      0.00641
     20.25000    151.25000      0.00647
     20.50000    151.25000      0.00681
     20.75000    151.25000      0.00716
     21.00000    151.25000      0.00699
     21.25000    151.25000      0.00633
     21.50000    151.25000      0.00501
     21.75000    151.25000      0.00344
     16.00000    151.00000      0.00920
     16.25000    151.00000      0.00939
     16.50000    151.00000      0.01007
     16.75000    151.00000      0.00999
     17.00000    151.00000      0.00972
     17.25000    151.00000      0.00916
     17.50000    151.00000      0.00846
     17.75000    151.00000      0.00762
     18.00000    151.00000      0.00739
     18.25000    151.00000      0.00721
     18.50000    151.00000      0.00736
     18.75000    151.00000      0.00765
     19.00000    151.00000      0.00762
     19.25000    151.00000      0.00741
     19.50000    151.00000      0.00689
     19.75000    151.00000      0.00650
     20.00000    151.00000      0.00618
     20.25000    151.00000      0.00627
     20.50000    151.00000      0.00649
     20.75000    151.00000      0.00681
     21.00000    151.00000      0.00669
     21.25000    151.00000      0.00600
     15.75000    150.75000      0.00945
     16.00000    150.75000      0.00922
     18.00000    150.75000      0.00752
     18.25000    150.75000      0.00744
     18.50000    150.75000      0.00734
     18.75000    150.75000      0.00738
     19.00000    150.75000      0.00713
     19.25000    150.75000      0.00691
     19.50000    150.75000      0.00656
     19.75000    150.75000      0.00620
     20.00000    150.75000      0.00599
     15.75000    150.50000      0.01010
     16.00000    150.50000      0.00963
     18.00000    150.50000      0.00839
     18.25000    150.50000      0.00821
     18.50000    150.50000      0.00768
     18.75000    150.50000      0.00699
     19.00000    150.50000      0.00653
     19.25000    150.50000      0.00615
     19.50000    150.50000      0.00602
     19.75000    150.50000      0.00574
     20.00000    150.50000      0.00566
     15.75000    150.25000      0.01074
     16.00000    150.25000      0.01019
     18.00000    150.25000      0.00852
     18.25000    150.25000      0.00879
     18.50000    150.25000      0.00788
     18.75000    150.25000      0.00675
     19.00000    150.25000      0.00592
     19.25000    150.25000      0.00540
     19.50000    150.25000      0.00534
     19.75000    150.25000      0.00541
     20.00000    150.25000      0.00538
     15.75000    150.00000      0.01035
     16.00000    150.00000      0.00961
     18.00000    150.00000      0.00798
     18.25000    150.00000      0.00824
     18.50000    150.00000      0.00783
     18.75000    150.00000      0.00626
     19.00000    150.00000      0.00537
     19.25000    150.00000      0.00510
     19.50000    150.00000      0.00534
     19.75000    150.00000      0.00545
     20.00000    150.00000      0.00551
     18.00000    149.75000      0.00699
     18.25000    149.75000      0.00719
     18.50000    149.75000      0.00683
     18.75000    149.75000      0.00593
     19.00000    149.75000      0.00510
     18.00000    149.50000      0.00599
     18.25000    149.50000      0.00563
     18.50000    149.50000      0.00507
     18.75000    149.50000      0.00424
     19.00000    149.50000      0.00397
     18.00000    149.25000      0.00488
     18.25000    149.25000      0.00435
     18.50000    149.25000      0.00332
     18.75000    149.25000      0.00246
     19.00000    149.25000      0.00196
