     21.25000    164.00000      0.00000
     21.50000    164.00000      0.00000
     21.75000    164.00000      0.00000
     22.00000    164.00000      0.00000
     22.25000    164.00000      0.00000
     22.50000    164.00000      0.00000
     22.75000    164.00000      0.00000
     23.00000    164.00000      0.00000
     23.25000    164.00000      0.00000
     23.50000    164.00000      0.00000
     20.75000    163.75000      0.00000
     21.00000    163.75000      0.00000
     21.25000    163.75000      0.00000
     21.50000    163.75000      0.00000
     21.75000    163.75000      0.00000
     22.00000    163.75000      0.00000
     22.25000    163.75000      0.00000
     22.50000    163.75000      0.00000
     22.75000    163.75000      0.00000
     23.00000    163.75000      0.00000
     23.25000    163.75000      0.00000
     23.50000    163.75000      0.00000
     23.75000    163.75000      0.00000
     24.00000    163.75000      0.00000
     24.25000    163.75000      0.00000
     20.50000    163.50000      0.00000
     20.75000    163.50000      0.00000
     21.00000    163.50000      0.00000
     21.25000    163.50000      0.00000
     21.50000    163.50000      0.00000
     21.75000    163.50000      0.00000
     22.00000    163.50000      0.00000
     22.25000    163.50000      0.00000
     22.50000    163.50000      0.00000
     22.75000    163.50000      0.00000
     23.00000    163.50000      0.00000
     23.25000    163.50000      0.00000
     23.50000    163.50000      0.00000
     23.75000    163.50000      0.00000
     24.00000    163.50000      0.00000
     24.25000    163.50000      0.00000
     20.25000    163.25000      0.00000
     20.50000    163.25000      0.00000
     20.75000    163.25000      0.00000
     21.00000    163.25000      0.00000
     21.25000    163.25000      0.00000
     21.50000    163.25000      0.00000
     21.75000    163.25000      0.00000
     22.00000    163.25000      0.00000
     22.25000    163.25000      0.00000
     22.50000    163.25000      0.00000
     22.75000    163.25000      0.00000
     23.00000    163.25000      0.00000
     23.25000    163.25000      0.00000
     23.50000    163.25000      0.00000
     23.75000    163.25000      0.00000
     24.00000    163.25000      0.00000
     24.25000    163.25000      0.00000
     19.75000    163.00000      0.00000
     20.00000    163.00000      0.00000
     20.25000    163.00000      0.00000
     20.50000    163.00000      0.00000
     20.75000    163.00000      0.00000
     21.00000    163.00000      0.00000
     21.25000    163.00000      0.00000
     21.50000    163.00000      0.00000
     21.75000    163.00000      0.00000
     22.00000    163.00000      0.00000
     22.25000    163.00000      0.00000
     22.50000    163.00000      0.00000
     22.75000    163.00000      0.00000
     23.00000    163.00000      0.00000
     23.25000    163.00000      0.00000
     23.50000    163.00000      0.00000
     23.75000    163.00000      0.00000
     24.00000    163.00000      0.00000
     24.25000    163.00000      0.00000
     19.50000    162.75000      0.00023
     19.75000    162.75000      0.00000
     20.00000    162.75000      0.00000
     20.25000    162.75000      0.00000
     20.50000    162.75000      0.00000
     20.75000    162.75000      0.00000
     21.00000    162.75000      0.00000
     21.25000    162.75000      0.00000
     21.50000    162.75000      0.00000
     21.75000    162.75000      0.00000
     22.00000    162.75000      0.00000
     22.25000    162.75000      0.00000
     22.50000    162.75000      0.00000
     22.75000    162.75000      0.00000
     23.00000    162.75000      0.00000
     23.25000    162.75000      0.00000
     23.50000    162.75000      0.00000
     23.75000    162.75000      0.00000
     24.00000    162.75000      0.00000
     24.25000    162.75000      0.00000
     19.25000    162.50000      0.00114
     19.50000    162.50000      0.00072
     19.75000    162.50000      0.00013
     20.00000    162.50000      0.00000
     20.25000    162.50000      0.00000
     20.50000    162.50000      0.00000
     20.75000    162.50000      0.00000
     21.00000    162.50000      0.00000
     21.25000    162.50000      0.00000
     21.50000    162.50000      0.00000
     21.75000    162.50000      0.00000
     22.00000    162.50000      0.00000
     22.25000    162.50000      0.00000
     22.50000    162.50000      0.00000
     22.75000    162.50000      0.00000
     23.00000    162.50000      0.00000
     23.25000    162.50000      0.00000
     23.50000    162.50000      0.00000
     23.75000    162.50000      0.00000
     24.00000    162.50000      0.00000
     24.25000    162.50000      0.00000
     24.50000    162.50000      0.00000
     19.00000    162.25000      0.00167
     19.25000    162.25000      0.00154
     19.50000    162.25000      0.00135
     19.75000    162.25000      0.00104
     20.00000    162.25000      0.00036
     20.25000    162.25000      0.00000
     20.50000    162.25000      0.00000
     20.75000    162.25000      0.00000
     21.00000    162.25000      0.00000
     21.25000    162.25000      0.00000
     21.50000    162.25000      0.00000
     21.75000    162.25000      0.00000
     22.00000    162.25000      0.00000
     22.25000    162.25000      0.00000
     22.50000    162.25000      0.00000
     22.75000    162.25000      0.00000
     23.00000    162.25000      0.00000
     23.25000    162.25000      0.00000
     23.50000    162.25000      0.00000
     23.75000    162.25000      0.00000
     24.00000    162.25000      0.00000
     24.25000    162.25000      0.00000
     24.50000    162.25000      0.00000
     19.00000    162.00000      0.00217
     19.25000    162.00000      0.00201
     19.50000    162.00000      0.00200
     19.75000    162.00000      0.00185
     20.00000    162.00000      0.00120
     20.25000    162.00000      0.00028
     20.50000    162.00000      0.00000
     20.75000    162.00000      0.00000
     21.00000    162.00000      0.00000
     21.25000    162.00000      0.00000
     21.50000    162.00000      0.00000
     21.75000    162.00000      0.00000
     22.00000    162.00000      0.00000
     22.25000    162.00000      0.00000
     22.50000    162.00000      0.00000
     22.75000    162.00000      0.00000
     23.00000    162.00000      0.00000
     23.25000    162.00000      0.00000
     23.50000    162.00000      0.00000
     23.75000    162.00000      0.00000
     24.00000    162.00000      0.00000
     24.25000    162.00000      0.00000
     24.50000    162.00000      0.00000
     19.00000    161.75000      0.00264
     19.25000    161.75000      0.00237
     19.50000    161.75000      0.00232
     19.75000    161.75000      0.00227
     20.00000    161.75000      0.00159
     20.25000    161.75000      0.00071
     20.50000    161.75000      0.00000
     20.75000    161.75000      0.00000
     21.00000    161.75000      0.00000
     21.25000    161.75000      0.00000
     21.50000    161.75000      0.00000
     21.75000    161.75000      0.00000
     22.00000    161.75000      0.00000
     22.25000    161.75000      0.00000
     22.50000    161.75000      0.00000
     22.75000    161.75000      0.00000
     23.00000    161.75000      0.00000
     23.25000    161.75000      0.00000
     23.50000    161.75000      0.00000
     23.75000    161.75000      0.00000
     24.00000    161.75000      0.00000
     24.25000    161.75000      0.00000
     24.50000    161.75000      0.00007
     19.00000    161.50000      0.00278
     19.25000    161.50000      0.00232
     19.50000    161.50000      0.00228
     19.75000    161.50000      0.00208
     20.00000    161.50000      0.00151
     20.25000    161.50000      0.00078
     20.50000    161.50000      0.00005
     20.75000    161.50000      0.00000
     21.00000    161.50000      0.00000
     21.25000    161.50000      0.00000
     21.50000    161.50000      0.00000
     21.75000    161.50000      0.00000
     22.00000    161.50000      0.00000
     22.25000    161.50000      0.00000
     22.50000    161.50000      0.00000
     22.75000    161.50000      0.00000
     23.00000    161.50000      0.00000
     23.25000    161.50000      0.00000
     23.50000    161.50000      0.00000
     23.75000    161.50000      0.00022
     24.00000    161.50000      0.00066
     24.25000    161.50000      0.00138
     24.50000    161.50000      0.00195
     15.50000    161.25000      0.00000
     15.75000    161.25000      0.00000
     16.00000    161.25000      0.00000
     19.00000    161.25000      0.00292
     19.25000    161.25000      0.00242
     19.50000    161.25000      0.00208
     19.75000    161.25000      0.00189
     20.00000    161.25000      0.00141
     20.25000    161.25000      0.00096
     20.50000    161.25000      0.00037
     20.75000    161.25000      0.00001
     21.00000    161.25000      0.00000
     21.25000    161.25000      0.00000
     21.50000    161.25000      0.00000
     21.75000    161.25000      0.00000
     22.00000    161.25000      0.00000
     22.25000    161.25000      0.00000
     22.50000    161.25000      0.00000
     22.75000    161.25000      0.00000
     23.00000    161.25000      0.00000
     23.25000    161.25000      0.00000
     23.50000    161.25000      0.00080
     23.75000    161.25000      0.00217
     24.00000    161.25000      0.00355
     24.25000    161.25000      0.00415
     24.50000    161.25000      0.00472
     24.75000    161.25000      0.00513
     15.25000    161.00000      0.00000
     15.50000    161.00000      0.00000
     15.75000    161.00000      0.00000
     16.00000    161.00000      0.00000
     16.25000    161.00000      0.00001
     16.50000    161.00000      0.00204
     16.75000    161.00000      0.00501
     17.00000    161.00000      0.00704
     19.00000    161.00000      0.00328
     19.25000    161.00000      0.00267
     19.50000    161.00000      0.00245
     19.75000    161.00000      0.00207
     20.00000    161.00000      0.00160
     20.25000    161.00000      0.00120
     20.50000    161.00000      0.00075
     20.75000    161.00000      0.00047
     21.00000    161.00000      0.00020
     21.25000    161.00000      0.00011
     21.50000    161.00000      0.00012
     21.75000    161.00000      0.00008
     22.00000    161.00000      0.00003
     22.25000    161.00000      0.00001
     22.50000    161.00000      0.00000
     22.75000    161.00000      0.00000
     23.00000    161.00000      0.00001
     23.25000    161.00000      0.00054
     23.50000    161.00000      0.00189
     23.75000    161.00000      0.00366
     24.00000    161.00000      0.00499
     24.25000    161.00000      0.00615
     24.50000    161.00000      0.00662
     24.75000    161.00000      0.00709
     15.00000    160.75000      0.00000
     15.25000    160.75000      0.00000
     15.50000    160.75000      0.00000
     15.75000    160.75000      0.00000
     16.00000    160.75000      0.00000
     16.25000    160.75000      0.00012
     16.50000    160.75000      0.00179
     16.75000    160.75000      0.00455
     17.00000    160.75000      0.00641
     19.00000    160.75000      0.00386
     19.25000    160.75000      0.00338
     19.50000    160.75000      0.00294
     19.75000    160.75000      0.00234
     20.00000    160.75000      0.00196
     20.25000    160.75000      0.00164
     20.50000    160.75000      0.00126
     20.75000    160.75000      0.00102
     21.00000    160.75000      0.00075
     21.25000    160.75000      0.00058
     21.50000    160.75000      0.00048
     21.75000    160.75000      0.00049
     22.00000    160.75000      0.00035
     22.25000    160.75000      0.00026
     22.50000    160.75000      0.00015
     22.75000    160.75000      0.00011
     23.00000    160.75000      0.00027
     23.25000    160.75000      0.00113
     23.50000    160.75000      0.00281
     23.75000    160.75000      0.00498
     24.00000    160.75000      0.00652
     24.25000    160.75000      0.00754
     24.50000    160.75000      0.00770
     24.75000    160.75000      0.00787
     15.00000    160.50000      0.00000
     15.25000    160.50000      0.00000
     15.50000    160.50000      0.00000
     15.75000    160.50000      0.00000
     16.00000    160.50000      0.00000
     16.25000    160.50000      0.00017
     16.50000    160.50000      0.00169
     16.75000    160.50000      0.00389
     17.00000    160.50000      0.00545
     19.00000    160.50000      0.00483
     19.25000    160.50000      0.00426
     19.50000    160.50000      0.00372
     19.75000    160.50000      0.00302
     20.00000    160.50000      0.00250
     20.25000    160.50000      0.00216
     20.50000    160.50000      0.00171
     20.75000    160.50000      0.00129
     21.00000    160.50000      0.00111
     21.25000    160.50000      0.00090
     21.50000    160.50000      0.00079
     21.75000    160.50000      0.00080
     22.00000    160.50000      0.00070
     22.25000    160.50000      0.00051
     22.50000    160.50000      0.00027
     22.75000    160.50000      0.00015
     23.00000    160.50000      0.00043
     23.25000    160.50000      0.00143
     23.50000    160.50000      0.00360
     23.75000    160.50000      0.00644
     24.00000    160.50000      0.00828
     24.25000    160.50000      0.00895
     24.50000    160.50000      0.00862
     24.75000    160.50000      0.00845
     15.00000    160.25000      0.00000
     15.25000    160.25000      0.00000
     15.50000    160.25000      0.00000
     15.75000    160.25000      0.00000
     16.00000    160.25000      0.00000
     16.25000    160.25000      0.00022
     16.50000    160.25000      0.00159
     16.75000    160.25000      0.00324
     17.00000    160.25000      0.00450
     19.00000    160.25000      0.00510
     19.25000    160.25000      0.00514
     19.50000    160.25000      0.00450
     19.75000    160.25000      0.00370
     20.00000    160.25000      0.00320
     20.25000    160.25000      0.00270
     20.50000    160.25000      0.00219
     20.75000    160.25000      0.00170
     21.00000    160.25000      0.00135
     21.25000    160.25000      0.00112
     21.50000    160.25000      0.00113
     21.75000    160.25000      0.00113
     22.00000    160.25000      0.00098
     22.25000    160.25000      0.00069
     22.50000    160.25000      0.00041
     22.75000    160.25000      0.00018
     23.00000    160.25000      0.00050
     23.25000    160.25000      0.00174
     23.50000    160.25000      0.00457
     23.75000    160.25000      0.00806
     24.00000    160.25000      0.01021
     24.25000    160.25000      0.01087
     24.50000    160.25000      0.00970
     24.75000    160.25000      0.00887
     25.00000    160.25000      0.00846
     15.00000    160.00000      0.00000
     15.25000    160.00000      0.00000
     15.50000    160.00000      0.00000
     15.75000    160.00000      0.00000
     16.00000    160.00000      0.00000
     16.25000    160.00000      0.00031
     16.50000    160.00000      0.00142
     16.75000    160.00000      0.00270
     17.00000    160.00000      0.00382
     17.25000    160.00000      0.00489
     17.50000    160.00000      0.00570
     17.75000    160.00000      0.00523
     18.00000    160.00000      0.00492
     18.25000    160.00000      0.00463
     18.50000    160.00000      0.00469
     18.75000    160.00000      0.00474
     19.00000    160.00000      0.00491
     19.25000    160.00000      0.00518
     19.50000    160.00000      0.00503
     19.75000    160.00000      0.00448
     20.00000    160.00000      0.00388
     20.25000    160.00000      0.00323
     20.50000    160.00000      0.00269
     20.75000    160.00000      0.00216
     21.00000    160.00000      0.00177
     21.25000    160.00000      0.00164
     21.50000    160.00000      0.00147
     21.75000    160.00000      0.00145
     22.00000    160.00000      0.00124
     22.25000    160.00000      0.00101
     22.50000    160.00000      0.00062
     22.75000    160.00000      0.00030
     23.00000    160.00000      0.00060
     23.25000    160.00000      0.00209
     23.50000    160.00000      0.00556
     23.75000    160.00000      0.00964
     24.00000    160.00000      0.01190
     24.25000    160.00000      0.01235
     24.50000    160.00000      0.01020
     24.75000    160.00000      0.00904
     25.00000    160.00000      0.00847
     25.25000    160.00000      0.00849
     15.00000    159.75000      0.00000
     15.25000    159.75000      0.00000
     15.50000    159.75000      0.00000
     15.75000    159.75000      0.00000
     16.00000    159.75000      0.00004
     16.25000    159.75000      0.00045
     16.50000    159.75000      0.00120
     16.75000    159.75000      0.00210
     17.00000    159.75000      0.00309
     17.25000    159.75000      0.00428
     17.50000    159.75000      0.00476
     17.75000    159.75000      0.00453
     18.00000    159.75000      0.00445
     18.25000    159.75000      0.00438
     18.50000    159.75000      0.00447
     18.75000    159.75000      0.00439
     19.00000    159.75000      0.00469
     19.25000    159.75000      0.00488
     19.50000    159.75000      0.00530
     19.75000    159.75000      0.00504
     20.00000    159.75000      0.00452
     20.25000    159.75000      0.00407
     20.50000    159.75000      0.00336
     20.75000    159.75000      0.00283
     21.00000    159.75000      0.00239
     21.25000    159.75000      0.00206
     21.50000    159.75000      0.00197
     21.75000    159.75000      0.00188
     22.00000    159.75000      0.00162
     22.25000    159.75000      0.00120
     22.50000    159.75000      0.00079
     22.75000    159.75000      0.00043
     23.00000    159.75000      0.00084
     23.25000    159.75000      0.00249
     23.50000    159.75000      0.00621
     23.75000    159.75000      0.01084
     24.00000    159.75000      0.01333
     15.00000    159.50000      0.00000
     15.25000    159.50000      0.00000
     15.50000    159.50000      0.00000
     15.75000    159.50000      0.00000
     16.00000    159.50000      0.00025
     16.25000    159.50000      0.00065
     16.50000    159.50000      0.00092
     16.75000    159.50000      0.00135
     17.00000    159.50000      0.00202
     17.25000    159.50000      0.00260
     17.50000    159.50000      0.00294
     17.75000    159.50000      0.00328
     18.00000    159.50000      0.00346
     18.25000    159.50000      0.00364
     18.50000    159.50000      0.00381
     18.75000    159.50000      0.00398
     19.00000    159.50000      0.00428
     19.25000    159.50000      0.00456
     19.50000    159.50000      0.00497
     19.75000    159.50000      0.00538
     20.00000    159.50000      0.00530
     20.25000    159.50000      0.00492
     20.50000    159.50000      0.00422
     20.75000    159.50000      0.00353
     21.00000    159.50000      0.00306
     21.25000    159.50000      0.00266
     21.50000    159.50000      0.00247
     21.75000    159.50000      0.00227
     22.00000    159.50000      0.00196
     22.25000    159.50000      0.00154
     22.50000    159.50000      0.00102
     22.75000    159.50000      0.00057
     23.00000    159.50000      0.00100
     23.25000    159.50000      0.00292
     23.50000    159.50000      0.00684
     23.75000    159.50000      0.01148
     24.00000    159.50000      0.01322
     15.00000    159.25000      0.00000
     15.25000    159.25000      0.00000
     15.50000    159.25000      0.00000
     15.75000    159.25000      0.00011
     16.00000    159.25000      0.00056
     16.25000    159.25000      0.00076
     16.50000    159.25000      0.00066
     16.75000    159.25000      0.00058
     17.00000    159.25000      0.00030
     17.25000    159.25000      0.00057
     17.50000    159.25000      0.00127
     17.75000    159.25000      0.00209
     18.00000    159.25000      0.00265
     18.25000    159.25000      0.00307
     18.50000    159.25000      0.00332
     18.75000    159.25000      0.00357
     19.00000    159.25000      0.00387
     19.25000    159.25000      0.00407
     19.50000    159.25000      0.00447
     19.75000    159.25000      0.00488
     20.00000    159.25000      0.00517
     20.25000    159.25000      0.00499
     20.50000    159.25000      0.00468
     20.75000    159.25000      0.00437
     21.00000    159.25000      0.00375
     21.25000    159.25000      0.00328
     21.50000    159.25000      0.00298
     21.75000    159.25000      0.00268
     22.00000    159.25000      0.00217
     22.25000    159.25000      0.00174
     22.50000    159.25000      0.00113
     22.75000    159.25000      0.00060
     23.00000    159.25000      0.00116
     23.25000    159.25000      0.00320
     23.50000    159.25000      0.00748
     23.75000    159.25000      0.01229
     24.00000    159.25000      0.01261
     15.00000    159.00000      0.00000
     15.25000    159.00000      0.00000
     15.50000    159.00000      0.00000
     15.75000    159.00000      0.00028
     16.00000    159.00000      0.00075
     16.25000    159.00000      0.00087
     16.50000    159.00000      0.00048
     16.75000    159.00000      0.00000
     17.00000    159.00000      0.00000
     17.25000    159.00000      0.00000
     17.50000    159.00000      0.00037
     17.75000    159.00000      0.00133
     18.00000    159.00000      0.00205
     18.25000    159.00000      0.00249
     18.50000    159.00000      0.00277
     18.75000    159.00000      0.00320
     19.00000    159.00000      0.00347
     19.25000    159.00000      0.00373
     19.50000    159.00000      0.00399
     19.75000    159.00000      0.00442
     20.00000    159.00000      0.00444
     20.25000    159.00000      0.00437
     20.50000    159.00000      0.00405
     20.75000    159.00000      0.00357
     21.00000    159.00000      0.00311
     21.25000    159.00000      0.00297
     21.50000    159.00000      0.00300
     21.75000    159.00000      0.00271
     22.00000    159.00000      0.00218
     22.25000    159.00000      0.00164
     22.50000    159.00000      0.00098
     22.75000    159.00000      0.00032
     23.00000    159.00000      0.00079
     23.25000    159.00000      0.00309
     23.50000    159.00000      0.00764
     23.75000    159.00000      0.01289
     24.00000    159.00000      0.01191
     15.00000    158.75000      0.00000
     15.25000    158.75000      0.00000
     15.50000    158.75000      0.00000
     15.75000    158.75000      0.00026
     16.00000    158.75000      0.00075
     16.25000    158.75000      0.00087
     16.50000    158.75000      0.00026
     16.75000    158.75000      0.00000
     17.00000    158.75000      0.00000
     17.25000    158.75000      0.00000
     17.50000    158.75000      0.00006
     17.75000    158.75000      0.00082
     18.00000    158.75000      0.00164
     18.25000    158.75000      0.00221
     18.50000    158.75000      0.00246
     18.75000    158.75000      0.00286
     19.00000    158.75000      0.00306
     19.25000    158.75000      0.00340
     19.50000    158.75000      0.00353
     19.75000    158.75000      0.00367
     20.00000    158.75000      0.00376
     20.25000    158.75000      0.00349
     20.50000    158.75000      0.00301
     20.75000    158.75000      0.00255
     21.00000    158.75000      0.00211
     21.25000    158.75000      0.00183
     21.50000    158.75000      0.00170
     21.75000    158.75000      0.00158
     22.00000    158.75000      0.00148
     22.25000    158.75000      0.00113
     22.50000    158.75000      0.00059
     22.75000    158.75000      0.00002
     23.00000    158.75000      0.00028
     23.25000    158.75000      0.00230
     23.50000    158.75000      0.00732
     23.75000    158.75000      0.01295
     24.00000    158.75000      0.01130
     15.00000    158.50000      0.00000
     15.25000    158.50000      0.00000
     15.50000    158.50000      0.00000
     15.75000    158.50000      0.00012
     16.00000    158.50000      0.00069
     16.25000    158.50000      0.00075
     16.50000    158.50000      0.00006
     16.75000    158.50000      0.00000
     17.00000    158.50000      0.00000
     17.25000    158.50000      0.00000
     17.50000    158.50000      0.00003
     17.75000    158.50000      0.00064
     18.00000    158.50000      0.00141
     18.25000    158.50000      0.00192
     18.50000    158.50000      0.00223
     18.75000    158.50000      0.00255
     19.00000    158.50000      0.00282
     19.25000    158.50000      0.00289
     19.50000    158.50000      0.00293
     19.75000    158.50000      0.00296
     20.00000    158.50000      0.00282
     20.25000    158.50000      0.00253
     20.50000    158.50000      0.00193
     20.75000    158.50000      0.00137
     21.00000    158.50000      0.00097
     21.25000    158.50000      0.00071
     21.50000    158.50000      0.00058
     21.75000    158.50000      0.00045
     22.00000    158.50000      0.00026
     22.25000    158.50000      0.00002
     22.50000    158.50000      0.00000
     22.75000    158.50000      0.00000
     23.00000    158.50000      0.00000
     23.25000    158.50000      0.00163
     23.50000    158.50000      0.00687
     23.75000    158.50000      0.01280
     24.00000    158.50000      0.01094
     15.00000    158.25000      0.00000
     15.25000    158.25000      0.00000
     15.50000    158.25000      0.00000
     15.75000    158.25000      0.00003
     16.00000    158.25000      0.00046
     16.25000    158.25000      0.00035
     16.50000    158.25000      0.00000
     16.75000    158.25000      0.00000
     17.00000    158.25000      0.00000
     17.25000    158.25000      0.00000
     17.50000    158.25000      0.00000
     17.75000    158.25000      0.00048
     18.00000    158.25000      0.00119
     18.25000    158.25000      0.00164
     18.50000    158.25000      0.00201
     18.75000    158.25000      0.00239
     19.00000    158.25000      0.00258
     19.25000    158.25000      0.00256
     19.50000    158.25000      0.00249
     19.75000    158.25000      0.00227
     20.00000    158.25000      0.00207
     20.25000    158.25000      0.00162
     20.50000    158.25000      0.00108
     20.75000    158.25000      0.00050
     21.00000    158.25000      0.00021
     21.25000    158.25000      0.00006
     21.50000    158.25000      0.00000
     21.75000    158.25000      0.00000
     22.00000    158.25000      0.00000
     22.25000    158.25000      0.00000
     22.50000    158.25000      0.00000
     22.75000    158.25000      0.00000
     23.00000    158.25000      0.00000
     23.25000    158.25000      0.00043
     23.50000    158.25000      0.00641
     23.75000    158.25000      0.01266
     24.00000    158.25000      0.01058
     15.00000    158.00000      0.00000
     15.25000    158.00000      0.00000
     15.50000    158.00000      0.00000
     15.75000    158.00000      0.00011
     16.00000    158.00000      0.00030
     16.25000    158.00000      0.00022
     16.50000    158.00000      0.00000
     16.75000    158.00000      0.00000
     17.00000    158.00000      0.00000
     17.25000    158.00000      0.00000
     17.50000    158.00000      0.00000
     17.75000    158.00000      0.00023
     18.00000    158.00000      0.00072
     18.25000    158.00000      0.00122
     18.50000    158.00000      0.00152
     18.75000    158.00000      0.00183
     19.00000    158.00000      0.00211
     19.25000    158.00000      0.00206
     19.50000    158.00000      0.00198
     19.75000    158.00000      0.00175
     20.00000    158.00000      0.00141
     20.25000    158.00000      0.00097
     20.50000    158.00000      0.00050
     20.75000    158.00000      0.00008
     21.00000    158.00000      0.00000
     21.25000    158.00000      0.00000
     21.50000    158.00000      0.00000
     21.75000    158.00000      0.00000
     22.00000    158.00000      0.00000
     22.25000    158.00000      0.00000
     22.50000    158.00000      0.00000
     22.75000    158.00000      0.00000
     23.00000    158.00000      0.00000
     23.25000    158.00000      0.00000
     23.50000    158.00000      0.00600
     23.75000    158.00000      0.01205
     24.00000    158.00000      0.01221
     15.00000    157.75000      0.00000
     15.25000    157.75000      0.00000
     15.50000    157.75000      0.00000
     15.75000    157.75000      0.00039
     16.00000    157.75000      0.00057
     16.25000    157.75000      0.00039
     16.50000    157.75000      0.00000
     16.75000    157.75000      0.00000
     17.00000    157.75000      0.00000
     17.25000    157.75000      0.00000
     17.50000    157.75000      0.00000
     17.75000    157.75000      0.00001
     18.00000    157.75000      0.00023
     18.25000    157.75000      0.00060
     18.50000    157.75000      0.00094
     18.75000    157.75000      0.00131
     19.00000    157.75000      0.00144
     19.25000    157.75000      0.00157
     19.50000    157.75000      0.00142
     19.75000    157.75000      0.00140
     20.00000    157.75000      0.00110
     20.25000    157.75000      0.00068
     20.50000    157.75000      0.00023
     20.75000    157.75000      0.00000
     21.00000    157.75000      0.00000
     21.25000    157.75000      0.00000
     21.50000    157.75000      0.00000
     21.75000    157.75000      0.00000
     22.00000    157.75000      0.00000
     22.25000    157.75000      0.00000
     22.50000    157.75000      0.00000
     22.75000    157.75000      0.00000
     23.00000    157.75000      0.00000
     23.25000    157.75000      0.00000
     23.50000    157.75000      0.00411
     23.75000    157.75000      0.01112
     24.00000    157.75000      0.01380
     15.00000    157.50000      0.00002
     15.25000    157.50000      0.00015
     15.50000    157.50000      0.00065
     15.75000    157.50000      0.00133
     16.00000    157.50000      0.00137
     16.25000    157.50000      0.00087
     16.50000    157.50000      0.00006
     16.75000    157.50000      0.00000
     17.00000    157.50000      0.00000
     17.25000    157.50000      0.00000
     17.50000    157.50000      0.00000
     17.75000    157.50000      0.00000
     18.00000    157.50000      0.00000
     18.25000    157.50000      0.00003
     18.50000    157.50000      0.00027
     18.75000    157.50000      0.00053
     19.00000    157.50000      0.00077
     19.25000    157.50000      0.00096
     19.50000    157.50000      0.00108
     19.75000    157.50000      0.00107
     20.00000    157.50000      0.00085
     20.25000    157.50000      0.00056
     20.50000    157.50000      0.00011
     20.75000    157.50000      0.00000
     21.00000    157.50000      0.00000
     21.25000    157.50000      0.00000
     21.50000    157.50000      0.00000
     21.75000    157.50000      0.00000
     22.00000    157.50000      0.00000
     22.25000    157.50000      0.00000
     22.50000    157.50000      0.00000
     22.75000    157.50000      0.00000
     23.00000    157.50000      0.00000
     23.25000    157.50000      0.00000
     23.50000    157.50000      0.00201
     23.75000    157.50000      0.00716
     24.00000    157.50000      0.01012
     15.00000    157.25000      0.00101
     15.25000    157.25000      0.00119
     15.50000    157.25000      0.00181
     15.75000    157.25000      0.00233
     16.00000    157.25000      0.00230
     16.25000    157.25000      0.00146
     16.50000    157.25000      0.00034
     16.75000    157.25000      0.00000
     17.00000    157.25000      0.00000
     17.25000    157.25000      0.00000
     17.50000    157.25000      0.00000
     17.75000    157.25000      0.00000
     18.00000    157.25000      0.00000
     18.25000    157.25000      0.00000
     18.50000    157.25000      0.00000
     18.75000    157.25000      0.00008
     19.00000    157.25000      0.00024
     19.25000    157.25000      0.00044
     19.50000    157.25000      0.00066
     19.75000    157.25000      0.00077
     20.00000    157.25000      0.00073
     20.25000    157.25000      0.00036
     20.50000    157.25000      0.00002
     20.75000    157.25000      0.00000
     21.00000    157.25000      0.00000
     21.25000    157.25000      0.00000
     21.50000    157.25000      0.00000
     21.75000    157.25000      0.00000
     22.00000    157.25000      0.00000
     22.25000    157.25000      0.00000
     22.50000    157.25000      0.00000
     22.75000    157.25000      0.00000
     23.00000    157.25000      0.00000
     23.25000    157.25000      0.00000
     23.50000    157.25000      0.00041
     23.75000    157.25000      0.00337
     24.00000    157.25000      0.00544
     13.25000    157.00000      0.00063
     13.50000    157.00000      0.00059
     13.75000    157.00000      0.00122
     14.00000    157.00000      0.00176
     14.25000    157.00000      0.00221
     14.50000    157.00000      0.00225
     14.75000    157.00000      0.00184
     15.00000    157.00000      0.00201
     15.25000    157.00000      0.00218
     15.50000    157.00000      0.00265
     15.75000    157.00000      0.00312
     16.00000    157.00000      0.00283
     16.25000    157.00000      0.00209
     16.50000    157.00000      0.00055
     16.75000    157.00000      0.00000
     17.00000    157.00000      0.00000
     17.25000    157.00000      0.00000
     17.50000    157.00000      0.00000
     17.75000    157.00000      0.00000
     18.00000    157.00000      0.00000
     18.25000    157.00000      0.00000
     18.50000    157.00000      0.00000
     18.75000    157.00000      0.00000
     19.00000    157.00000      0.00000
     19.25000    157.00000      0.00009
     19.50000    157.00000      0.00024
     19.75000    157.00000      0.00044
     20.00000    157.00000      0.00033
     20.25000    157.00000      0.00012
     20.50000    157.00000      0.00000
     20.75000    157.00000      0.00000
     21.00000    157.00000      0.00000
     21.25000    157.00000      0.00000
     21.50000    157.00000      0.00000
     21.75000    157.00000      0.00000
     22.00000    157.00000      0.00000
     22.25000    157.00000      0.00000
     22.50000    157.00000      0.00000
     22.75000    157.00000      0.00000
     23.00000    157.00000      0.00000
     23.25000    157.00000      0.00000
     23.50000    157.00000      0.00003
     23.75000    157.00000      0.00162
     24.00000    157.00000      0.00316
     13.25000    156.75000      0.00068
     13.50000    156.75000      0.00055
     13.75000    156.75000      0.00042
     14.00000    156.75000      0.00054
     14.25000    156.75000      0.00096
     14.50000    156.75000      0.00148
     14.75000    156.75000      0.00219
     15.00000    156.75000      0.00259
     15.25000    156.75000      0.00297
     15.50000    156.75000      0.00330
     15.75000    156.75000      0.00364
     16.00000    156.75000      0.00335
     16.25000    156.75000      0.00244
     16.50000    156.75000      0.00093
     16.75000    156.75000      0.00000
     17.00000    156.75000      0.00000
     17.25000    156.75000      0.00000
     17.50000    156.75000      0.00000
     17.75000    156.75000      0.00000
     18.00000    156.75000      0.00000
     18.25000    156.75000      0.00000
     18.50000    156.75000      0.00000
     18.75000    156.75000      0.00000
     19.00000    156.75000      0.00000
     19.25000    156.75000      0.00000
     19.50000    156.75000      0.00001
     19.75000    156.75000      0.00003
     20.00000    156.75000      0.00001
     20.25000    156.75000      0.00000
     20.50000    156.75000      0.00000
     20.75000    156.75000      0.00000
     21.00000    156.75000      0.00000
     21.25000    156.75000      0.00000
     21.50000    156.75000      0.00000
     21.75000    156.75000      0.00000
     22.00000    156.75000      0.00000
     22.25000    156.75000      0.00000
     22.50000    156.75000      0.00000
     22.75000    156.75000      0.00000
     23.00000    156.75000      0.00000
     13.25000    156.50000      0.00060
     13.50000    156.50000      0.00031
     13.75000    156.50000      0.00009
     14.00000    156.50000      0.00019
     14.25000    156.50000      0.00066
     14.50000    156.50000      0.00159
     14.75000    156.50000      0.00237
     15.00000    156.50000      0.00295
     15.25000    156.50000      0.00330
     15.50000    156.50000      0.00358
     15.75000    156.50000      0.00370
     16.00000    156.50000      0.00338
     16.25000    156.50000      0.00264
     16.50000    156.50000      0.00126
     16.75000    156.50000      0.00014
     17.00000    156.50000      0.00000
     17.25000    156.50000      0.00000
     17.50000    156.50000      0.00000
     17.75000    156.50000      0.00000
     18.00000    156.50000      0.00000
     18.25000    156.50000      0.00000
     18.50000    156.50000      0.00000
     18.75000    156.50000      0.00000
     19.00000    156.50000      0.00000
     19.25000    156.50000      0.00000
     19.50000    156.50000      0.00000
     19.75000    156.50000      0.00000
     20.00000    156.50000      0.00000
     20.25000    156.50000      0.00000
     20.50000    156.50000      0.00000
     20.75000    156.50000      0.00000
     21.00000    156.50000      0.00000
     21.25000    156.50000      0.00000
     21.50000    156.50000      0.00000
     21.75000    156.50000      0.00000
     22.00000    156.50000      0.00000
     22.25000    156.50000      0.00000
     22.50000    156.50000      0.00000
     22.75000    156.50000      0.00000
     23.00000    156.50000      0.00000
     13.25000    156.25000      0.00064
     13.50000    156.25000      0.00020
     13.75000    156.25000      0.00000
     14.00000    156.25000      0.00000
     14.25000    156.25000      0.00039
     14.50000    156.25000      0.00156
     14.75000    156.25000      0.00270
     15.00000    156.25000      0.00321
     15.25000    156.25000      0.00320
     15.50000    156.25000      0.00329
     15.75000    156.25000      0.00323
     16.00000    156.25000      0.00294
     16.25000    156.25000      0.00244
     16.50000    156.25000      0.00159
     16.75000    156.25000      0.00046
     17.00000    156.25000      0.00000
     17.25000    156.25000      0.00000
     17.50000    156.25000      0.00000
     17.75000    156.25000      0.00000
     18.00000    156.25000      0.00000
     18.25000    156.25000      0.00000
     18.50000    156.25000      0.00000
     18.75000    156.25000      0.00000
     19.00000    156.25000      0.00000
     19.25000    156.25000      0.00000
     19.50000    156.25000      0.00000
     19.75000    156.25000      0.00000
     20.00000    156.25000      0.00000
     20.25000    156.25000      0.00000
     20.50000    156.25000      0.00000
     20.75000    156.25000      0.00000
     21.00000    156.25000      0.00000
     21.25000    156.25000      0.00000
     21.50000    156.25000      0.00000
     21.75000    156.25000      0.00000
     22.00000    156.25000      0.00000
     22.25000    156.25000      0.00000
     22.50000    156.25000      0.00000
     22.75000    156.25000      0.00000
     23.00000    156.25000      0.00000
     13.25000    156.00000      0.00033
     13.50000    156.00000      0.00002
     13.75000    156.00000      0.00000
     14.00000    156.00000      0.00000
     14.25000    156.00000      0.00039
     14.50000    156.00000      0.00146
     14.75000    156.00000      0.00263
     15.00000    156.00000      0.00280
     15.25000    156.00000      0.00280
     15.50000    156.00000      0.00279
     15.75000    156.00000      0.00294
     16.00000    156.00000      0.00285
     16.25000    156.00000      0.00236
     16.50000    156.00000      0.00151
     16.75000    156.00000      0.00063
     17.00000    156.00000      0.00003
     17.25000    156.00000      0.00000
     17.50000    156.00000      0.00000
     17.75000    156.00000      0.00000
     18.00000    156.00000      0.00000
     18.25000    156.00000      0.00000
     18.50000    156.00000      0.00000
     18.75000    156.00000      0.00000
     19.00000    156.00000      0.00000
     19.25000    156.00000      0.00000
     19.50000    156.00000      0.00000
     19.75000    156.00000      0.00000
     20.00000    156.00000      0.00000
     20.25000    156.00000      0.00000
     20.50000    156.00000      0.00000
     20.75000    156.00000      0.00000
     21.00000    156.00000      0.00000
     21.25000    156.00000      0.00000
     21.50000    156.00000      0.00000
     21.75000    156.00000      0.00000
     22.00000    156.00000      0.00000
     22.25000    156.00000      0.00000
     22.50000    156.00000      0.00000
     22.75000    156.00000      0.00000
     23.00000    156.00000      0.00000
     13.00000    155.75000      0.00006
     13.25000    155.75000      0.00003
     13.50000    155.75000      0.00000
     13.75000    155.75000      0.00000
     14.00000    155.75000      0.00000
     16.00000    155.75000      0.00316
     16.25000    155.75000      0.00284
     16.50000    155.75000      0.00164
     16.75000    155.75000      0.00038
     17.00000    155.75000      0.00000
     17.25000    155.75000      0.00000
     17.50000    155.75000      0.00000
     17.75000    155.75000      0.00000
     18.00000    155.75000      0.00000
     18.25000    155.75000      0.00000
     18.50000    155.75000      0.00000
     18.75000    155.75000      0.00000
     19.00000    155.75000      0.00000
     19.25000    155.75000      0.00000
     19.50000    155.75000      0.00000
     19.75000    155.75000      0.00000
     20.00000    155.75000      0.00000
     20.25000    155.75000      0.00000
     20.50000    155.75000      0.00000
     20.75000    155.75000      0.00000
     21.00000    155.75000      0.00000
     21.25000    155.75000      0.00000
     21.50000    155.75000      0.00000
     21.75000    155.75000      0.00000
     22.00000    155.75000      0.00000
     22.25000    155.75000      0.00000
     22.50000    155.75000      0.00000
     22.75000    155.75000      0.00000
     23.00000    155.75000      0.00000
     13.00000    155.50000      0.00000
     13.25000    155.50000      0.00000
     13.50000    155.50000      0.00000
     13.75000    155.50000      0.00000
     14.00000    155.50000      0.00000
     16.00000    155.50000      0.00392
     16.25000    155.50000      0.00291
     16.50000    155.50000      0.00132
     16.75000    155.50000      0.00004
     17.00000    155.50000      0.00000
     17.25000    155.50000      0.00000
     17.50000    155.50000      0.00000
     17.75000    155.50000      0.00000
     18.00000    155.50000      0.00000
     18.25000    155.50000      0.00000
     18.50000    155.50000      0.00000
     18.75000    155.50000      0.00000
     19.00000    155.50000      0.00000
     19.25000    155.50000      0.00000
     19.50000    155.50000      0.00000
     19.75000    155.50000      0.00000
     20.00000    155.50000      0.00000
     20.25000    155.50000      0.00000
     20.50000    155.50000      0.00000
     20.75000    155.50000      0.00000
     21.00000    155.50000      0.00000
     21.25000    155.50000      0.00000
     21.50000    155.50000      0.00000
     21.75000    155.50000      0.00000
     22.00000    155.50000      0.00000
     22.25000    155.50000      0.00000
     22.50000    155.50000      0.00000
     22.75000    155.50000      0.00039
     23.00000    155.50000      0.00056
     13.00000    155.25000      0.00000
     13.25000    155.25000      0.00000
     13.50000    155.25000      0.00000
     13.75000    155.25000      0.00000
     14.00000    155.25000      0.00000
     16.00000    155.25000      0.00415
     16.25000    155.25000      0.00293
     16.50000    155.25000      0.00102
     16.75000    155.25000      0.00000
     17.00000    155.25000      0.00000
     17.25000    155.25000      0.00000
     17.50000    155.25000      0.00000
     17.75000    155.25000      0.00000
     18.00000    155.25000      0.00000
     18.25000    155.25000      0.00000
     18.50000    155.25000      0.00000
     18.75000    155.25000      0.00000
     19.00000    155.25000      0.00000
     19.25000    155.25000      0.00000
     19.50000    155.25000      0.00000
     19.75000    155.25000      0.00000
     20.00000    155.25000      0.00000
     20.25000    155.25000      0.00000
     20.50000    155.25000      0.00000
     20.75000    155.25000      0.00000
     21.00000    155.25000      0.00000
     21.25000    155.25000      0.00000
     21.50000    155.25000      0.00000
     21.75000    155.25000      0.00000
     22.00000    155.25000      0.00000
     22.25000    155.25000      0.00000
     22.50000    155.25000      0.00014
     22.75000    155.25000      0.00084
     23.00000    155.25000      0.00133
     13.00000    155.00000      0.00000
     13.25000    155.00000      0.00000
     13.50000    155.00000      0.00000
     13.75000    155.00000      0.00000
     14.00000    155.00000      0.00000
     16.00000    155.00000      0.00421
     16.25000    155.00000      0.00299
     16.50000    155.00000      0.00108
     16.75000    155.00000      0.00000
     17.00000    155.00000      0.00000
     17.25000    155.00000      0.00000
     17.50000    155.00000      0.00000
     17.75000    155.00000      0.00000
     18.00000    155.00000      0.00000
     18.25000    155.00000      0.00000
     18.50000    155.00000      0.00000
     18.75000    155.00000      0.00002
     19.00000    155.00000      0.00000
     19.25000    155.00000      0.00000
     19.50000    155.00000      0.00000
     19.75000    155.00000      0.00000
     20.00000    155.00000      0.00000
     20.25000    155.00000      0.00000
     20.50000    155.00000      0.00000
     20.75000    155.00000      0.00000
     21.00000    155.00000      0.00000
     21.25000    155.00000      0.00000
     21.50000    155.00000      0.00000
     21.75000    155.00000      0.00000
     22.00000    155.00000      0.00000
     22.25000    155.00000      0.00000
     22.50000    155.00000      0.00000
     22.75000    155.00000      0.00032
     23.00000    155.00000      0.00067
     23.25000    155.00000      0.00085
     23.50000    155.00000      0.00058
     23.75000    155.00000      0.00000
     14.00000    154.75000      0.00000
     16.00000    154.75000      0.00391
     16.25000    154.75000      0.00295
     16.50000    154.75000      0.00125
     16.75000    154.75000      0.00003
     17.00000    154.75000      0.00000
     17.25000    154.75000      0.00000
     17.50000    154.75000      0.00000
     17.75000    154.75000      0.00000
     18.00000    154.75000      0.00000
     18.25000    154.75000      0.00000
     18.50000    154.75000      0.00019
     18.75000    154.75000      0.00038
     19.00000    154.75000      0.00000
     19.25000    154.75000      0.00000
     19.50000    154.75000      0.00000
     19.75000    154.75000      0.00000
     20.00000    154.75000      0.00000
     20.25000    154.75000      0.00000
     20.50000    154.75000      0.00000
     20.75000    154.75000      0.00000
     21.00000    154.75000      0.00000
     21.25000    154.75000      0.00000
     21.50000    154.75000      0.00000
     21.75000    154.75000      0.00000
     22.00000    154.75000      0.00000
     14.00000    154.50000      0.00000
     16.00000    154.50000      0.00357
     16.25000    154.50000      0.00294
     16.50000    154.50000      0.00196
     16.75000    154.50000      0.00082
     17.00000    154.50000      0.00048
     17.25000    154.50000      0.00019
     17.50000    154.50000      0.00021
     17.75000    154.50000      0.00015
     18.00000    154.50000      0.00022
     18.25000    154.50000      0.00039
     18.50000    154.50000      0.00069
     18.75000    154.50000      0.00097
     19.00000    154.50000      0.00025
     19.25000    154.50000      0.00000
     19.50000    154.50000      0.00000
     19.75000    154.50000      0.00000
     20.00000    154.50000      0.00000
     20.25000    154.50000      0.00000
     20.50000    154.50000      0.00000
     20.75000    154.50000      0.00000
     21.00000    154.50000      0.00000
     21.25000    154.50000      0.00000
     21.50000    154.50000      0.00000
     21.75000    154.50000      0.00000
     22.00000    154.50000      0.00000
     14.00000    154.25000      0.00000
     16.00000    154.25000      0.00202
     16.25000    154.25000      0.00173
     16.50000    154.25000      0.00125
     16.75000    154.25000      0.00069
     17.00000    154.25000      0.00039
     17.25000    154.25000      0.00036
     17.50000    154.25000      0.00049
     17.75000    154.25000      0.00063
     18.00000    154.25000      0.00078
     18.25000    154.25000      0.00106
     18.50000    154.25000      0.00148
     18.75000    154.25000      0.00169
     19.00000    154.25000      0.00073
     19.25000    154.25000      0.00005
     19.50000    154.25000      0.00000
     19.75000    154.25000      0.00000
     20.00000    154.25000      0.00000
     20.25000    154.25000      0.00000
     20.50000    154.25000      0.00000
     20.75000    154.25000      0.00000
     21.00000    154.25000      0.00000
     21.25000    154.25000      0.00000
     21.50000    154.25000      0.00000
     21.75000    154.25000      0.00000
     22.00000    154.25000      0.00000
     14.00000    154.00000      0.00000
     14.25000    154.00000      0.00000
     14.50000    154.00000      0.00000
     14.75000    154.00000      0.00057
     15.00000    154.00000      0.00128
     15.25000    154.00000      0.00172
     15.50000    154.00000      0.00198
     15.75000    154.00000      0.00176
     16.00000    154.00000      0.00145
     16.25000    154.00000      0.00121
     16.50000    154.00000      0.00090
     16.75000    154.00000      0.00051
     17.00000    154.00000      0.00040
     17.25000    154.00000      0.00043
     17.50000    154.00000      0.00071
     17.75000    154.00000      0.00104
     18.00000    154.00000      0.00131
     18.25000    154.00000      0.00165
     18.50000    154.00000      0.00190
     18.75000    154.00000      0.00215
     19.00000    154.00000      0.00147
     19.25000    154.00000      0.00044
     19.50000    154.00000      0.00000
     19.75000    154.00000      0.00000
     20.00000    154.00000      0.00000
     20.25000    154.00000      0.00000
     20.50000    154.00000      0.00000
     20.75000    154.00000      0.00000
     21.00000    154.00000      0.00000
     21.25000    154.00000      0.00000
     21.50000    154.00000      0.00000
     21.75000    154.00000      0.00000
     22.00000    154.00000      0.00000
     14.00000    153.75000      0.00000
     14.25000    153.75000      0.00000
     14.50000    153.75000      0.00002
     14.75000    153.75000      0.00063
     15.00000    153.75000      0.00136
     15.25000    153.75000      0.00196
     15.50000    153.75000      0.00203
     15.75000    153.75000      0.00166
     16.00000    153.75000      0.00132
     16.25000    153.75000      0.00114
     16.50000    153.75000      0.00085
     16.75000    153.75000      0.00058
     17.00000    153.75000      0.00053
     17.25000    153.75000      0.00068
     17.50000    153.75000      0.00094
     17.75000    153.75000      0.00123
     18.00000    153.75000      0.00156
     18.25000    153.75000      0.00176
     18.50000    153.75000      0.00197
     18.75000    153.75000      0.00219
     19.00000    153.75000      0.00203
     19.25000    153.75000      0.00113
     19.50000    153.75000      0.00011
     19.75000    153.75000      0.00000
     20.00000    153.75000      0.00000
     20.25000    153.75000      0.00000
     20.50000    153.75000      0.00000
     20.75000    153.75000      0.00000
     21.00000    153.75000      0.00000
     21.25000    153.75000      0.00000
     21.50000    153.75000      0.00000
     21.75000    153.75000      0.00000
     22.00000    153.75000      0.00000
     14.00000    153.50000      0.00000
     14.25000    153.50000      0.00000
     14.50000    153.50000      0.00000
     14.75000    153.50000      0.00041
     15.00000    153.50000      0.00112
     15.25000    153.50000      0.00167
     15.50000    153.50000      0.00181
     15.75000    153.50000      0.00166
     16.00000    153.50000      0.00147
     16.25000    153.50000      0.00137
     16.50000    153.50000      0.00109
     16.75000    153.50000      0.00094
     17.00000    153.50000      0.00081
     17.25000    153.50000      0.00092
     17.50000    153.50000      0.00118
     17.75000    153.50000      0.00131
     18.00000    153.50000      0.00161
     18.25000    153.50000      0.00179
     18.50000    153.50000      0.00185
     18.75000    153.50000      0.00205
     19.00000    153.50000      0.00174
     19.25000    153.50000      0.00112
     19.50000    153.50000      0.00053
     19.75000    153.50000      0.00000
     20.00000    153.50000      0.00000
     20.25000    153.50000      0.00000
     20.50000    153.50000      0.00000
     20.75000    153.50000      0.00000
     21.00000    153.50000      0.00000
     21.25000    153.50000      0.00000
     21.50000    153.50000      0.00000
     21.75000    153.50000      0.00000
     22.00000    153.50000      0.00000
     14.00000    153.25000      0.00000
     14.25000    153.25000      0.00000
     14.50000    153.25000      0.00000
     14.75000    153.25000      0.00023
     15.00000    153.25000      0.00077
     15.25000    153.25000      0.00125
     15.50000    153.25000      0.00145
     15.75000    153.25000      0.00166
     16.00000    153.25000      0.00162
     16.25000    153.25000      0.00147
     16.50000    153.25000      0.00135
     16.75000    153.25000      0.00122
     17.00000    153.25000      0.00113
     17.25000    153.25000      0.00119
     17.50000    153.25000      0.00129
     17.75000    153.25000      0.00139
     18.00000    153.25000      0.00152
     18.25000    153.25000      0.00167
     18.50000    153.25000      0.00172
     18.75000    153.25000      0.00176
     19.00000    153.25000      0.00145
     19.25000    153.25000      0.00086
     19.50000    153.25000      0.00025
     19.75000    153.25000      0.00000
     20.00000    153.25000      0.00000
     20.25000    153.25000      0.00000
     20.50000    153.25000      0.00000
     20.75000    153.25000      0.00000
     21.00000    153.25000      0.00000
     21.25000    153.25000      0.00000
     21.50000    153.25000      0.00000
     21.75000    153.25000      0.00000
     22.00000    153.25000      0.00000
     14.25000    153.00000      0.00000
     14.50000    153.00000      0.00000
     14.75000    153.00000      0.00019
     15.00000    153.00000      0.00071
     15.25000    153.00000      0.00123
     15.50000    153.00000      0.00147
     15.75000    153.00000      0.00171
     16.00000    153.00000      0.00184
     16.25000    153.00000      0.00183
     16.50000    153.00000      0.00169
     16.75000    153.00000      0.00154
     17.00000    153.00000      0.00140
     17.25000    153.00000      0.00140
     17.50000    153.00000      0.00142
     17.75000    153.00000      0.00145
     18.00000    153.00000      0.00150
     18.25000    153.00000      0.00159
     18.50000    153.00000      0.00156
     18.75000    153.00000      0.00154
     19.00000    153.00000      0.00121
     19.25000    153.00000      0.00063
     19.50000    153.00000      0.00011
     19.75000    153.00000      0.00000
     20.00000    153.00000      0.00000
     20.25000    153.00000      0.00000
     20.50000    153.00000      0.00000
     20.75000    153.00000      0.00000
     21.00000    153.00000      0.00000
     21.25000    153.00000      0.00000
     21.50000    153.00000      0.00000
     21.75000    153.00000      0.00000
     22.00000    153.00000      0.00000
     15.00000    152.75000      0.00092
     15.25000    152.75000      0.00144
     15.50000    152.75000      0.00184
     15.75000    152.75000      0.00212
     16.00000    152.75000      0.00228
     16.25000    152.75000      0.00218
     16.50000    152.75000      0.00211
     16.75000    152.75000      0.00203
     17.00000    152.75000      0.00190
     17.25000    152.75000      0.00185
     17.50000    152.75000      0.00174
     17.75000    152.75000      0.00164
     18.00000    152.75000      0.00157
     18.25000    152.75000      0.00153
     18.50000    152.75000      0.00140
     18.75000    152.75000      0.00126
     19.00000    152.75000      0.00088
     19.25000    152.75000      0.00044
     19.50000    152.75000      0.00002
     19.75000    152.75000      0.00000
     20.00000    152.75000      0.00000
     20.25000    152.75000      0.00000
     20.50000    152.75000      0.00000
     20.75000    152.75000      0.00000
     21.00000    152.75000      0.00000
     21.25000    152.75000      0.00000
     21.50000    152.75000      0.00000
     21.75000    152.75000      0.00000
     22.00000    152.75000      0.00000
     15.00000    152.50000      0.00127
     15.25000    152.50000      0.00171
     15.50000    152.50000      0.00232
     15.75000    152.50000      0.00259
     16.00000    152.50000      0.00265
     16.25000    152.50000      0.00282
     16.50000    152.50000      0.00277
     16.75000    152.50000      0.00272
     17.00000    152.50000      0.00249
     17.25000    152.50000      0.00239
     17.50000    152.50000      0.00210
     17.75000    152.50000      0.00182
     18.00000    152.50000      0.00158
     18.25000    152.50000      0.00152
     18.50000    152.50000      0.00121
     18.75000    152.50000      0.00106
     19.00000    152.50000      0.00072
     19.25000    152.50000      0.00029
     19.50000    152.50000      0.00000
     19.75000    152.50000      0.00000
     20.00000    152.50000      0.00000
     20.25000    152.50000      0.00000
     20.50000    152.50000      0.00000
     20.75000    152.50000      0.00000
     21.00000    152.50000      0.00000
     21.25000    152.50000      0.00000
     21.50000    152.50000      0.00000
     21.75000    152.50000      0.00000
     22.00000    152.50000      0.00000
     15.00000    152.25000      0.00164
     15.25000    152.25000      0.00194
     15.50000    152.25000      0.00260
     15.75000    152.25000      0.00308
     16.00000    152.25000      0.00319
     16.25000    152.25000      0.00331
     16.50000    152.25000      0.00329
     16.75000    152.25000      0.00343
     17.00000    152.25000      0.00326
     17.25000    152.25000      0.00294
     17.50000    152.25000      0.00247
     17.75000    152.25000      0.00215
     18.00000    152.25000      0.00173
     18.25000    152.25000      0.00136
     18.50000    152.25000      0.00117
     18.75000    152.25000      0.00086
     19.00000    152.25000      0.00047
     19.25000    152.25000      0.00015
     19.50000    152.25000      0.00001
     19.75000    152.25000      0.00000
     20.00000    152.25000      0.00000
     20.25000    152.25000      0.00000
     20.50000    152.25000      0.00000
     20.75000    152.25000      0.00010
     21.00000    152.25000      0.00013
     21.25000    152.25000      0.00010
     21.50000    152.25000      0.00000
     21.75000    152.25000      0.00000
     22.00000    152.25000      0.00000
     15.00000    152.00000      0.00183
     15.25000    152.00000      0.00212
     15.50000    152.00000      0.00250
     15.75000    152.00000      0.00304
     16.00000    152.00000      0.00354
     16.25000    152.00000      0.00361
     16.50000    152.00000      0.00365
     16.75000    152.00000      0.00369
     17.00000    152.00000      0.00355
     17.25000    152.00000      0.00322
     17.50000    152.00000      0.00270
     17.75000    152.00000      0.00204
     18.00000    152.00000      0.00170
     18.25000    152.00000      0.00124
     18.50000    152.00000      0.00095
     18.75000    152.00000      0.00068
     19.00000    152.00000      0.00035
     19.25000    152.00000      0.00011
     19.50000    152.00000      0.00000
     19.75000    152.00000      0.00000
     20.00000    152.00000      0.00000
     20.25000    152.00000      0.00000
     20.50000    152.00000      0.00008
     20.75000    152.00000      0.00045
     21.00000    152.00000      0.00062
     21.25000    152.00000      0.00081
     21.50000    152.00000      0.00063
     21.75000    152.00000      0.00047
     15.00000    151.75000      0.00181
     15.25000    151.75000      0.00195
     15.50000    151.75000      0.00233
     15.75000    151.75000      0.00271
     16.00000    151.75000      0.00309
     16.25000    151.75000      0.00344
     16.50000    151.75000      0.00369
     16.75000    151.75000      0.00367
     17.00000    151.75000      0.00352
     17.25000    151.75000      0.00307
     17.50000    151.75000      0.00249
     17.75000    151.75000      0.00178
     18.00000    151.75000      0.00135
     18.25000    151.75000      0.00102
     18.50000    151.75000      0.00069
     18.75000    151.75000      0.00050
     19.00000    151.75000      0.00026
     19.25000    151.75000      0.00008
     19.50000    151.75000      0.00000
     19.75000    151.75000      0.00000
     20.00000    151.75000      0.00000
     20.25000    151.75000      0.00000
     20.50000    151.75000      0.00008
     20.75000    151.75000      0.00045
     21.00000    151.75000      0.00061
     21.25000    151.75000      0.00066
     21.50000    151.75000      0.00049
     21.75000    151.75000      0.00025
     15.25000    151.50000      0.00187
     15.50000    151.50000      0.00195
     15.75000    151.50000      0.00217
     16.00000    151.50000      0.00244
     16.25000    151.50000      0.00291
     16.50000    151.50000      0.00341
     16.75000    151.50000      0.00337
     17.00000    151.50000      0.00317
     17.25000    151.50000      0.00266
     17.50000    151.50000      0.00201
     17.75000    151.50000      0.00125
     18.00000    151.50000      0.00085
     18.25000    151.50000      0.00051
     18.50000    151.50000      0.00043
     18.75000    151.50000      0.00035
     19.00000    151.50000      0.00027
     19.25000    151.50000      0.00007
     19.50000    151.50000      0.00000
     19.75000    151.50000      0.00000
     20.00000    151.50000      0.00000
     20.25000    151.50000      0.00000
     20.50000    151.50000      0.00000
     20.75000    151.50000      0.00015
     21.00000    151.50000      0.00016
     21.25000    151.50000      0.00002
     21.50000    151.50000      0.00000
     21.75000    151.50000      0.00000
     15.50000    151.25000      0.00158
     15.75000    151.25000      0.00166
     16.00000    151.25000      0.00183
     16.25000    151.25000      0.00239
     16.50000    151.25000      0.00307
     16.75000    151.25000      0.00308
     17.00000    151.25000      0.00267
     17.25000    151.25000      0.00211
     17.50000    151.25000      0.00140
     17.75000    151.25000      0.00066
     18.00000    151.25000      0.00025
     18.25000    151.25000      0.00013
     18.50000    151.25000      0.00020
     18.75000    151.25000      0.00029
     19.00000    151.25000      0.00019
     19.25000    151.25000      0.00010
     19.50000    151.25000      0.00000
     19.75000    151.25000      0.00000
     20.00000    151.25000      0.00000
     20.25000    151.25000      0.00000
     20.50000    151.25000      0.00000
     20.75000    151.25000      0.00000
     21.00000    151.25000      0.00000
     21.25000    151.25000      0.00000
     21.50000    151.25000      0.00000
     21.75000    151.25000      0.00000
     16.00000    151.00000      0.00154
     16.25000    151.00000      0.00181
     16.50000    151.00000      0.00266
     16.75000    151.00000      0.00250
     17.00000    151.00000      0.00213
     17.25000    151.00000      0.00152
     17.50000    151.00000      0.00088
     17.75000    151.00000      0.00027
     18.00000    151.00000      0.00014
     18.25000    151.00000      0.00004
     18.50000    151.00000      0.00007
     18.75000    151.00000      0.00016
     19.00000    151.00000      0.00012
     19.25000    151.00000      0.00004
     19.50000    151.00000      0.00000
     19.75000    151.00000      0.00000
     20.00000    151.00000      0.00000
     20.25000    151.00000      0.00000
     20.50000    151.00000      0.00000
     20.75000    151.00000      0.00000
     21.00000    151.00000      0.00000
     21.25000    151.00000      0.00000
     15.75000    150.75000      0.00172
     16.00000    150.75000      0.00155
     18.00000    150.75000      0.00027
     18.25000    150.75000      0.00018
     18.50000    150.75000      0.00009
     18.75000    150.75000      0.00006
     19.00000    150.75000      0.00000
     19.25000    150.75000      0.00000
     19.50000    150.75000      0.00000
     19.75000    150.75000      0.00000
     20.00000    150.75000      0.00000
     15.75000    150.50000      0.00248
     16.00000    150.50000      0.00201
     18.00000    150.50000      0.00098
     18.25000    150.50000      0.00078
     18.50000    150.50000      0.00029
     18.75000    150.50000      0.00000
     19.00000    150.50000      0.00000
     19.25000    150.50000      0.00000
     19.50000    150.50000      0.00000
     19.75000    150.50000      0.00000
     20.00000    150.50000      0.00000
     15.75000    150.25000      0.00326
     16.00000    150.25000      0.00265
     18.00000    150.25000      0.00098
     18.25000    150.25000      0.00134
     18.50000    150.25000      0.00045
     18.75000    150.25000      0.00000
     19.00000    150.25000      0.00000
     19.25000    150.25000      0.00000
     19.50000    150.25000      0.00000
     19.75000    150.25000      0.00000
     20.00000    150.25000      0.00000
     15.75000    150.00000      0.00288
     16.00000    150.00000      0.00207
     18.00000    150.00000      0.00045
     18.25000    150.00000      0.00075
     18.50000    150.00000      0.00050
     18.75000    150.00000      0.00000
     19.00000    150.00000      0.00000
     19.25000    150.00000      0.00000
     19.50000    150.00000      0.00000
     19.75000    150.00000      0.00000
     20.00000    150.00000      0.00000
     18.00000    149.75000      0.00000
     18.25000    149.75000      0.00003
     18.50000    149.75000      0.00000
     18.75000    149.75000      0.00000
     19.00000    149.75000      0.00000
     18.00000    149.50000      0.00000
     18.25000    149.50000      0.00000
     18.50000    149.50000      0.00000
     18.75000    149.50000      0.00000
     19.00000    149.50000      0.00000
     18.00000    149.25000      0.00000
     18.25000    149.25000      0.00000
     18.50000    149.25000      0.00000
     18.75000    149.25000      0.00000
     19.00000    149.25000      0.00000
