     21.25000    164.00000      0.00000
     21.50000    164.00000      0.00000
     21.75000    164.00000      0.00000
     22.00000    164.00000      0.00000
     22.25000    164.00000      0.00000
     22.50000    164.00000      0.00000
     22.75000    164.00000      0.00000
     23.00000    164.00000      0.00000
     23.25000    164.00000      0.00000
     23.50000    164.00000      0.00000
     20.75000    163.75000      0.00000
     21.00000    163.75000      0.00000
     21.25000    163.75000      0.00000
     21.50000    163.75000      0.00000
     21.75000    163.75000      0.00000
     22.00000    163.75000      0.00000
     22.25000    163.75000      0.00000
     22.50000    163.75000      0.00000
     22.75000    163.75000      0.00000
     23.00000    163.75000      0.00000
     23.25000    163.75000      0.00000
     23.50000    163.75000      0.00000
     23.75000    163.75000      0.00000
     24.00000    163.75000      0.00000
     24.25000    163.75000      0.00000
     20.50000    163.50000      0.00000
     20.75000    163.50000      0.00000
     21.00000    163.50000      0.00000
     21.25000    163.50000      0.00000
     21.50000    163.50000      0.00000
     21.75000    163.50000      0.00000
     22.00000    163.50000      0.00000
     22.25000    163.50000      0.00000
     22.50000    163.50000      0.00000
     22.75000    163.50000      0.00000
     23.00000    163.50000      0.00000
     23.25000    163.50000      0.00000
     23.50000    163.50000      0.00000
     23.75000    163.50000      0.00000
     24.00000    163.50000      0.00000
     24.25000    163.50000      0.00000
     20.25000    163.25000      0.00000
     20.50000    163.25000      0.00000
     20.75000    163.25000      0.00000
     21.00000    163.25000      0.00000
     21.25000    163.25000      0.00000
     21.50000    163.25000      0.00000
     21.75000    163.25000      0.00000
     22.00000    163.25000      0.00000
     22.25000    163.25000      0.00000
     22.50000    163.25000      0.00000
     22.75000    163.25000      0.00000
     23.00000    163.25000      0.00000
     23.25000    163.25000      0.00000
     23.50000    163.25000      0.00000
     23.75000    163.25000      0.00000
     24.00000    163.25000      0.00000
     24.25000    163.25000      0.00000
     19.75000    163.00000      0.00000
     20.00000    163.00000      0.00000
     20.25000    163.00000      0.00000
     20.50000    163.00000      0.00000
     20.75000    163.00000      0.00000
     21.00000    163.00000      0.00000
     21.25000    163.00000      0.00000
     21.50000    163.00000      0.00000
     21.75000    163.00000      0.00000
     22.00000    163.00000      0.00000
     22.25000    163.00000      0.00000
     22.50000    163.00000      0.00000
     22.75000    163.00000      0.00000
     23.00000    163.00000      0.00000
     23.25000    163.00000      0.00000
     23.50000    163.00000      0.00000
     23.75000    163.00000      0.00000
     24.00000    163.00000      0.00000
     24.25000    163.00000      0.00000
     19.50000    162.75000      0.00009
     19.75000    162.75000      0.00000
     20.00000    162.75000      0.00000
     20.25000    162.75000      0.00000
     20.50000    162.75000      0.00000
     20.75000    162.75000      0.00000
     21.00000    162.75000      0.00000
     21.25000    162.75000      0.00000
     21.50000    162.75000      0.00000
     21.75000    162.75000      0.00000
     22.00000    162.75000      0.00000
     22.25000    162.75000      0.00000
     22.50000    162.75000      0.00000
     22.75000    162.75000      0.00000
     23.00000    162.75000      0.00000
     23.25000    162.75000      0.00000
     23.50000    162.75000      0.00000
     23.75000    162.75000      0.00000
     24.00000    162.75000      0.00000
     24.25000    162.75000      0.00000
     19.25000    162.50000      0.00088
     19.50000    162.50000      0.00045
     19.75000    162.50000      0.00001
     20.00000    162.50000      0.00000
     20.25000    162.50000      0.00000
     20.50000    162.50000      0.00000
     20.75000    162.50000      0.00000
     21.00000    162.50000      0.00000
     21.25000    162.50000      0.00000
     21.50000    162.50000      0.00000
     21.75000    162.50000      0.00000
     22.00000    162.50000      0.00000
     22.25000    162.50000      0.00000
     22.50000    162.50000      0.00000
     22.75000    162.50000      0.00000
     23.00000    162.50000      0.00000
     23.25000    162.50000      0.00000
     23.50000    162.50000      0.00000
     23.75000    162.50000      0.00000
     24.00000    162.50000      0.00000
     24.25000    162.50000      0.00000
     24.50000    162.50000      0.00000
     19.00000    162.25000      0.00133
     19.25000    162.25000      0.00122
     19.50000    162.25000      0.00096
     19.75000    162.25000      0.00061
     20.00000    162.25000      0.00009
     20.25000    162.25000      0.00000
     20.50000    162.25000      0.00000
     20.75000    162.25000      0.00000
     21.00000    162.25000      0.00000
     21.25000    162.25000      0.00000
     21.50000    162.25000      0.00000
     21.75000    162.25000      0.00000
     22.00000    162.25000      0.00000
     22.25000    162.25000      0.00000
     22.50000    162.25000      0.00000
     22.75000    162.25000      0.00000
     23.00000    162.25000      0.00000
     23.25000    162.25000      0.00000
     23.50000    162.25000      0.00000
     23.75000    162.25000      0.00000
     24.00000    162.25000      0.00000
     24.25000    162.25000      0.00000
     24.50000    162.25000      0.00000
     19.00000    162.00000      0.00174
     19.25000    162.00000      0.00161
     19.50000    162.00000      0.00152
     19.75000    162.00000      0.00130
     20.00000    162.00000      0.00073
     20.25000    162.00000      0.00006
     20.50000    162.00000      0.00000
     20.75000    162.00000      0.00000
     21.00000    162.00000      0.00000
     21.25000    162.00000      0.00000
     21.50000    162.00000      0.00000
     21.75000    162.00000      0.00000
     22.00000    162.00000      0.00000
     22.25000    162.00000      0.00000
     22.50000    162.00000      0.00000
     22.75000    162.00000      0.00000
     23.00000    162.00000      0.00000
     23.25000    162.00000      0.00000
     23.50000    162.00000      0.00000
     23.75000    162.00000      0.00000
     24.00000    162.00000      0.00000
     24.25000    162.00000      0.00000
     24.50000    162.00000      0.00000
     19.00000    161.75000      0.00210
     19.25000    161.75000      0.00190
     19.50000    161.75000      0.00183
     19.75000    161.75000      0.00175
     20.00000    161.75000      0.00116
     20.25000    161.75000      0.00044
     20.50000    161.75000      0.00000
     20.75000    161.75000      0.00000
     21.00000    161.75000      0.00000
     21.25000    161.75000      0.00000
     21.50000    161.75000      0.00000
     21.75000    161.75000      0.00000
     22.00000    161.75000      0.00000
     22.25000    161.75000      0.00000
     22.50000    161.75000      0.00000
     22.75000    161.75000      0.00000
     23.00000    161.75000      0.00000
     23.25000    161.75000      0.00000
     23.50000    161.75000      0.00000
     23.75000    161.75000      0.00000
     24.00000    161.75000      0.00000
     24.25000    161.75000      0.00000
     24.50000    161.75000      0.00000
     19.00000    161.50000      0.00213
     19.25000    161.50000      0.00183
     19.50000    161.50000      0.00185
     19.75000    161.50000      0.00174
     20.00000    161.50000      0.00128
     20.25000    161.50000      0.00068
     20.50000    161.50000      0.00006
     20.75000    161.50000      0.00000
     21.00000    161.50000      0.00000
     21.25000    161.50000      0.00000
     21.50000    161.50000      0.00000
     21.75000    161.50000      0.00000
     22.00000    161.50000      0.00000
     22.25000    161.50000      0.00000
     22.50000    161.50000      0.00000
     22.75000    161.50000      0.00000
     23.00000    161.50000      0.00000
     23.25000    161.50000      0.00000
     23.50000    161.50000      0.00000
     23.75000    161.50000      0.00000
     24.00000    161.50000      0.00023
     24.25000    161.50000      0.00078
     24.50000    161.50000      0.00123
     15.50000    161.25000      0.00000
     15.75000    161.25000      0.00000
     16.00000    161.25000      0.00000
     19.00000    161.25000      0.00216
     19.25000    161.25000      0.00188
     19.50000    161.25000      0.00174
     19.75000    161.25000      0.00172
     20.00000    161.25000      0.00140
     20.25000    161.25000      0.00105
     20.50000    161.25000      0.00050
     20.75000    161.25000      0.00011
     21.00000    161.25000      0.00000
     21.25000    161.25000      0.00000
     21.50000    161.25000      0.00000
     21.75000    161.25000      0.00000
     22.00000    161.25000      0.00000
     22.25000    161.25000      0.00000
     22.50000    161.25000      0.00000
     22.75000    161.25000      0.00000
     23.00000    161.25000      0.00000
     23.25000    161.25000      0.00000
     23.50000    161.25000      0.00037
     23.75000    161.25000      0.00126
     24.00000    161.25000      0.00227
     24.25000    161.25000      0.00285
     24.50000    161.25000      0.00337
     24.75000    161.25000      0.00376
     15.25000    161.00000      0.00000
     15.50000    161.00000      0.00000
     15.75000    161.00000      0.00000
     16.00000    161.00000      0.00000
     16.25000    161.00000      0.00000
     16.50000    161.00000      0.00171
     16.75000    161.00000      0.00441
     17.00000    161.00000      0.00616
     19.00000    161.00000      0.00236
     19.25000    161.00000      0.00202
     19.50000    161.00000      0.00204
     19.75000    161.00000      0.00191
     20.00000    161.00000      0.00164
     20.25000    161.00000      0.00136
     20.50000    161.00000      0.00097
     20.75000    161.00000      0.00071
     21.00000    161.00000      0.00043
     21.25000    161.00000      0.00029
     21.50000    161.00000      0.00028
     21.75000    161.00000      0.00019
     22.00000    161.00000      0.00011
     22.25000    161.00000      0.00007
     22.50000    161.00000      0.00004
     22.75000    161.00000      0.00000
     23.00000    161.00000      0.00005
     23.25000    161.00000      0.00045
     23.50000    161.00000      0.00141
     23.75000    161.00000      0.00272
     24.00000    161.00000      0.00373
     24.25000    161.00000      0.00465
     24.50000    161.00000      0.00503
     24.75000    161.00000      0.00541
     15.00000    160.75000      0.00000
     15.25000    160.75000      0.00000
     15.50000    160.75000      0.00000
     15.75000    160.75000      0.00000
     16.00000    160.75000      0.00000
     16.25000    160.75000      0.00006
     16.50000    160.75000      0.00148
     16.75000    160.75000      0.00399
     17.00000    160.75000      0.00559
     19.00000    160.75000      0.00274
     19.25000    160.75000      0.00252
     19.50000    160.75000      0.00236
     19.75000    160.75000      0.00207
     20.00000    160.75000      0.00190
     20.25000    160.75000      0.00171
     20.50000    160.75000      0.00140
     20.75000    160.75000      0.00121
     21.00000    160.75000      0.00097
     21.25000    160.75000      0.00078
     21.50000    160.75000      0.00065
     21.75000    160.75000      0.00062
     22.00000    160.75000      0.00046
     22.25000    160.75000      0.00038
     22.50000    160.75000      0.00027
     22.75000    160.75000      0.00024
     23.00000    160.75000      0.00038
     23.25000    160.75000      0.00107
     23.50000    160.75000      0.00234
     23.75000    160.75000      0.00403
     24.00000    160.75000      0.00523
     24.25000    160.75000      0.00604
     24.50000    160.75000      0.00614
     24.75000    160.75000      0.00623
     15.00000    160.50000      0.00000
     15.25000    160.50000      0.00000
     15.50000    160.50000      0.00000
     15.75000    160.50000      0.00000
     16.00000    160.50000      0.00000
     16.25000    160.50000      0.00009
     16.50000    160.50000      0.00134
     16.75000    160.50000      0.00330
     17.00000    160.50000      0.00461
     19.00000    160.50000      0.00344
     19.25000    160.50000      0.00311
     19.50000    160.50000      0.00285
     19.75000    160.50000      0.00245
     20.00000    160.50000      0.00216
     20.25000    160.50000      0.00197
     20.50000    160.50000      0.00162
     20.75000    160.50000      0.00128
     21.00000    160.50000      0.00114
     21.25000    160.50000      0.00094
     21.50000    160.50000      0.00079
     21.75000    160.50000      0.00076
     22.00000    160.50000      0.00067
     22.25000    160.50000      0.00053
     22.50000    160.50000      0.00035
     22.75000    160.50000      0.00027
     23.00000    160.50000      0.00054
     23.25000    160.50000      0.00137
     23.50000    160.50000      0.00308
     23.75000    160.50000      0.00539
     24.00000    160.50000      0.00690
     24.25000    160.50000      0.00740
     24.50000    160.50000      0.00704
     24.75000    160.50000      0.00684
     15.00000    160.25000      0.00000
     15.25000    160.25000      0.00000
     15.50000    160.25000      0.00000
     15.75000    160.25000      0.00000
     16.00000    160.25000      0.00000
     16.25000    160.25000      0.00011
     16.50000    160.25000      0.00120
     16.75000    160.25000      0.00263
     17.00000    160.25000      0.00365
     19.00000    160.25000      0.00369
     19.25000    160.25000      0.00371
     19.50000    160.25000      0.00335
     19.75000    160.25000      0.00284
     20.00000    160.25000      0.00256
     20.25000    160.25000      0.00223
     20.50000    160.25000      0.00184
     20.75000    160.25000      0.00148
     21.00000    160.25000      0.00119
     21.25000    160.25000      0.00098
     21.50000    160.25000      0.00095
     21.75000    160.25000      0.00091
     22.00000    160.25000      0.00079
     22.25000    160.25000      0.00060
     22.50000    160.25000      0.00044
     22.75000    160.25000      0.00030
     23.00000    160.25000      0.00062
     23.25000    160.25000      0.00168
     23.50000    160.25000      0.00400
     23.75000    160.25000      0.00692
     24.00000    160.25000      0.00872
     24.25000    160.25000      0.00922
     24.50000    160.25000      0.00811
     24.75000    160.25000      0.00730
     25.00000    160.25000      0.00679
     15.00000    160.00000      0.00000
     15.25000    160.00000      0.00000
     15.50000    160.00000      0.00000
     15.75000    160.00000      0.00000
     16.00000    160.00000      0.00000
     16.25000    160.00000      0.00015
     16.50000    160.00000      0.00099
     16.75000    160.00000      0.00204
     17.00000    160.00000      0.00291
     17.25000    160.00000      0.00367
     17.50000    160.00000      0.00414
     17.75000    160.00000      0.00397
     18.00000    160.00000      0.00384
     18.25000    160.00000      0.00362
     18.50000    160.00000      0.00361
     18.75000    160.00000      0.00359
     19.00000    160.00000      0.00363
     19.25000    160.00000      0.00374
     19.50000    160.00000      0.00365
     19.75000    160.00000      0.00334
     20.00000    160.00000      0.00294
     20.25000    160.00000      0.00248
     20.50000    160.00000      0.00208
     20.75000    160.00000      0.00169
     21.00000    160.00000      0.00139
     21.25000    160.00000      0.00127
     21.50000    160.00000      0.00110
     21.75000    160.00000      0.00105
     22.00000    160.00000      0.00090
     22.25000    160.00000      0.00077
     22.50000    160.00000      0.00056
     22.75000    160.00000      0.00037
     23.00000    160.00000      0.00068
     23.25000    160.00000      0.00198
     23.50000    160.00000      0.00488
     23.75000    160.00000      0.00838
     24.00000    160.00000      0.01030
     24.25000    160.00000      0.01063
     24.50000    160.00000      0.00861
     24.75000    160.00000      0.00750
     25.00000    160.00000      0.00685
     25.25000    160.00000      0.00665
     15.00000    159.75000      0.00000
     15.25000    159.75000      0.00000
     15.50000    159.75000      0.00000
     15.75000    159.75000      0.00000
     16.00000    159.75000      0.00000
     16.25000    159.75000      0.00021
     16.50000    159.75000      0.00073
     16.75000    159.75000      0.00140
     17.00000    159.75000      0.00212
     17.25000    159.75000      0.00297
     17.50000    159.75000      0.00345
     17.75000    159.75000      0.00346
     18.00000    159.75000      0.00352
     18.25000    159.75000      0.00348
     18.50000    159.75000      0.00348
     18.75000    159.75000      0.00333
     19.00000    159.75000      0.00351
     19.25000    159.75000      0.00357
     19.50000    159.75000      0.00380
     19.75000    159.75000      0.00365
     20.00000    159.75000      0.00331
     20.25000    159.75000      0.00300
     20.50000    159.75000      0.00246
     20.75000    159.75000      0.00206
     21.00000    159.75000      0.00173
     21.25000    159.75000      0.00146
     21.50000    159.75000      0.00137
     21.75000    159.75000      0.00128
     22.00000    159.75000      0.00110
     22.25000    159.75000      0.00084
     22.50000    159.75000      0.00062
     22.75000    159.75000      0.00042
     23.00000    159.75000      0.00083
     23.25000    159.75000      0.00225
     23.50000    159.75000      0.00541
     23.75000    159.75000      0.00946
     24.00000    159.75000      0.01163
     15.00000    159.50000      0.00000
     15.25000    159.50000      0.00000
     15.50000    159.50000      0.00000
     15.75000    159.50000      0.00000
     16.00000    159.50000      0.00007
     16.25000    159.50000      0.00030
     16.50000    159.50000      0.00042
     16.75000    159.50000      0.00066
     17.00000    159.50000      0.00107
     17.25000    159.50000      0.00158
     17.50000    159.50000      0.00203
     17.75000    159.50000      0.00251
     18.00000    159.50000      0.00276
     18.25000    159.50000      0.00290
     18.50000    159.50000      0.00295
     18.75000    159.50000      0.00300
     19.00000    159.50000      0.00317
     19.25000    159.50000      0.00333
     19.50000    159.50000      0.00361
     19.75000    159.50000      0.00390
     20.00000    159.50000      0.00380
     20.25000    159.50000      0.00354
     20.50000    159.50000      0.00299
     20.75000    159.50000      0.00245
     21.00000    159.50000      0.00210
     21.25000    159.50000      0.00179
     21.50000    159.50000      0.00164
     21.75000    159.50000      0.00149
     22.00000    159.50000      0.00128
     22.25000    159.50000      0.00101
     22.50000    159.50000      0.00071
     22.75000    159.50000      0.00043
     23.00000    159.50000      0.00084
     23.25000    159.50000      0.00250
     23.50000    159.50000      0.00589
     23.75000    159.50000      0.01000
     24.00000    159.50000      0.01151
     15.00000    159.25000      0.00000
     15.25000    159.25000      0.00000
     15.50000    159.25000      0.00000
     15.75000    159.25000      0.00000
     16.00000    159.25000      0.00024
     16.25000    159.25000      0.00032
     16.50000    159.25000      0.00018
     16.75000    159.25000      0.00007
     17.00000    159.25000      0.00001
     17.25000    159.25000      0.00019
     17.50000    159.25000      0.00080
     17.75000    159.25000      0.00161
     18.00000    159.25000      0.00215
     18.25000    159.25000      0.00248
     18.50000    159.25000      0.00258
     18.75000    159.25000      0.00267
     19.00000    159.25000      0.00284
     19.25000    159.25000      0.00295
     19.50000    159.25000      0.00328
     19.75000    159.25000      0.00362
     20.00000    159.25000      0.00383
     20.25000    159.25000      0.00363
     20.50000    159.25000      0.00330
     20.75000    159.25000      0.00298
     21.00000    159.25000      0.00248
     21.25000    159.25000      0.00212
     21.50000    159.25000      0.00192
     21.75000    159.25000      0.00171
     22.00000    159.25000      0.00135
     22.25000    159.25000      0.00108
     22.50000    159.25000      0.00069
     22.75000    159.25000      0.00036
     23.00000    159.25000      0.00085
     23.25000    159.25000      0.00260
     23.50000    159.25000      0.00637
     23.75000    159.25000      0.01069
     24.00000    159.25000      0.01093
     15.00000    159.00000      0.00000
     15.25000    159.00000      0.00000
     15.50000    159.00000      0.00000
     15.75000    159.00000      0.00005
     16.00000    159.00000      0.00032
     16.25000    159.00000      0.00034
     16.50000    159.00000      0.00005
     16.75000    159.00000      0.00000
     17.00000    159.00000      0.00000
     17.25000    159.00000      0.00000
     17.50000    159.00000      0.00017
     17.75000    159.00000      0.00102
     18.00000    159.00000      0.00168
     18.25000    159.00000      0.00202
     18.50000    159.00000      0.00212
     18.75000    159.00000      0.00237
     19.00000    159.00000      0.00252
     19.25000    159.00000      0.00271
     19.50000    159.00000      0.00296
     19.75000    159.00000      0.00335
     20.00000    159.00000      0.00336
     20.25000    159.00000      0.00327
     20.50000    159.00000      0.00294
     20.75000    159.00000      0.00248
     21.00000    159.00000      0.00203
     21.25000    159.00000      0.00187
     21.50000    159.00000      0.00184
     21.75000    159.00000      0.00159
     22.00000    159.00000      0.00123
     22.25000    159.00000      0.00087
     22.50000    159.00000      0.00045
     22.75000    159.00000      0.00008
     23.00000    159.00000      0.00042
     23.25000    159.00000      0.00235
     23.50000    159.00000      0.00641
     23.75000    159.00000      0.01121
     24.00000    159.00000      0.01031
     15.00000    158.75000      0.00000
     15.25000    158.75000      0.00000
     15.50000    158.75000      0.00000
     15.75000    158.75000      0.00002
     16.00000    158.75000      0.00027
     16.25000    158.75000      0.00029
     16.50000    158.75000      0.00000
     16.75000    158.75000      0.00000
     17.00000    158.75000      0.00000
     17.25000    158.75000      0.00000
     17.50000    158.75000      0.00000
     17.75000    158.75000      0.00060
     18.00000    158.75000      0.00132
     18.25000    158.75000      0.00177
     18.50000    158.75000      0.00186
     18.75000    158.75000      0.00208
     19.00000    158.75000      0.00219
     19.25000    158.75000      0.00248
     19.50000    158.75000      0.00265
     19.75000    158.75000      0.00282
     20.00000    158.75000      0.00292
     20.25000    158.75000      0.00267
     20.50000    158.75000      0.00221
     20.75000    158.75000      0.00177
     21.00000    158.75000      0.00136
     21.25000    158.75000      0.00108
     21.50000    158.75000      0.00094
     21.75000    158.75000      0.00081
     22.00000    158.75000      0.00069
     22.25000    158.75000      0.00040
     22.50000    158.75000      0.00009
     22.75000    158.75000      0.00000
     23.00000    158.75000      0.00001
     23.25000    158.75000      0.00150
     23.50000    158.75000      0.00602
     23.75000    158.75000      0.01124
     24.00000    158.75000      0.00979
     15.00000    158.50000      0.00000
     15.25000    158.50000      0.00000
     15.50000    158.50000      0.00000
     15.75000    158.50000      0.00000
     16.00000    158.50000      0.00017
     16.25000    158.50000      0.00017
     16.50000    158.50000      0.00000
     16.75000    158.50000      0.00000
     17.00000    158.50000      0.00000
     17.25000    158.50000      0.00000
     17.50000    158.50000      0.00000
     17.75000    158.50000      0.00041
     18.00000    158.50000      0.00106
     18.25000    158.50000      0.00147
     18.50000    158.50000      0.00164
     18.75000    158.50000      0.00181
     19.00000    158.50000      0.00201
     19.25000    158.50000      0.00210
     19.50000    158.50000      0.00221
     19.75000    158.50000      0.00233
     20.00000    158.50000      0.00225
     20.25000    158.50000      0.00199
     20.50000    158.50000      0.00143
     20.75000    158.50000      0.00092
     21.00000    158.50000      0.00057
     21.25000    158.50000      0.00036
     21.50000    158.50000      0.00024
     21.75000    158.50000      0.00014
     22.00000    158.50000      0.00003
     22.25000    158.50000      0.00000
     22.50000    158.50000      0.00000
     22.75000    158.50000      0.00000
     23.00000    158.50000      0.00000
     23.25000    158.50000      0.00079
     23.50000    158.50000      0.00549
     23.75000    158.50000      0.01110
     24.00000    158.50000      0.00952
     15.00000    158.25000      0.00000
     15.25000    158.25000      0.00000
     15.50000    158.25000      0.00000
     15.75000    158.25000      0.00000
     16.00000    158.25000      0.00003
     16.25000    158.25000      0.00001
     16.50000    158.25000      0.00000
     16.75000    158.25000      0.00000
     17.00000    158.25000      0.00000
     17.25000    158.25000      0.00000
     17.50000    158.25000      0.00000
     17.75000    158.25000      0.00025
     18.00000    158.25000      0.00083
     18.25000    158.25000      0.00119
     18.50000    158.25000      0.00143
     18.75000    158.25000      0.00169
     19.00000    158.25000      0.00183
     19.25000    158.25000      0.00187
     19.50000    158.25000      0.00192
     19.75000    158.25000      0.00184
     20.00000    158.25000      0.00173
     20.25000    158.25000      0.00134
     20.50000    158.25000      0.00085
     20.75000    158.25000      0.00034
     21.00000    158.25000      0.00011
     21.25000    158.25000      0.00001
     21.50000    158.25000      0.00000
     21.75000    158.25000      0.00000
     22.00000    158.25000      0.00000
     22.25000    158.25000      0.00000
     22.50000    158.25000      0.00000
     22.75000    158.25000      0.00000
     23.00000    158.25000      0.00000
     23.25000    158.25000      0.00005
     23.50000    158.25000      0.00496
     23.75000    158.25000      0.01097
     24.00000    158.25000      0.00925
     15.00000    158.00000      0.00000
     15.25000    158.00000      0.00000
     15.50000    158.00000      0.00000
     15.75000    158.00000      0.00000
     16.00000    158.00000      0.00000
     16.25000    158.00000      0.00000
     16.50000    158.00000      0.00000
     16.75000    158.00000      0.00000
     17.00000    158.00000      0.00000
     17.25000    158.00000      0.00000
     17.50000    158.00000      0.00000
     17.75000    158.00000      0.00008
     18.00000    158.00000      0.00045
     18.25000    158.00000      0.00085
     18.50000    158.00000      0.00104
     18.75000    158.00000      0.00125
     19.00000    158.00000      0.00149
     19.25000    158.00000      0.00151
     19.50000    158.00000      0.00155
     19.75000    158.00000      0.00146
     20.00000    158.00000      0.00123
     20.25000    158.00000      0.00086
     20.50000    158.00000      0.00043
     20.75000    158.00000      0.00006
     21.00000    158.00000      0.00000
     21.25000    158.00000      0.00000
     21.50000    158.00000      0.00000
     21.75000    158.00000      0.00000
     22.00000    158.00000      0.00000
     22.25000    158.00000      0.00000
     22.50000    158.00000      0.00000
     22.75000    158.00000      0.00000
     23.00000    158.00000      0.00000
     23.25000    158.00000      0.00000
     23.50000    158.00000      0.00442
     23.75000    158.00000      0.01024
     24.00000    158.00000      0.01059
     15.00000    157.75000      0.00000
     15.25000    157.75000      0.00000
     15.50000    157.75000      0.00000
     15.75000    157.75000      0.00003
     16.00000    157.75000      0.00013
     16.25000    157.75000      0.00005
     16.50000    157.75000      0.00000
     16.75000    157.75000      0.00000
     17.00000    157.75000      0.00000
     17.25000    157.75000      0.00000
     17.50000    157.75000      0.00000
     17.75000    157.75000      0.00000
     18.00000    157.75000      0.00011
     18.25000    157.75000      0.00039
     18.50000    157.75000      0.00063
     18.75000    157.75000      0.00090
     19.00000    157.75000      0.00100
     19.25000    157.75000      0.00115
     19.50000    157.75000      0.00111
     19.75000    157.75000      0.00118
     20.00000    157.75000      0.00097
     20.25000    157.75000      0.00063
     20.50000    157.75000      0.00022
     20.75000    157.75000      0.00000
     21.00000    157.75000      0.00000
     21.25000    157.75000      0.00000
     21.50000    157.75000      0.00000
     21.75000    157.75000      0.00000
     22.00000    157.75000      0.00000
     22.25000    157.75000      0.00000
     22.50000    157.75000      0.00000
     22.75000    157.75000      0.00000
     23.00000    157.75000      0.00000
     23.25000    157.75000      0.00000
     23.50000    157.75000      0.00297
     23.75000    157.75000      0.00906
     24.00000    157.75000      0.01170
     15.00000    157.50000      0.00000
     15.25000    157.50000      0.00000
     15.50000    157.50000      0.00015
     15.75000    157.50000      0.00061
     16.00000    157.50000      0.00067
     16.25000    157.50000      0.00034
     16.50000    157.50000      0.00000
     16.75000    157.50000      0.00000
     17.00000    157.50000      0.00000
     17.25000    157.50000      0.00000
     17.50000    157.50000      0.00000
     17.75000    157.50000      0.00000
     18.00000    157.50000      0.00000
     18.25000    157.50000      0.00001
     18.50000    157.50000      0.00017
     18.75000    157.50000      0.00035
     19.00000    157.50000      0.00054
     19.25000    157.50000      0.00071
     19.50000    157.50000      0.00085
     19.75000    157.50000      0.00088
     20.00000    157.50000      0.00072
     20.25000    157.50000      0.00049
     20.50000    157.50000      0.00011
     20.75000    157.50000      0.00000
     21.00000    157.50000      0.00000
     21.25000    157.50000      0.00000
     21.50000    157.50000      0.00000
     21.75000    157.50000      0.00000
     22.00000    157.50000      0.00000
     22.25000    157.50000      0.00000
     22.50000    157.50000      0.00000
     22.75000    157.50000      0.00000
     23.00000    157.50000      0.00000
     23.25000    157.50000      0.00000
     23.50000    157.50000      0.00147
     23.75000    157.50000      0.00592
     24.00000    157.50000      0.00846
     15.00000    157.25000      0.00046
     15.25000    157.25000      0.00058
     15.50000    157.25000      0.00104
     15.75000    157.25000      0.00143
     16.00000    157.25000      0.00142
     16.25000    157.25000      0.00078
     16.50000    157.25000      0.00007
     16.75000    157.25000      0.00000
     17.00000    157.25000      0.00000
     17.25000    157.25000      0.00000
     17.50000    157.25000      0.00000
     17.75000    157.25000      0.00000
     18.00000    157.25000      0.00000
     18.25000    157.25000      0.00000
     18.50000    157.25000      0.00000
     18.75000    157.25000      0.00006
     19.00000    157.25000      0.00018
     19.25000    157.25000      0.00034
     19.50000    157.25000      0.00051
     19.75000    157.25000      0.00061
     20.00000    157.25000      0.00059
     20.25000    157.25000      0.00029
     20.50000    157.25000      0.00003
     20.75000    157.25000      0.00000
     21.00000    157.25000      0.00000
     21.25000    157.25000      0.00000
     21.50000    157.25000      0.00000
     21.75000    157.25000      0.00000
     22.00000    157.25000      0.00000
     22.25000    157.25000      0.00000
     22.50000    157.25000      0.00000
     22.75000    157.25000      0.00000
     23.00000    157.25000      0.00000
     23.25000    157.25000      0.00000
     23.50000    157.25000      0.00037
     23.75000    157.25000      0.00305
     24.00000    157.25000      0.00481
     13.25000    157.00000      0.00056
     13.50000    157.00000      0.00051
     13.75000    157.00000      0.00096
     14.00000    157.00000      0.00134
     14.25000    157.00000      0.00163
     14.50000    157.00000      0.00161
     14.75000    157.00000      0.00122
     15.00000    157.00000      0.00131
     15.25000    157.00000      0.00140
     15.50000    157.00000      0.00174
     15.75000    157.00000      0.00209
     16.00000    157.00000      0.00183
     16.25000    157.00000      0.00126
     16.50000    157.00000      0.00018
     16.75000    157.00000      0.00000
     17.00000    157.00000      0.00000
     17.25000    157.00000      0.00000
     17.50000    157.00000      0.00000
     17.75000    157.00000      0.00000
     18.00000    157.00000      0.00000
     18.25000    157.00000      0.00000
     18.50000    157.00000      0.00000
     18.75000    157.00000      0.00000
     19.00000    157.00000      0.00000
     19.25000    157.00000      0.00006
     19.50000    157.00000      0.00018
     19.75000    157.00000      0.00034
     20.00000    157.00000      0.00025
     20.25000    157.00000      0.00010
     20.50000    157.00000      0.00000
     20.75000    157.00000      0.00000
     21.00000    157.00000      0.00000
     21.25000    157.00000      0.00000
     21.50000    157.00000      0.00000
     21.75000    157.00000      0.00000
     22.00000    157.00000      0.00000
     22.25000    157.00000      0.00000
     22.50000    157.00000      0.00000
     22.75000    157.00000      0.00000
     23.00000    157.00000      0.00000
     23.25000    157.00000      0.00000
     23.50000    157.00000      0.00011
     23.75000    157.00000      0.00179
     24.00000    157.00000      0.00313
     13.25000    156.75000      0.00056
     13.50000    156.75000      0.00042
     13.75000    156.75000      0.00030
     14.00000    156.75000      0.00036
     14.25000    156.75000      0.00064
     14.50000    156.75000      0.00098
     14.75000    156.75000      0.00149
     15.00000    156.75000      0.00175
     15.25000    156.75000      0.00200
     15.50000    156.75000      0.00223
     15.75000    156.75000      0.00247
     16.00000    156.75000      0.00221
     16.25000    156.75000      0.00149
     16.50000    156.75000      0.00040
     16.75000    156.75000      0.00000
     17.00000    156.75000      0.00000
     17.25000    156.75000      0.00000
     17.50000    156.75000      0.00000
     17.75000    156.75000      0.00000
     18.00000    156.75000      0.00000
     18.25000    156.75000      0.00000
     18.50000    156.75000      0.00000
     18.75000    156.75000      0.00000
     19.00000    156.75000      0.00000
     19.25000    156.75000      0.00000
     19.50000    156.75000      0.00000
     19.75000    156.75000      0.00002
     20.00000    156.75000      0.00001
     20.25000    156.75000      0.00000
     20.50000    156.75000      0.00000
     20.75000    156.75000      0.00000
     21.00000    156.75000      0.00000
     21.25000    156.75000      0.00000
     21.50000    156.75000      0.00000
     21.75000    156.75000      0.00000
     22.00000    156.75000      0.00000
     22.25000    156.75000      0.00000
     22.50000    156.75000      0.00000
     22.75000    156.75000      0.00000
     23.00000    156.75000      0.00000
     13.25000    156.50000      0.00045
     13.50000    156.50000      0.00019
     13.75000    156.50000      0.00003
     14.00000    156.50000      0.00006
     14.25000    156.50000      0.00033
     14.50000    156.50000      0.00096
     14.75000    156.50000      0.00150
     15.00000    156.50000      0.00190
     15.25000    156.50000      0.00214
     15.50000    156.50000      0.00234
     15.75000    156.50000      0.00241
     16.00000    156.50000      0.00214
     16.25000    156.50000      0.00155
     16.50000    156.50000      0.00055
     16.75000    156.50000      0.00000
     17.00000    156.50000      0.00000
     17.25000    156.50000      0.00000
     17.50000    156.50000      0.00000
     17.75000    156.50000      0.00000
     18.00000    156.50000      0.00000
     18.25000    156.50000      0.00000
     18.50000    156.50000      0.00000
     18.75000    156.50000      0.00000
     19.00000    156.50000      0.00000
     19.25000    156.50000      0.00000
     19.50000    156.50000      0.00000
     19.75000    156.50000      0.00000
     20.00000    156.50000      0.00000
     20.25000    156.50000      0.00000
     20.50000    156.50000      0.00000
     20.75000    156.50000      0.00000
     21.00000    156.50000      0.00000
     21.25000    156.50000      0.00000
     21.50000    156.50000      0.00000
     21.75000    156.50000      0.00000
     22.00000    156.50000      0.00000
     22.25000    156.50000      0.00000
     22.50000    156.50000      0.00000
     22.75000    156.50000      0.00000
     23.00000    156.50000      0.00000
     13.25000    156.25000      0.00044
     13.50000    156.25000      0.00008
     13.75000    156.25000      0.00000
     14.00000    156.25000      0.00000
     14.25000    156.25000      0.00010
     14.50000    156.25000      0.00083
     14.75000    156.25000      0.00163
     15.00000    156.25000      0.00200
     15.25000    156.25000      0.00203
     15.50000    156.25000      0.00213
     15.75000    156.25000      0.00210
     16.00000    156.25000      0.00185
     16.25000    156.25000      0.00140
     16.50000    156.25000      0.00070
     16.75000    156.25000      0.00004
     17.00000    156.25000      0.00000
     17.25000    156.25000      0.00000
     17.50000    156.25000      0.00000
     17.75000    156.25000      0.00000
     18.00000    156.25000      0.00000
     18.25000    156.25000      0.00000
     18.50000    156.25000      0.00000
     18.75000    156.25000      0.00000
     19.00000    156.25000      0.00000
     19.25000    156.25000      0.00000
     19.50000    156.25000      0.00000
     19.75000    156.25000      0.00000
     20.00000    156.25000      0.00000
     20.25000    156.25000      0.00000
     20.50000    156.25000      0.00000
     20.75000    156.25000      0.00000
     21.00000    156.25000      0.00000
     21.25000    156.25000      0.00000
     21.50000    156.25000      0.00000
     21.75000    156.25000      0.00000
     22.00000    156.25000      0.00000
     22.25000    156.25000      0.00000
     22.50000    156.25000      0.00000
     22.75000    156.25000      0.00000
     23.00000    156.25000      0.00000
     13.25000    156.00000      0.00018
     13.50000    156.00000      0.00000
     13.75000    156.00000      0.00000
     14.00000    156.00000      0.00000
     14.25000    156.00000      0.00008
     14.50000    156.00000      0.00071
     14.75000    156.00000      0.00150
     15.00000    156.00000      0.00173
     15.25000    156.00000      0.00177
     15.50000    156.00000      0.00177
     15.75000    156.00000      0.00190
     16.00000    156.00000      0.00180
     16.25000    156.00000      0.00136
     16.50000    156.00000      0.00067
     16.75000    156.00000      0.00011
     17.00000    156.00000      0.00000
     17.25000    156.00000      0.00000
     17.50000    156.00000      0.00000
     17.75000    156.00000      0.00000
     18.00000    156.00000      0.00000
     18.25000    156.00000      0.00000
     18.50000    156.00000      0.00000
     18.75000    156.00000      0.00000
     19.00000    156.00000      0.00000
     19.25000    156.00000      0.00000
     19.50000    156.00000      0.00000
     19.75000    156.00000      0.00000
     20.00000    156.00000      0.00000
     20.25000    156.00000      0.00000
     20.50000    156.00000      0.00000
     20.75000    156.00000      0.00000
     21.00000    156.00000      0.00000
     21.25000    156.00000      0.00000
     21.50000    156.00000      0.00000
     21.75000    156.00000      0.00000
     22.00000    156.00000      0.00000
     22.25000    156.00000      0.00000
     22.50000    156.00000      0.00000
     22.75000    156.00000      0.00000
     23.00000    156.00000      0.00000
     13.00000    155.75000      0.00001
     13.25000    155.75000      0.00000
     13.50000    155.75000      0.00000
     13.75000    155.75000      0.00000
     14.00000    155.75000      0.00000
     16.00000    155.75000      0.00201
     16.25000    155.75000      0.00171
     16.50000    155.75000      0.00076
     16.75000    155.75000      0.00002
     17.00000    155.75000      0.00000
     17.25000    155.75000      0.00000
     17.50000    155.75000      0.00000
     17.75000    155.75000      0.00000
     18.00000    155.75000      0.00000
     18.25000    155.75000      0.00000
     18.50000    155.75000      0.00000
     18.75000    155.75000      0.00000
     19.00000    155.75000      0.00000
     19.25000    155.75000      0.00000
     19.50000    155.75000      0.00000
     19.75000    155.75000      0.00000
     20.00000    155.75000      0.00000
     20.25000    155.75000      0.00000
     20.50000    155.75000      0.00000
     20.75000    155.75000      0.00000
     21.00000    155.75000      0.00000
     21.25000    155.75000      0.00000
     21.50000    155.75000      0.00000
     21.75000    155.75000      0.00000
     22.00000    155.75000      0.00000
     22.25000    155.75000      0.00000
     22.50000    155.75000      0.00000
     22.75000    155.75000      0.00000
     23.00000    155.75000      0.00000
     13.00000    155.50000      0.00000
     13.25000    155.50000      0.00000
     13.50000    155.50000      0.00000
     13.75000    155.50000      0.00000
     14.00000    155.50000      0.00000
     16.00000    155.50000      0.00262
     16.25000    155.50000      0.00183
     16.50000    155.50000      0.00064
     16.75000    155.50000      0.00000
     17.00000    155.50000      0.00000
     17.25000    155.50000      0.00000
     17.50000    155.50000      0.00000
     17.75000    155.50000      0.00000
     18.00000    155.50000      0.00000
     18.25000    155.50000      0.00000
     18.50000    155.50000      0.00000
     18.75000    155.50000      0.00000
     19.00000    155.50000      0.00000
     19.25000    155.50000      0.00000
     19.50000    155.50000      0.00000
     19.75000    155.50000      0.00000
     20.00000    155.50000      0.00000
     20.25000    155.50000      0.00000
     20.50000    155.50000      0.00000
     20.75000    155.50000      0.00000
     21.00000    155.50000      0.00000
     21.25000    155.50000      0.00000
     21.50000    155.50000      0.00000
     21.75000    155.50000      0.00000
     22.00000    155.50000      0.00000
     22.25000    155.50000      0.00000
     22.50000    155.50000      0.00000
     22.75000    155.50000      0.00007
     23.00000    155.50000      0.00014
     13.00000    155.25000      0.00000
     13.25000    155.25000      0.00000
     13.50000    155.25000      0.00000
     13.75000    155.25000      0.00000
     14.00000    155.25000      0.00000
     16.00000    155.25000      0.00295
     16.25000    155.25000      0.00198
     16.50000    155.25000      0.00053
     16.75000    155.25000      0.00000
     17.00000    155.25000      0.00000
     17.25000    155.25000      0.00000
     17.50000    155.25000      0.00000
     17.75000    155.25000      0.00000
     18.00000    155.25000      0.00000
     18.25000    155.25000      0.00000
     18.50000    155.25000      0.00000
     18.75000    155.25000      0.00000
     19.00000    155.25000      0.00000
     19.25000    155.25000      0.00000
     19.50000    155.25000      0.00000
     19.75000    155.25000      0.00000
     20.00000    155.25000      0.00000
     20.25000    155.25000      0.00000
     20.50000    155.25000      0.00000
     20.75000    155.25000      0.00000
     21.00000    155.25000      0.00000
     21.25000    155.25000      0.00000
     21.50000    155.25000      0.00000
     21.75000    155.25000      0.00000
     22.00000    155.25000      0.00000
     22.25000    155.25000      0.00000
     22.50000    155.25000      0.00000
     22.75000    155.25000      0.00025
     23.00000    155.25000      0.00061
     13.00000    155.00000      0.00000
     13.25000    155.00000      0.00000
     13.50000    155.00000      0.00000
     13.75000    155.00000      0.00000
     14.00000    155.00000      0.00000
     16.00000    155.00000      0.00303
     16.25000    155.00000      0.00206
     16.50000    155.00000      0.00060
     16.75000    155.00000      0.00000
     17.00000    155.00000      0.00000
     17.25000    155.00000      0.00000
     17.50000    155.00000      0.00000
     17.75000    155.00000      0.00000
     18.00000    155.00000      0.00000
     18.25000    155.00000      0.00000
     18.50000    155.00000      0.00000
     18.75000    155.00000      0.00000
     19.00000    155.00000      0.00000
     19.25000    155.00000      0.00000
     19.50000    155.00000      0.00000
     19.75000    155.00000      0.00000
     20.00000    155.00000      0.00000
     20.25000    155.00000      0.00000
     20.50000    155.00000      0.00000
     20.75000    155.00000      0.00000
     21.00000    155.00000      0.00000
     21.25000    155.00000      0.00000
     21.50000    155.00000      0.00000
     21.75000    155.00000      0.00000
     22.00000    155.00000      0.00000
     22.25000    155.00000      0.00000
     22.50000    155.00000      0.00000
     22.75000    155.00000      0.00003
     23.00000    155.00000      0.00026
     23.25000    155.00000      0.00042
     23.50000    155.00000      0.00027
     23.75000    155.00000      0.00000
     14.00000    154.75000      0.00000
     16.00000    154.75000      0.00271
     16.25000    154.75000      0.00194
     16.50000    154.75000      0.00065
     16.75000    154.75000      0.00000
     17.00000    154.75000      0.00000
     17.25000    154.75000      0.00000
     17.50000    154.75000      0.00000
     17.75000    154.75000      0.00000
     18.00000    154.75000      0.00000
     18.25000    154.75000      0.00000
     18.50000    154.75000      0.00000
     18.75000    154.75000      0.00001
     19.00000    154.75000      0.00000
     19.25000    154.75000      0.00000
     19.50000    154.75000      0.00000
     19.75000    154.75000      0.00000
     20.00000    154.75000      0.00000
     20.25000    154.75000      0.00000
     20.50000    154.75000      0.00000
     20.75000    154.75000      0.00000
     21.00000    154.75000      0.00000
     21.25000    154.75000      0.00000
     21.50000    154.75000      0.00000
     21.75000    154.75000      0.00000
     22.00000    154.75000      0.00000
     14.00000    154.50000      0.00000
     16.00000    154.50000      0.00229
     16.25000    154.50000      0.00176
     16.50000    154.50000      0.00099
     16.75000    154.50000      0.00022
     17.00000    154.50000      0.00004
     17.25000    154.50000      0.00000
     17.50000    154.50000      0.00001
     17.75000    154.50000      0.00002
     18.00000    154.50000      0.00007
     18.25000    154.50000      0.00014
     18.50000    154.50000      0.00022
     18.75000    154.50000      0.00030
     19.00000    154.50000      0.00001
     19.25000    154.50000      0.00000
     19.50000    154.50000      0.00000
     19.75000    154.50000      0.00000
     20.00000    154.50000      0.00000
     20.25000    154.50000      0.00000
     20.50000    154.50000      0.00000
     20.75000    154.50000      0.00000
     21.00000    154.50000      0.00000
     21.25000    154.50000      0.00000
     21.50000    154.50000      0.00000
     21.75000    154.50000      0.00000
     22.00000    154.50000      0.00000
     14.00000    154.25000      0.00000
     16.00000    154.25000      0.00115
     16.25000    154.25000      0.00096
     16.50000    154.25000      0.00061
     16.75000    154.25000      0.00024
     17.00000    154.25000      0.00008
     17.25000    154.25000      0.00009
     17.50000    154.25000      0.00021
     17.75000    154.25000      0.00035
     18.00000    154.25000      0.00045
     18.25000    154.25000      0.00059
     18.50000    154.25000      0.00076
     18.75000    154.25000      0.00079
     19.00000    154.25000      0.00023
     19.25000    154.25000      0.00000
     19.50000    154.25000      0.00000
     19.75000    154.25000      0.00000
     20.00000    154.25000      0.00000
     20.25000    154.25000      0.00000
     20.50000    154.25000      0.00000
     20.75000    154.25000      0.00000
     21.00000    154.25000      0.00000
     21.25000    154.25000      0.00000
     21.50000    154.25000      0.00000
     21.75000    154.25000      0.00000
     22.00000    154.25000      0.00000
     14.00000    154.00000      0.00000
     14.25000    154.00000      0.00000
     14.50000    154.00000      0.00000
     14.75000    154.00000      0.00019
     15.00000    154.00000      0.00063
     15.25000    154.00000      0.00087
     15.50000    154.00000      0.00100
     15.75000    154.00000      0.00093
     16.00000    154.00000      0.00078
     16.25000    154.00000      0.00066
     16.50000    154.00000      0.00047
     16.75000    154.00000      0.00023
     17.00000    154.00000      0.00019
     17.25000    154.00000      0.00022
     17.50000    154.00000      0.00045
     17.75000    154.00000      0.00071
     18.00000    154.00000      0.00089
     18.25000    154.00000      0.00107
     18.50000    154.00000      0.00112
     18.75000    154.00000      0.00117
     19.00000    154.00000      0.00068
     19.25000    154.00000      0.00008
     19.50000    154.00000      0.00000
     19.75000    154.00000      0.00000
     20.00000    154.00000      0.00000
     20.25000    154.00000      0.00000
     20.50000    154.00000      0.00000
     20.75000    154.00000      0.00000
     21.00000    154.00000      0.00000
     21.25000    154.00000      0.00000
     21.50000    154.00000      0.00000
     21.75000    154.00000      0.00000
     22.00000    154.00000      0.00000
     14.00000    153.75000      0.00000
     14.25000    153.75000      0.00000
     14.50000    153.75000      0.00000
     14.75000    153.75000      0.00021
     15.00000    153.75000      0.00066
     15.25000    153.75000      0.00103
     15.50000    153.75000      0.00107
     15.75000    153.75000      0.00088
     16.00000    153.75000      0.00071
     16.25000    153.75000      0.00066
     16.50000    153.75000      0.00051
     16.75000    153.75000      0.00038
     17.00000    153.75000      0.00038
     17.25000    153.75000      0.00052
     17.50000    153.75000      0.00074
     17.75000    153.75000      0.00097
     18.00000    153.75000      0.00119
     18.25000    153.75000      0.00126
     18.50000    153.75000      0.00129
     18.75000    153.75000      0.00131
     19.00000    153.75000      0.00107
     19.25000    153.75000      0.00043
     19.50000    153.75000      0.00000
     19.75000    153.75000      0.00000
     20.00000    153.75000      0.00000
     20.25000    153.75000      0.00000
     20.50000    153.75000      0.00000
     20.75000    153.75000      0.00000
     21.00000    153.75000      0.00000
     21.25000    153.75000      0.00000
     21.50000    153.75000      0.00000
     21.75000    153.75000      0.00000
     22.00000    153.75000      0.00000
     14.00000    153.50000      0.00000
     14.25000    153.50000      0.00000
     14.50000    153.50000      0.00000
     14.75000    153.50000      0.00007
     15.00000    153.50000      0.00045
     15.25000    153.50000      0.00078
     15.50000    153.50000      0.00092
     15.75000    153.50000      0.00088
     16.00000    153.50000      0.00083
     16.25000    153.50000      0.00085
     16.50000    153.50000      0.00074
     16.75000    153.50000      0.00074
     17.00000    153.50000      0.00070
     17.25000    153.50000      0.00084
     17.50000    153.50000      0.00106
     17.75000    153.50000      0.00117
     18.00000    153.50000      0.00138
     18.25000    153.50000      0.00144
     18.50000    153.50000      0.00135
     18.75000    153.50000      0.00137
     19.00000    153.50000      0.00100
     19.25000    153.50000      0.00045
     19.50000    153.50000      0.00006
     19.75000    153.50000      0.00000
     20.00000    153.50000      0.00000
     20.25000    153.50000      0.00000
     20.50000    153.50000      0.00000
     20.75000    153.50000      0.00000
     21.00000    153.50000      0.00000
     21.25000    153.50000      0.00000
     21.50000    153.50000      0.00000
     21.75000    153.50000      0.00000
     22.00000    153.50000      0.00000
     14.00000    153.25000      0.00000
     14.25000    153.25000      0.00000
     14.50000    153.25000      0.00000
     14.75000    153.25000      0.00000
     15.00000    153.25000      0.00020
     15.25000    153.25000      0.00048
     15.50000    153.25000      0.00067
     15.75000    153.25000      0.00088
     16.00000    153.25000      0.00094
     16.25000    153.25000      0.00094
     16.50000    153.25000      0.00099
     16.75000    153.25000      0.00104
     17.00000    153.25000      0.00107
     17.25000    153.25000      0.00119
     17.50000    153.25000      0.00128
     17.75000    153.25000      0.00139
     18.00000    153.25000      0.00146
     18.25000    153.25000      0.00151
     18.50000    153.25000      0.00140
     18.75000    153.25000      0.00129
     19.00000    153.25000      0.00093
     19.25000    153.25000      0.00040
     19.50000    153.25000      0.00001
     19.75000    153.25000      0.00000
     20.00000    153.25000      0.00000
     20.25000    153.25000      0.00000
     20.50000    153.25000      0.00000
     20.75000    153.25000      0.00000
     21.00000    153.25000      0.00000
     21.25000    153.25000      0.00000
     21.50000    153.25000      0.00000
     21.75000    153.25000      0.00000
     22.00000    153.25000      0.00000
     14.25000    153.00000      0.00000
     14.50000    153.00000      0.00000
     14.75000    153.00000      0.00000
     15.00000    153.00000      0.00015
     15.25000    153.00000      0.00047
     15.50000    153.00000      0.00068
     15.75000    153.00000      0.00091
     16.00000    153.00000      0.00109
     16.25000    153.00000      0.00121
     16.50000    153.00000      0.00126
     16.75000    153.00000      0.00130
     17.00000    153.00000      0.00131
     17.25000    153.00000      0.00140
     17.50000    153.00000      0.00145
     17.75000    153.00000      0.00151
     18.00000    153.00000      0.00154
     18.25000    153.00000      0.00155
     18.50000    153.00000      0.00140
     18.75000    153.00000      0.00126
     19.00000    153.00000      0.00088
     19.25000    153.00000      0.00035
     19.50000    153.00000      0.00000
     19.75000    153.00000      0.00000
     20.00000    153.00000      0.00000
     20.25000    153.00000      0.00000
     20.50000    153.00000      0.00000
     20.75000    153.00000      0.00000
     21.00000    153.00000      0.00000
     21.25000    153.00000      0.00000
     21.50000    153.00000      0.00000
     21.75000    153.00000      0.00000
     22.00000    153.00000      0.00000
     15.00000    152.75000      0.00028
     15.25000    152.75000      0.00060
     15.50000    152.75000      0.00093
     15.75000    152.75000      0.00119
     16.00000    152.75000      0.00141
     16.25000    152.75000      0.00144
     16.50000    152.75000      0.00153
     16.75000    152.75000      0.00162
     17.00000    152.75000      0.00163
     17.25000    152.75000      0.00170
     17.50000    152.75000      0.00168
     17.75000    152.75000      0.00166
     18.00000    152.75000      0.00162
     18.25000    152.75000      0.00156
     18.50000    152.75000      0.00135
     18.75000    152.75000      0.00114
     19.00000    152.75000      0.00074
     19.25000    152.75000      0.00031
     19.50000    152.75000      0.00000
     19.75000    152.75000      0.00000
     20.00000    152.75000      0.00000
     20.25000    152.75000      0.00000
     20.50000    152.75000      0.00000
     20.75000    152.75000      0.00000
     21.00000    152.75000      0.00000
     21.25000    152.75000      0.00000
     21.50000    152.75000      0.00000
     21.75000    152.75000      0.00000
     22.00000    152.75000      0.00000
     15.00000    152.50000      0.00055
     15.25000    152.50000      0.00083
     15.50000    152.50000      0.00126
     15.75000    152.50000      0.00153
     16.00000    152.50000      0.00165
     16.25000    152.50000      0.00187
     16.50000    152.50000      0.00194
     16.75000    152.50000      0.00201
     17.00000    152.50000      0.00192
     17.25000    152.50000      0.00196
     17.50000    152.50000      0.00184
     17.75000    152.50000      0.00173
     18.00000    152.50000      0.00158
     18.25000    152.50000      0.00155
     18.50000    152.50000      0.00124
     18.75000    152.50000      0.00107
     19.00000    152.50000      0.00072
     19.25000    152.50000      0.00028
     19.50000    152.50000      0.00000
     19.75000    152.50000      0.00000
     20.00000    152.50000      0.00000
     20.25000    152.50000      0.00000
     20.50000    152.50000      0.00000
     20.75000    152.50000      0.00000
     21.00000    152.50000      0.00000
     21.25000    152.50000      0.00000
     21.50000    152.50000      0.00000
     21.75000    152.50000      0.00000
     22.00000    152.50000      0.00000
     15.00000    152.25000      0.00087
     15.25000    152.25000      0.00106
     15.50000    152.25000      0.00153
     15.75000    152.25000      0.00188
     16.00000    152.25000      0.00203
     16.25000    152.25000      0.00219
     16.50000    152.25000      0.00223
     16.75000    152.25000      0.00240
     17.00000    152.25000      0.00235
     17.25000    152.25000      0.00222
     17.50000    152.25000      0.00200
     17.75000    152.25000      0.00192
     18.00000    152.25000      0.00167
     18.25000    152.25000      0.00141
     18.50000    152.25000      0.00126
     18.75000    152.25000      0.00100
     19.00000    152.25000      0.00060
     19.25000    152.25000      0.00025
     19.50000    152.25000      0.00004
     19.75000    152.25000      0.00000
     20.00000    152.25000      0.00000
     20.25000    152.25000      0.00000
     20.50000    152.25000      0.00000
     20.75000    152.25000      0.00001
     21.00000    152.25000      0.00002
     21.25000    152.25000      0.00001
     21.50000    152.25000      0.00000
     21.75000    152.25000      0.00000
     22.00000    152.25000      0.00000
     15.00000    152.00000      0.00108
     15.25000    152.00000      0.00128
     15.50000    152.00000      0.00152
     15.75000    152.00000      0.00190
     16.00000    152.00000      0.00227
     16.25000    152.00000      0.00236
     16.50000    152.00000      0.00243
     16.75000    152.00000      0.00250
     17.00000    152.00000      0.00246
     17.25000    152.00000      0.00233
     17.50000    152.00000      0.00209
     17.75000    152.00000      0.00171
     18.00000    152.00000      0.00157
     18.25000    152.00000      0.00126
     18.50000    152.00000      0.00104
     18.75000    152.00000      0.00084
     19.00000    152.00000      0.00053
     19.25000    152.00000      0.00024
     19.50000    152.00000      0.00004
     19.75000    152.00000      0.00000
     20.00000    152.00000      0.00000
     20.25000    152.00000      0.00000
     20.50000    152.00000      0.00003
     20.75000    152.00000      0.00026
     21.00000    152.00000      0.00037
     21.25000    152.00000      0.00052
     21.50000    152.00000      0.00044
     21.75000    152.00000      0.00035
     15.00000    151.75000      0.00116
     15.25000    151.75000      0.00123
     15.50000    151.75000      0.00147
     15.75000    151.75000      0.00173
     16.00000    151.75000      0.00197
     16.25000    151.75000      0.00222
     16.50000    151.75000      0.00240
     16.75000    151.75000      0.00244
     17.00000    151.75000      0.00240
     17.25000    151.75000      0.00215
     17.50000    151.75000      0.00183
     17.75000    151.75000      0.00139
     18.00000    151.75000      0.00115
     18.25000    151.75000      0.00097
     18.50000    151.75000      0.00074
     18.75000    151.75000      0.00063
     19.00000    151.75000      0.00040
     19.25000    151.75000      0.00020
     19.50000    151.75000      0.00001
     19.75000    151.75000      0.00000
     20.00000    151.75000      0.00000
     20.25000    151.75000      0.00000
     20.50000    151.75000      0.00005
     20.75000    151.75000      0.00028
     21.00000    151.75000      0.00039
     21.25000    151.75000      0.00045
     21.50000    151.75000      0.00036
     21.75000    151.75000      0.00021
     15.25000    151.50000      0.00127
     15.50000    151.50000      0.00127
     15.75000    151.50000      0.00139
     16.00000    151.50000      0.00154
     16.25000    151.50000      0.00183
     16.50000    151.50000      0.00215
     16.75000    151.50000      0.00223
     17.00000    151.50000      0.00216
     17.25000    151.50000      0.00183
     17.50000    151.50000      0.00139
     17.75000    151.50000      0.00086
     18.00000    151.50000      0.00062
     18.25000    151.50000      0.00040
     18.50000    151.50000      0.00039
     18.75000    151.50000      0.00037
     19.00000    151.50000      0.00032
     19.25000    151.50000      0.00012
     19.50000    151.50000      0.00000
     19.75000    151.50000      0.00000
     20.00000    151.50000      0.00000
     20.25000    151.50000      0.00000
     20.50000    151.50000      0.00000
     20.75000    151.50000      0.00008
     21.00000    151.50000      0.00008
     21.25000    151.50000      0.00000
     21.50000    151.50000      0.00000
     21.75000    151.50000      0.00000
     15.50000    151.25000      0.00108
     15.75000    151.25000      0.00108
     16.00000    151.25000      0.00113
     16.25000    151.25000      0.00146
     16.50000    151.25000      0.00187
     16.75000    151.25000      0.00201
     17.00000    151.25000      0.00179
     17.25000    151.25000      0.00140
     17.50000    151.25000      0.00087
     17.75000    151.25000      0.00033
     18.00000    151.25000      0.00008
     18.25000    151.25000      0.00004
     18.50000    151.25000      0.00012
     18.75000    151.25000      0.00023
     19.00000    151.25000      0.00018
     19.25000    151.25000      0.00011
     19.50000    151.25000      0.00000
     19.75000    151.25000      0.00000
     20.00000    151.25000      0.00000
     20.25000    151.25000      0.00000
     20.50000    151.25000      0.00000
     20.75000    151.25000      0.00000
     21.00000    151.25000      0.00000
     21.25000    151.25000      0.00000
     21.50000    151.25000      0.00000
     21.75000    151.25000      0.00000
     16.00000    151.00000      0.00093
     16.25000    151.00000      0.00104
     16.50000    151.00000      0.00157
     16.75000    151.00000      0.00152
     17.00000    151.00000      0.00133
     17.25000    151.00000      0.00089
     17.50000    151.00000      0.00040
     17.75000    151.00000      0.00003
     18.00000    151.00000      0.00000
     18.25000    151.00000      0.00000
     18.50000    151.00000      0.00000
     18.75000    151.00000      0.00008
     19.00000    151.00000      0.00008
     19.25000    151.00000      0.00002
     19.50000    151.00000      0.00000
     19.75000    151.00000      0.00000
     20.00000    151.00000      0.00000
     20.25000    151.00000      0.00000
     20.50000    151.00000      0.00000
     20.75000    151.00000      0.00000
     21.00000    151.00000      0.00000
     21.25000    151.00000      0.00000
     15.75000    150.75000      0.00115
     16.00000    150.75000      0.00094
     18.00000    150.75000      0.00000
     18.25000    150.75000      0.00000
     18.50000    150.75000      0.00000
     18.75000    150.75000      0.00001
     19.00000    150.75000      0.00000
     19.25000    150.75000      0.00000
     19.50000    150.75000      0.00000
     19.75000    150.75000      0.00000
     20.00000    150.75000      0.00000
     15.75000    150.50000      0.00169
     16.00000    150.50000      0.00127
     18.00000    150.50000      0.00031
     18.25000    150.50000      0.00023
     18.50000    150.50000      0.00005
     18.75000    150.50000      0.00000
     19.00000    150.50000      0.00000
     19.25000    150.50000      0.00000
     19.50000    150.50000      0.00000
     19.75000    150.50000      0.00000
     20.00000    150.50000      0.00000
     15.75000    150.25000      0.00226
     16.00000    150.25000      0.00174
     18.00000    150.25000      0.00042
     18.25000    150.25000      0.00055
     18.50000    150.25000      0.00011
     18.75000    150.25000      0.00000
     19.00000    150.25000      0.00000
     19.25000    150.25000      0.00000
     19.50000    150.25000      0.00000
     19.75000    150.25000      0.00000
     20.00000    150.25000      0.00000
     15.75000    150.00000      0.00186
     16.00000    150.00000      0.00121
     18.00000    150.00000      0.00017
     18.25000    150.00000      0.00026
     18.50000    150.00000      0.00007
     18.75000    150.00000      0.00000
     19.00000    150.00000      0.00000
     19.25000    150.00000      0.00000
     19.50000    150.00000      0.00000
     19.75000    150.00000      0.00000
     20.00000    150.00000      0.00000
     18.00000    149.75000      0.00000
     18.25000    149.75000      0.00000
     18.50000    149.75000      0.00000
     18.75000    149.75000      0.00000
     19.00000    149.75000      0.00000
     18.00000    149.50000      0.00000
     18.25000    149.50000      0.00000
     18.50000    149.50000      0.00000
     18.75000    149.50000      0.00000
     19.00000    149.50000      0.00000
     18.00000    149.25000      0.00000
     18.25000    149.25000      0.00000
     18.50000    149.25000      0.00000
     18.75000    149.25000      0.00000
     19.00000    149.25000      0.00000
