     21.25000    164.00000      0.00881
     21.50000    164.00000      0.00661
     21.75000    164.00000      0.00439
     22.00000    164.00000      0.00239
     22.25000    164.00000      0.00115
     22.50000    164.00000      0.00106
     22.75000    164.00000      0.00096
     23.00000    164.00000      0.00091
     23.25000    164.00000      0.00066
     23.50000    164.00000      0.00017
     20.75000    163.75000      0.01078
     21.00000    163.75000      0.00920
     21.25000    163.75000      0.00768
     21.50000    163.75000      0.00604
     21.75000    163.75000      0.00393
     22.00000    163.75000      0.00207
     22.25000    163.75000      0.00087
     22.50000    163.75000      0.00067
     22.75000    163.75000      0.00060
     23.00000    163.75000      0.00045
     23.25000    163.75000      0.00026
     23.50000    163.75000      0.00002
     23.75000    163.75000      0.00000
     24.00000    163.75000      0.00000
     24.25000    163.75000      0.00075
     20.50000    163.50000      0.01091
     20.75000    163.50000      0.00953
     21.00000    163.50000      0.00807
     21.25000    163.50000      0.00662
     21.50000    163.50000      0.00518
     21.75000    163.50000      0.00326
     22.00000    163.50000      0.00153
     22.25000    163.50000      0.00053
     22.50000    163.50000      0.00028
     22.75000    163.50000      0.00009
     23.00000    163.50000      0.00000
     23.25000    163.50000      0.00000
     23.50000    163.50000      0.00000
     23.75000    163.50000      0.00000
     24.00000    163.50000      0.00000
     24.25000    163.50000      0.00114
     20.25000    163.25000      0.00937
     20.50000    163.25000      0.00878
     20.75000    163.25000      0.00777
     21.00000    163.25000      0.00660
     21.25000    163.25000      0.00539
     21.50000    163.25000      0.00398
     21.75000    163.25000      0.00245
     22.00000    163.25000      0.00102
     22.25000    163.25000      0.00024
     22.50000    163.25000      0.00000
     22.75000    163.25000      0.00000
     23.00000    163.25000      0.00000
     23.25000    163.25000      0.00000
     23.50000    163.25000      0.00000
     23.75000    163.25000      0.00000
     24.00000    163.25000      0.00000
     24.25000    163.25000      0.00084
     19.75000    163.00000      0.01116
     20.00000    163.00000      0.00922
     20.25000    163.00000      0.00777
     20.50000    163.00000      0.00714
     20.75000    163.00000      0.00652
     21.00000    163.00000      0.00571
     21.25000    163.00000      0.00463
     21.50000    163.00000      0.00348
     21.75000    163.00000      0.00237
     22.00000    163.00000      0.00117
     22.25000    163.00000      0.00042
     22.50000    163.00000      0.00002
     22.75000    163.00000      0.00000
     23.00000    163.00000      0.00000
     23.25000    163.00000      0.00000
     23.50000    163.00000      0.00000
     23.75000    163.00000      0.00000
     24.00000    163.00000      0.00000
     24.25000    163.00000      0.00115
     19.50000    162.75000      0.01250
     19.75000    162.75000      0.01095
     20.00000    162.75000      0.00901
     20.25000    162.75000      0.00753
     20.50000    162.75000      0.00669
     20.75000    162.75000      0.00619
     21.00000    162.75000      0.00573
     21.25000    162.75000      0.00483
     21.50000    162.75000      0.00400
     21.75000    162.75000      0.00301
     22.00000    162.75000      0.00219
     22.25000    162.75000      0.00127
     22.50000    162.75000      0.00058
     22.75000    162.75000      0.00004
     23.00000    162.75000      0.00000
     23.25000    162.75000      0.00000
     23.50000    162.75000      0.00000
     23.75000    162.75000      0.00001
     24.00000    162.75000      0.00061
     24.25000    162.75000      0.00232
     19.25000    162.50000      0.01403
     19.50000    162.50000      0.01333
     19.75000    162.50000      0.01213
     20.00000    162.50000      0.01086
     20.25000    162.50000      0.00934
     20.50000    162.50000      0.00810
     20.75000    162.50000      0.00703
     21.00000    162.50000      0.00641
     21.25000    162.50000      0.00599
     21.50000    162.50000      0.00521
     21.75000    162.50000      0.00444
     22.00000    162.50000      0.00362
     22.25000    162.50000      0.00276
     22.50000    162.50000      0.00190
     22.75000    162.50000      0.00111
     23.00000    162.50000      0.00082
     23.25000    162.50000      0.00071
     23.50000    162.50000      0.00101
     23.75000    162.50000      0.00133
     24.00000    162.50000      0.00251
     24.25000    162.50000      0.00425
     24.50000    162.50000      0.00598
     19.00000    162.25000      0.01468
     19.25000    162.25000      0.01453
     19.50000    162.25000      0.01417
     19.75000    162.25000      0.01364
     20.00000    162.25000      0.01253
     20.25000    162.25000      0.01115
     20.50000    162.25000      0.00951
     20.75000    162.25000      0.00787
     21.00000    162.25000      0.00701
     21.25000    162.25000      0.00660
     21.50000    162.25000      0.00643
     21.75000    162.25000      0.00589
     22.00000    162.25000      0.00526
     22.25000    162.25000      0.00439
     22.50000    162.25000      0.00346
     22.75000    162.25000      0.00254
     23.00000    162.25000      0.00213
     23.25000    162.25000      0.00217
     23.50000    162.25000      0.00267
     23.75000    162.25000      0.00319
     24.00000    162.25000      0.00460
     24.25000    162.25000      0.00626
     24.50000    162.25000      0.00780
     19.00000    162.00000      0.01523
     19.25000    162.00000      0.01506
     19.50000    162.00000      0.01495
     19.75000    162.00000      0.01468
     20.00000    162.00000      0.01384
     20.25000    162.00000      0.01242
     20.50000    162.00000      0.01057
     20.75000    162.00000      0.00889
     21.00000    162.00000      0.00781
     21.25000    162.00000      0.00734
     21.50000    162.00000      0.00749
     21.75000    162.00000      0.00763
     22.00000    162.00000      0.00706
     22.25000    162.00000      0.00637
     22.50000    162.00000      0.00557
     22.75000    162.00000      0.00461
     23.00000    162.00000      0.00428
     23.25000    162.00000      0.00423
     23.50000    162.00000      0.00480
     23.75000    162.00000      0.00571
     24.00000    162.00000      0.00691
     24.25000    162.00000      0.00858
     24.50000    162.00000      0.00983
     19.00000    161.75000      0.01569
     19.25000    161.75000      0.01544
     19.50000    161.75000      0.01535
     19.75000    161.75000      0.01526
     20.00000    161.75000      0.01447
     20.25000    161.75000      0.01332
     20.50000    161.75000      0.01145
     20.75000    161.75000      0.00991
     21.00000    161.75000      0.00879
     21.25000    161.75000      0.00828
     21.50000    161.75000      0.00838
     21.75000    161.75000      0.00864
     22.00000    161.75000      0.00852
     22.25000    161.75000      0.00817
     22.50000    161.75000      0.00759
     22.75000    161.75000      0.00701
     23.00000    161.75000      0.00687
     23.25000    161.75000      0.00710
     23.50000    161.75000      0.00775
     23.75000    161.75000      0.00857
     24.00000    161.75000      0.00971
     24.25000    161.75000      0.01098
     24.50000    161.75000      0.01206
     19.00000    161.50000      0.01574
     19.25000    161.50000      0.01535
     19.50000    161.50000      0.01536
     19.75000    161.50000      0.01520
     20.00000    161.50000      0.01459
     20.25000    161.50000      0.01369
     20.50000    161.50000      0.01231
     20.75000    161.50000      0.01109
     21.00000    161.50000      0.01029
     21.25000    161.50000      0.00975
     21.50000    161.50000      0.00981
     21.75000    161.50000      0.00986
     22.00000    161.50000      0.00987
     22.25000    161.50000      0.00949
     22.50000    161.50000      0.00908
     22.75000    161.50000      0.00866
     23.00000    161.50000      0.00887
     23.25000    161.50000      0.00970
     23.50000    161.50000      0.01114
     23.75000    161.50000      0.01203
     24.00000    161.50000      0.01292
     24.25000    161.50000      0.01395
     24.50000    161.50000      0.01462
     15.50000    161.25000      0.01056
     15.75000    161.25000      0.01090
     16.00000    161.25000      0.01109
     19.00000    161.25000      0.01580
     19.25000    161.25000      0.01542
     19.50000    161.25000      0.01520
     19.75000    161.25000      0.01515
     20.00000    161.25000      0.01470
     20.25000    161.25000      0.01420
     20.50000    161.25000      0.01331
     20.75000    161.25000      0.01242
     21.00000    161.25000      0.01194
     21.25000    161.25000      0.01154
     21.50000    161.25000      0.01155
     21.75000    161.25000      0.01139
     22.00000    161.25000      0.01136
     22.25000    161.25000      0.01114
     22.50000    161.25000      0.01088
     22.75000    161.25000      0.01062
     23.00000    161.25000      0.01084
     23.25000    161.25000      0.01171
     23.50000    161.25000      0.01321
     23.75000    161.25000      0.01469
     24.00000    161.25000      0.01601
     24.25000    161.25000      0.01669
     24.50000    161.25000      0.01728
     24.75000    161.25000      0.01772
     15.25000    161.00000      0.00909
     15.50000    161.00000      0.00955
     15.75000    161.00000      0.00984
     16.00000    161.00000      0.01048
     16.25000    161.00000      0.01199
     16.50000    161.00000      0.01517
     16.75000    161.00000      0.01830
     17.00000    161.00000      0.02022
     19.00000    161.00000      0.01606
     19.25000    161.00000      0.01561
     19.50000    161.00000      0.01559
     19.75000    161.00000      0.01539
     20.00000    161.00000      0.01501
     20.25000    161.00000      0.01461
     20.50000    161.00000      0.01404
     20.75000    161.00000      0.01363
     21.00000    161.00000      0.01313
     21.25000    161.00000      0.01287
     21.50000    161.00000      0.01285
     21.75000    161.00000      0.01266
     22.00000    161.00000      0.01243
     22.25000    161.00000      0.01232
     22.50000    161.00000      0.01218
     22.75000    161.00000      0.01187
     23.00000    161.00000      0.01224
     23.25000    161.00000      0.01329
     23.50000    161.00000      0.01481
     23.75000    161.00000      0.01648
     24.00000    161.00000      0.01767
     24.25000    161.00000      0.01871
     24.50000    161.00000      0.01912
     24.75000    161.00000      0.01954
     15.00000    160.75000      0.00684
     15.25000    160.75000      0.00866
     15.50000    160.75000      0.00911
     15.75000    160.75000      0.00955
     16.00000    160.75000      0.01053
     16.25000    160.75000      0.01237
     16.50000    160.75000      0.01487
     16.75000    160.75000      0.01784
     17.00000    160.75000      0.01961
     19.00000    160.75000      0.01653
     19.25000    160.75000      0.01624
     19.50000    160.75000      0.01601
     19.75000    160.75000      0.01560
     20.00000    160.75000      0.01535
     20.25000    160.75000      0.01509
     20.50000    160.75000      0.01466
     20.75000    160.75000      0.01440
     21.00000    160.75000      0.01404
     21.25000    160.75000      0.01376
     21.50000    160.75000      0.01355
     21.75000    160.75000      0.01352
     22.00000    160.75000      0.01324
     22.25000    160.75000      0.01308
     22.50000    160.75000      0.01284
     22.75000    160.75000      0.01278
     23.00000    160.75000      0.01309
     23.25000    160.75000      0.01427
     23.50000    160.75000      0.01596
     23.75000    160.75000      0.01795
     24.00000    160.75000      0.01930
     24.25000    160.75000      0.02018
     24.50000    160.75000      0.02029
     24.75000    160.75000      0.02041
     15.00000    160.50000      0.00760
     15.25000    160.50000      0.00896
     15.50000    160.50000      0.00942
     15.75000    160.50000      0.00988
     16.00000    160.50000      0.01089
     16.25000    160.50000      0.01245
     16.50000    160.50000      0.01470
     16.75000    160.50000      0.01708
     17.00000    160.50000      0.01856
     19.00000    160.50000      0.01736
     19.25000    160.50000      0.01696
     19.50000    160.50000      0.01662
     19.75000    160.50000      0.01611
     20.00000    160.50000      0.01572
     20.25000    160.50000      0.01546
     20.50000    160.50000      0.01501
     20.75000    160.50000      0.01455
     21.00000    160.50000      0.01434
     21.25000    160.50000      0.01404
     21.50000    160.50000      0.01384
     21.75000    160.50000      0.01380
     22.00000    160.50000      0.01365
     22.25000    160.50000      0.01340
     22.50000    160.50000      0.01304
     22.75000    160.50000      0.01284
     23.00000    160.50000      0.01339
     23.25000    160.50000      0.01467
     23.50000    160.50000      0.01683
     23.75000    160.50000      0.01943
     24.00000    160.50000      0.02107
     24.25000    160.50000      0.02162
     24.50000    160.50000      0.02125
     24.75000    160.50000      0.02104
     15.00000    160.25000      0.00774
     15.25000    160.25000      0.00925
     15.50000    160.25000      0.00973
     15.75000    160.25000      0.01020
     16.00000    160.25000      0.01125
     16.25000    160.25000      0.01252
     16.50000    160.25000      0.01452
     16.75000    160.25000      0.01632
     17.00000    160.25000      0.01752
     19.00000    160.25000      0.01764
     19.25000    160.25000      0.01767
     19.50000    160.25000      0.01723
     19.75000    160.25000      0.01661
     20.00000    160.25000      0.01625
     20.25000    160.25000      0.01583
     20.50000    160.25000      0.01534
     20.75000    160.25000      0.01485
     21.00000    160.25000      0.01446
     21.25000    160.25000      0.01416
     21.50000    160.25000      0.01411
     21.75000    160.25000      0.01407
     22.00000    160.25000      0.01388
     22.25000    160.25000      0.01355
     22.50000    160.25000      0.01323
     22.75000    160.25000      0.01291
     23.00000    160.25000      0.01353
     23.25000    160.25000      0.01508
     23.50000    160.25000      0.01786
     23.75000    160.25000      0.02106
     24.00000    160.25000      0.02299
     24.25000    160.25000      0.02353
     24.50000    160.25000      0.02236
     24.75000    160.25000      0.02152
     25.00000    160.25000      0.02100
     15.00000    160.00000      0.00791
     15.25000    160.00000      0.00942
     15.50000    160.00000      0.00991
     15.75000    160.00000      0.01057
     16.00000    160.00000      0.01149
     16.25000    160.00000      0.01265
     16.50000    160.00000      0.01423
     16.75000    160.00000      0.01563
     17.00000    160.00000      0.01670
     17.25000    160.00000      0.01760
     17.50000    160.00000      0.01815
     17.75000    160.00000      0.01793
     18.00000    160.00000      0.01776
     18.25000    160.00000      0.01751
     18.50000    160.00000      0.01751
     18.75000    160.00000      0.01750
     19.00000    160.00000      0.01756
     19.25000    160.00000      0.01770
     19.50000    160.00000      0.01759
     19.75000    160.00000      0.01722
     20.00000    160.00000      0.01674
     20.25000    160.00000      0.01617
     20.50000    160.00000      0.01567
     20.75000    160.00000      0.01518
     21.00000    160.00000      0.01476
     21.25000    160.00000      0.01461
     21.50000    160.00000      0.01437
     21.75000    160.00000      0.01430
     22.00000    160.00000      0.01407
     22.25000    160.00000      0.01386
     22.50000    160.00000      0.01347
     22.75000    160.00000      0.01309
     23.00000    160.00000      0.01364
     23.25000    160.00000      0.01546
     23.50000    160.00000      0.01883
     23.75000    160.00000      0.02260
     24.00000    160.00000      0.02465
     24.25000    160.00000      0.02500
     24.50000    160.00000      0.02289
     24.75000    160.00000      0.02172
     25.00000    160.00000      0.02105
     25.25000    160.00000      0.02088
     15.00000    159.75000      0.00777
     15.25000    159.75000      0.00945
     15.50000    159.75000      0.01030
     15.75000    159.75000      0.01115
     16.00000    159.75000      0.01194
     16.25000    159.75000      0.01283
     16.50000    159.75000      0.01384
     16.75000    159.75000      0.01484
     17.00000    159.75000      0.01578
     17.25000    159.75000      0.01683
     17.50000    159.75000      0.01736
     17.75000    159.75000      0.01735
     18.00000    159.75000      0.01739
     18.25000    159.75000      0.01733
     18.50000    159.75000      0.01735
     18.75000    159.75000      0.01720
     19.00000    159.75000      0.01741
     19.25000    159.75000      0.01749
     19.50000    159.75000      0.01778
     19.75000    159.75000      0.01760
     20.00000    159.75000      0.01719
     20.25000    159.75000      0.01683
     20.50000    159.75000      0.01618
     20.75000    159.75000      0.01568
     21.00000    159.75000      0.01525
     21.25000    159.75000      0.01490
     21.50000    159.75000      0.01478
     21.75000    159.75000      0.01466
     22.00000    159.75000      0.01440
     22.25000    159.75000      0.01399
     22.50000    159.75000      0.01360
     22.75000    159.75000      0.01320
     23.00000    159.75000      0.01389
     23.25000    159.75000      0.01581
     23.50000    159.75000      0.01941
     23.75000    159.75000      0.02374
     24.00000    159.75000      0.02604
     15.00000    159.50000      0.00766
     15.25000    159.50000      0.00936
     15.50000    159.50000      0.01039
     15.75000    159.50000      0.01159
     16.00000    159.50000      0.01243
     16.25000    159.50000      0.01306
     16.50000    159.50000      0.01334
     16.75000    159.50000      0.01377
     17.00000    159.50000      0.01443
     17.25000    159.50000      0.01512
     17.50000    159.50000      0.01567
     17.75000    159.50000      0.01621
     18.00000    159.50000      0.01649
     18.25000    159.50000      0.01666
     18.50000    159.50000      0.01674
     18.75000    159.50000      0.01681
     19.00000    159.50000      0.01703
     19.25000    159.50000      0.01722
     19.50000    159.50000      0.01755
     19.75000    159.50000      0.01789
     20.00000    159.50000      0.01778
     20.25000    159.50000      0.01747
     20.50000    159.50000      0.01683
     20.75000    159.50000      0.01620
     21.00000    159.50000      0.01576
     21.25000    159.50000      0.01536
     21.50000    159.50000      0.01517
     21.75000    159.50000      0.01497
     22.00000    159.50000      0.01468
     22.25000    159.50000      0.01428
     22.50000    159.50000      0.01377
     22.75000    159.50000      0.01326
     23.00000    159.50000      0.01395
     23.25000    159.50000      0.01614
     23.50000    159.50000      0.01995
     23.75000    159.50000      0.02432
     24.00000    159.50000      0.02591
     15.00000    159.25000      0.00778
     15.25000    159.25000      0.00944
     15.50000    159.25000      0.01066
     15.75000    159.25000      0.01204
     16.00000    159.25000      0.01292
     16.25000    159.25000      0.01312
     16.50000    159.25000      0.01283
     16.75000    159.25000      0.01253
     17.00000    159.25000      0.01220
     17.25000    159.25000      0.01283
     17.50000    159.25000      0.01395
     17.75000    159.25000      0.01507
     18.00000    159.25000      0.01574
     18.25000    159.25000      0.01615
     18.50000    159.25000      0.01629
     18.75000    159.25000      0.01642
     19.00000    159.25000      0.01664
     19.25000    159.25000      0.01678
     19.50000    159.25000      0.01716
     19.75000    159.25000      0.01754
     20.00000    159.25000      0.01779
     20.25000    159.25000      0.01757
     20.50000    159.25000      0.01721
     20.75000    159.25000      0.01684
     21.00000    159.25000      0.01625
     21.25000    159.25000      0.01582
     21.50000    159.25000      0.01555
     21.75000    159.25000      0.01528
     22.00000    159.25000      0.01479
     22.25000    159.25000      0.01440
     22.50000    159.25000      0.01378
     22.75000    159.25000      0.01315
     23.00000    159.25000      0.01400
     23.25000    159.25000      0.01629
     23.50000    159.25000      0.02047
     23.75000    159.25000      0.02505
     24.00000    159.25000      0.02531
     15.00000    159.00000      0.00795
     15.25000    159.00000      0.00916
     15.50000    159.00000      0.01077
     15.75000    159.00000      0.01237
     16.00000    159.00000      0.01312
     16.25000    159.00000      0.01319
     16.50000    159.00000      0.01242
     16.75000    159.00000      0.01093
     17.00000    159.00000      0.01038
     17.25000    159.00000      0.01104
     17.50000    159.00000      0.01273
     17.75000    159.00000      0.01424
     18.00000    159.00000      0.01514
     18.25000    159.00000      0.01558
     18.50000    159.00000      0.01573
     18.75000    159.00000      0.01606
     19.00000    159.00000      0.01625
     19.25000    159.00000      0.01649
     19.50000    159.00000      0.01677
     19.75000    159.00000      0.01722
     20.00000    159.00000      0.01723
     20.25000    159.00000      0.01714
     20.50000    159.00000      0.01677
     20.75000    159.00000      0.01623
     21.00000    159.00000      0.01570
     21.25000    159.00000      0.01550
     21.50000    159.00000      0.01547
     21.75000    159.00000      0.01515
     22.00000    159.00000      0.01465
     22.25000    159.00000      0.01412
     22.50000    159.00000      0.01339
     22.75000    159.00000      0.01248
     23.00000    159.00000      0.01331
     23.25000    159.00000      0.01602
     23.50000    159.00000      0.02054
     23.75000    159.00000      0.02560
     24.00000    159.00000      0.02466
     15.00000    158.75000      0.00804
     15.25000    158.75000      0.00871
     15.50000    158.75000      0.01057
     15.75000    158.75000      0.01224
     16.00000    158.75000      0.01302
     16.25000    158.75000      0.01309
     16.50000    158.75000      0.01199
     16.75000    158.75000      0.01011
     17.00000    158.75000      0.00943
     17.25000    158.75000      0.01013
     17.50000    158.75000      0.01203
     17.75000    158.75000      0.01358
     18.00000    158.75000      0.01466
     18.25000    158.75000      0.01526
     18.50000    158.75000      0.01541
     18.75000    158.75000      0.01570
     19.00000    158.75000      0.01586
     19.25000    158.75000      0.01620
     19.50000    158.75000      0.01639
     19.75000    158.75000      0.01659
     20.00000    158.75000      0.01670
     20.25000    158.75000      0.01641
     20.50000    158.75000      0.01587
     20.75000    158.75000      0.01533
     21.00000    158.75000      0.01479
     21.25000    158.75000      0.01442
     21.50000    158.75000      0.01422
     21.75000    158.75000      0.01402
     22.00000    158.75000      0.01384
     22.25000    158.75000      0.01333
     22.50000    158.75000      0.01259
     22.75000    158.75000      0.01141
     23.00000    158.75000      0.01221
     23.25000    158.75000      0.01499
     23.50000    158.75000      0.02013
     23.75000    158.75000      0.02564
     24.00000    158.75000      0.02410
     15.00000    158.50000      0.00785
     15.25000    158.50000      0.00824
     15.50000    158.50000      0.01004
     15.75000    158.50000      0.01182
     16.00000    158.50000      0.01280
     16.25000    158.50000      0.01282
     16.50000    158.50000      0.01153
     16.75000    158.50000      0.00994
     17.00000    158.50000      0.00951
     17.25000    158.50000      0.01009
     17.50000    158.50000      0.01185
     17.75000    158.50000      0.01325
     18.00000    158.50000      0.01432
     18.25000    158.50000      0.01489
     18.50000    158.50000      0.01513
     18.75000    158.50000      0.01537
     19.00000    158.50000      0.01563
     19.25000    158.50000      0.01573
     19.50000    158.50000      0.01585
     19.75000    158.50000      0.01597
     20.00000    158.50000      0.01587
     20.25000    158.50000      0.01555
     20.50000    158.50000      0.01484
     20.75000    158.50000      0.01413
     21.00000    158.50000      0.01358
     21.25000    158.50000      0.01318
     21.50000    158.50000      0.01293
     21.75000    158.50000      0.01269
     22.00000    158.50000      0.01229
     22.25000    158.50000      0.01156
     22.50000    158.50000      0.01067
     22.75000    158.50000      0.00943
     23.00000    158.50000      0.01053
     23.25000    158.50000      0.01401
     23.50000    158.50000      0.01958
     23.75000    158.50000      0.02549
     24.00000    158.50000      0.02381
     15.00000    158.25000      0.00732
     15.25000    158.25000      0.00761
     15.50000    158.25000      0.00951
     15.75000    158.25000      0.01140
     16.00000    158.25000      0.01235
     16.25000    158.25000      0.01221
     16.50000    158.25000      0.01108
     16.75000    158.25000      0.00977
     17.00000    158.25000      0.00943
     17.25000    158.25000      0.01006
     17.50000    158.25000      0.01150
     17.75000    158.25000      0.01292
     18.00000    158.25000      0.01398
     18.25000    158.25000      0.01451
     18.50000    158.25000      0.01486
     18.75000    158.25000      0.01521
     19.00000    158.25000      0.01540
     19.25000    158.25000      0.01543
     19.50000    158.25000      0.01548
     19.75000    158.25000      0.01535
     20.00000    158.25000      0.01520
     20.25000    158.25000      0.01468
     20.50000    158.25000      0.01397
     20.75000    158.25000      0.01309
     21.00000    158.25000      0.01252
     21.25000    158.25000      0.01209
     21.50000    158.25000      0.01163
     21.75000    158.25000      0.01134
     22.00000    158.25000      0.01071
     22.25000    158.25000      0.00992
     22.50000    158.25000      0.00862
     22.75000    158.25000      0.00714
     23.00000    158.25000      0.00831
     23.25000    158.25000      0.01241
     23.50000    158.25000      0.01903
     23.75000    158.25000      0.02535
     24.00000    158.25000      0.02352
     15.00000    158.00000      0.00765
     15.25000    158.00000      0.00810
     15.50000    158.00000      0.01003
     15.75000    158.00000      0.01164
     16.00000    158.00000      0.01214
     16.25000    158.00000      0.01203
     16.50000    158.00000      0.01096
     16.75000    158.00000      0.00988
     17.00000    158.00000      0.00941
     17.25000    158.00000      0.00990
     17.50000    158.00000      0.01118
     17.75000    158.00000      0.01244
     18.00000    158.00000      0.01333
     18.25000    158.00000      0.01401
     18.50000    158.00000      0.01431
     18.75000    158.00000      0.01462
     19.00000    158.00000      0.01494
     19.25000    158.00000      0.01495
     19.50000    158.00000      0.01498
     19.75000    158.00000      0.01485
     20.00000    158.00000      0.01451
     20.25000    158.00000      0.01397
     20.50000    158.00000      0.01323
     20.75000    158.00000      0.01232
     21.00000    158.00000      0.01171
     21.25000    158.00000      0.01122
     21.50000    158.00000      0.01070
     21.75000    158.00000      0.01034
     22.00000    158.00000      0.00967
     22.25000    158.00000      0.00886
     22.50000    158.00000      0.00756
     22.75000    158.00000      0.00608
     23.00000    158.00000      0.00710
     23.25000    158.00000      0.01127
     23.50000    158.00000      0.01846
     23.75000    158.00000      0.02461
     24.00000    158.00000      0.02495
     15.00000    157.75000      0.00917
     15.25000    157.75000      0.00973
     15.50000    157.75000      0.01115
     15.75000    157.75000      0.01232
     16.00000    157.75000      0.01268
     16.25000    157.75000      0.01241
     16.50000    157.75000      0.01117
     16.75000    157.75000      0.00993
     17.00000    157.75000      0.00929
     17.25000    157.75000      0.00962
     17.50000    157.75000      0.01073
     17.75000    157.75000      0.01183
     18.00000    157.75000      0.01254
     18.25000    157.75000      0.01320
     18.50000    157.75000      0.01365
     18.75000    157.75000      0.01409
     19.00000    157.75000      0.01424
     19.25000    157.75000      0.01445
     19.50000    157.75000      0.01437
     19.75000    157.75000      0.01446
     20.00000    157.75000      0.01414
     20.25000    157.75000      0.01358
     20.50000    157.75000      0.01279
     20.75000    157.75000      0.01182
     21.00000    157.75000      0.01115
     21.25000    157.75000      0.01059
     21.50000    157.75000      0.00998
     21.75000    157.75000      0.00954
     22.00000    157.75000      0.00884
     22.25000    157.75000      0.00804
     22.50000    157.75000      0.00699
     22.75000    157.75000      0.00577
     23.00000    157.75000      0.00678
     23.25000    157.75000      0.01051
     23.50000    157.75000      0.01680
     23.75000    157.75000      0.02341
     24.00000    157.75000      0.02617
     15.00000    157.50000      0.01139
     15.25000    157.50000      0.01181
     15.50000    157.50000      0.01276
     15.75000    157.50000      0.01371
     16.00000    157.50000      0.01379
     16.25000    157.50000      0.01319
     16.50000    157.50000      0.01173
     16.75000    157.50000      0.01025
     17.00000    157.50000      0.00923
     17.25000    157.50000      0.00919
     17.50000    157.50000      0.00996
     17.75000    157.50000      0.01090
     18.00000    157.50000      0.01161
     18.25000    157.50000      0.01209
     18.50000    157.50000      0.01270
     18.75000    157.50000      0.01313
     19.00000    157.50000      0.01348
     19.25000    157.50000      0.01376
     19.50000    157.50000      0.01397
     19.75000    157.50000      0.01402
     20.00000    157.50000      0.01375
     20.25000    157.50000      0.01336
     20.50000    157.50000      0.01248
     20.75000    157.50000      0.01161
     21.00000    157.50000      0.01084
     21.25000    157.50000      0.01002
     21.50000    157.50000      0.00948
     21.75000    157.50000      0.00876
     22.00000    157.50000      0.00822
     22.25000    157.50000      0.00766
     22.50000    157.50000      0.00710
     22.75000    157.50000      0.00637
     23.00000    157.50000      0.00733
     23.25000    157.50000      0.01015
     23.50000    157.50000      0.01491
     23.75000    157.50000      0.02002
     24.00000    157.50000      0.02274
     15.00000    157.25000      0.01341
     15.25000    157.25000      0.01363
     15.50000    157.25000      0.01436
     15.75000    157.25000      0.01491
     16.00000    157.25000      0.01489
     16.25000    157.25000      0.01397
     16.50000    157.25000      0.01245
     16.75000    157.25000      0.01040
     17.00000    157.25000      0.00917
     17.25000    157.25000      0.00877
     17.50000    157.25000      0.00937
     17.75000    157.25000      0.00996
     18.00000    157.25000      0.01050
     18.25000    157.25000      0.01115
     18.50000    157.25000      0.01173
     18.75000    157.25000      0.01232
     19.00000    157.25000      0.01271
     19.25000    157.25000      0.01307
     19.50000    157.25000      0.01341
     19.75000    157.25000      0.01358
     20.00000    157.25000      0.01354
     20.25000    157.25000      0.01296
     20.50000    157.25000      0.01218
     20.75000    157.25000      0.01122
     21.00000    157.25000      0.01036
     21.25000    157.25000      0.00961
     21.50000    157.25000      0.00880
     21.75000    157.25000      0.00815
     22.00000    157.25000      0.00758
     22.25000    157.25000      0.00727
     22.50000    157.25000      0.00704
     22.75000    157.25000      0.00697
     23.00000    157.25000      0.00771
     23.25000    157.25000      0.00977
     23.50000    157.25000      0.01312
     23.75000    157.25000      0.01675
     24.00000    157.25000      0.01875
     13.25000    157.00000      0.01348
     13.50000    157.00000      0.01339
     13.75000    157.00000      0.01415
     14.00000    157.00000      0.01471
     14.25000    157.00000      0.01512
     14.50000    157.00000      0.01510
     14.75000    157.00000      0.01458
     15.00000    157.00000      0.01472
     15.25000    157.00000      0.01485
     15.50000    157.00000      0.01530
     15.75000    157.00000      0.01575
     16.00000    157.00000      0.01544
     16.25000    157.00000      0.01468
     16.50000    157.00000      0.01280
     16.75000    157.00000      0.01073
     17.00000    157.00000      0.00932
     17.25000    157.00000      0.00858
     17.50000    157.00000      0.00903
     17.75000    157.00000      0.00932
     18.00000    157.00000      0.00969
     18.25000    157.00000      0.01032
     18.50000    157.00000      0.01088
     18.75000    157.00000      0.01143
     19.00000    157.00000      0.01197
     19.25000    157.00000      0.01234
     19.50000    157.00000      0.01271
     19.75000    157.00000      0.01307
     20.00000    157.00000      0.01288
     20.25000    157.00000      0.01246
     20.50000    157.00000      0.01182
     20.75000    157.00000      0.01101
     21.00000    157.00000      0.01012
     21.25000    157.00000      0.00933
     21.50000    157.00000      0.00864
     21.75000    157.00000      0.00777
     22.00000    157.00000      0.00737
     22.25000    157.00000      0.00726
     22.50000    157.00000      0.00743
     22.75000    157.00000      0.00743
     23.00000    157.00000      0.00795
     23.25000    157.00000      0.00934
     23.50000    157.00000      0.01244
     23.75000    157.00000      0.01516
     24.00000    157.00000      0.01679
     13.25000    156.75000      0.01348
     13.50000    156.75000      0.01324
     13.75000    156.75000      0.01300
     14.00000    156.75000      0.01314
     14.25000    156.75000      0.01366
     14.50000    156.75000      0.01423
     14.75000    156.75000      0.01495
     15.00000    156.75000      0.01531
     15.25000    156.75000      0.01564
     15.50000    156.75000      0.01593
     15.75000    156.75000      0.01623
     16.00000    156.75000      0.01592
     16.25000    156.75000      0.01500
     16.50000    156.75000      0.01330
     16.75000    156.75000      0.01124
     17.00000    156.75000      0.00968
     17.25000    156.75000      0.00898
     17.50000    156.75000      0.00897
     17.75000    156.75000      0.00896
     18.00000    156.75000      0.00919
     18.25000    156.75000      0.00963
     18.50000    156.75000      0.01029
     18.75000    156.75000      0.01096
     19.00000    156.75000      0.01144
     19.25000    156.75000      0.01174
     19.50000    156.75000      0.01203
     19.75000    156.75000      0.01215
     20.00000    156.75000      0.01209
     20.25000    156.75000      0.01184
     20.50000    156.75000      0.01124
     20.75000    156.75000      0.01080
     21.00000    156.75000      0.01011
     21.25000    156.75000      0.00934
     21.50000    156.75000      0.00867
     21.75000    156.75000      0.00781
     22.00000    156.75000      0.00757
     22.25000    156.75000      0.00745
     22.50000    156.75000      0.00776
     22.75000    156.75000      0.00825
     23.00000    156.75000      0.00838
     13.25000    156.50000      0.01330
     13.50000    156.50000      0.01276
     13.75000    156.50000      0.01221
     14.00000    156.50000      0.01239
     14.25000    156.50000      0.01312
     14.50000    156.50000      0.01423
     14.75000    156.50000      0.01499
     15.00000    156.50000      0.01553
     15.25000    156.50000      0.01584
     15.50000    156.50000      0.01609
     15.75000    156.50000      0.01617
     16.00000    156.50000      0.01584
     16.25000    156.50000      0.01510
     16.50000    156.50000      0.01360
     16.75000    156.50000      0.01191
     17.00000    156.50000      0.01041
     17.25000    156.50000      0.00960
     17.50000    156.50000      0.00934
     17.75000    156.50000      0.00907
     18.00000    156.50000      0.00915
     18.25000    156.50000      0.00940
     18.50000    156.50000      0.00998
     18.75000    156.50000      0.01057
     19.00000    156.50000      0.01094
     19.25000    156.50000      0.01110
     19.50000    156.50000      0.01105
     19.75000    156.50000      0.01099
     20.00000    156.50000      0.01101
     20.25000    156.50000      0.01094
     20.50000    156.50000      0.01077
     20.75000    156.50000      0.01060
     21.00000    156.50000      0.01017
     21.25000    156.50000      0.00965
     21.50000    156.50000      0.00904
     21.75000    156.50000      0.00825
     22.00000    156.50000      0.00803
     22.25000    156.50000      0.00801
     22.50000    156.50000      0.00855
     22.75000    156.50000      0.00892
     23.00000    156.50000      0.00866
     13.25000    156.25000      0.01329
     13.50000    156.25000      0.01244
     13.75000    156.25000      0.01159
     14.00000    156.25000      0.01163
     14.25000    156.25000      0.01257
     14.50000    156.25000      0.01405
     14.75000    156.25000      0.01519
     15.00000    156.25000      0.01567
     15.25000    156.25000      0.01571
     15.50000    156.25000      0.01583
     15.75000    156.25000      0.01578
     16.00000    156.25000      0.01547
     16.25000    156.25000      0.01490
     16.50000    156.25000      0.01388
     16.75000    156.25000      0.01240
     17.00000    156.25000      0.01112
     17.25000    156.25000      0.01021
     17.50000    156.25000      0.00969
     17.75000    156.25000      0.00900
     18.00000    156.25000      0.00893
     18.25000    156.25000      0.00898
     18.50000    156.25000      0.00966
     18.75000    156.25000      0.01017
     19.00000    156.25000      0.01044
     19.25000    156.25000      0.01046
     19.50000    156.25000      0.01023
     19.75000    156.25000      0.00999
     20.00000    156.25000      0.00993
     20.25000    156.25000      0.00985
     20.50000    156.25000      0.01012
     20.75000    156.25000      0.01039
     21.00000    156.25000      0.01039
     21.25000    156.25000      0.00995
     21.50000    156.25000      0.00941
     21.75000    156.25000      0.00870
     22.00000    156.25000      0.00847
     22.25000    156.25000      0.00857
     22.50000    156.25000      0.00917
     22.75000    156.25000      0.00976
     23.00000    156.25000      0.00946
     13.25000    156.00000      0.01274
     13.50000    156.00000      0.01187
     13.75000    156.00000      0.01083
     14.00000    156.00000      0.01122
     14.25000    156.00000      0.01252
     14.50000    156.00000      0.01387
     14.75000    156.00000      0.01504
     15.00000    156.00000      0.01532
     15.25000    156.00000      0.01537
     15.50000    156.00000      0.01536
     15.75000    156.00000      0.01552
     16.00000    156.00000      0.01540
     16.25000    156.00000      0.01483
     16.50000    156.00000      0.01381
     16.75000    156.00000      0.01264
     17.00000    156.00000      0.01141
     17.25000    156.00000      0.01042
     17.50000    156.00000      0.00985
     17.75000    156.00000      0.00905
     18.00000    156.00000      0.00873
     18.25000    156.00000      0.00914
     18.50000    156.00000      0.00956
     18.75000    156.00000      0.00998
     19.00000    156.00000      0.00999
     19.25000    156.00000      0.00992
     19.50000    156.00000      0.00943
     19.75000    156.00000      0.00893
     20.00000    156.00000      0.00882
     20.25000    156.00000      0.00912
     20.50000    156.00000      0.00966
     20.75000    156.00000      0.01018
     21.00000    156.00000      0.01026
     21.25000    156.00000      0.01007
     21.50000    156.00000      0.00942
     21.75000    156.00000      0.00895
     22.00000    156.00000      0.00875
     22.25000    156.00000      0.00900
     22.50000    156.00000      0.00986
     22.75000    156.00000      0.01055
     23.00000    156.00000      0.01041
     13.00000    155.75000      0.01214
     13.25000    155.75000      0.01197
     13.50000    155.75000      0.01105
     13.75000    155.75000      0.01012
     14.00000    155.75000      0.01066
     16.00000    155.75000      0.01568
     16.25000    155.75000      0.01530
     16.50000    155.75000      0.01397
     16.75000    155.75000      0.01230
     17.00000    155.75000      0.01111
     17.25000    155.75000      0.01023
     17.50000    155.75000      0.00970
     17.75000    155.75000      0.00872
     18.00000    155.75000      0.00848
     18.25000    155.75000      0.00880
     18.50000    155.75000      0.00985
     18.75000    155.75000      0.01000
     19.00000    155.75000      0.00993
     19.25000    155.75000      0.00949
     19.50000    155.75000      0.00882
     19.75000    155.75000      0.00814
     20.00000    155.75000      0.00806
     20.25000    155.75000      0.00824
     20.50000    155.75000      0.00902
     20.75000    155.75000      0.00979
     21.00000    155.75000      0.01011
     21.25000    155.75000      0.00998
     21.50000    155.75000      0.00941
     21.75000    155.75000      0.00900
     22.00000    155.75000      0.00901
     22.25000    155.75000      0.00944
     22.50000    155.75000      0.01045
     22.75000    155.75000      0.01146
     23.00000    155.75000      0.01151
     13.00000    155.50000      0.01105
     13.25000    155.50000      0.01081
     13.50000    155.50000      0.01013
     13.75000    155.50000      0.00945
     14.00000    155.50000      0.01010
     16.00000    155.50000      0.01643
     16.25000    155.50000      0.01545
     16.50000    155.50000      0.01375
     16.75000    155.50000      0.01170
     17.00000    155.50000      0.01037
     17.25000    155.50000      0.00963
     17.50000    155.50000      0.00973
     17.75000    155.50000      0.00903
     18.00000    155.50000      0.00885
     18.25000    155.50000      0.00934
     18.50000    155.50000      0.01017
     18.75000    155.50000      0.01040
     19.00000    155.50000      0.00994
     19.25000    155.50000      0.00933
     19.50000    155.50000      0.00858
     19.75000    155.50000      0.00764
     20.00000    155.50000      0.00746
     20.25000    155.50000      0.00771
     20.50000    155.50000      0.00855
     20.75000    155.50000      0.00922
     21.00000    155.50000      0.00960
     21.25000    155.50000      0.00953
     21.50000    155.50000      0.00919
     21.75000    155.50000      0.00885
     22.00000    155.50000      0.00909
     22.25000    155.50000      0.00972
     22.50000    155.50000      0.01110
     22.75000    155.50000      0.01246
     23.00000    155.50000      0.01272
     13.00000    155.25000      0.00995
     13.25000    155.25000      0.00982
     13.50000    155.25000      0.00939
     13.75000    155.25000      0.00895
     14.00000    155.25000      0.00920
     16.00000    155.25000      0.01679
     16.25000    155.25000      0.01561
     16.50000    155.25000      0.01353
     16.75000    155.25000      0.01108
     17.00000    155.25000      0.00946
     17.25000    155.25000      0.00903
     17.50000    155.25000      0.00992
     17.75000    155.25000      0.00934
     18.00000    155.25000      0.00938
     18.25000    155.25000      0.00971
     18.50000    155.25000      0.01050
     18.75000    155.25000      0.01080
     19.00000    155.25000      0.01012
     19.25000    155.25000      0.00918
     19.50000    155.25000      0.00816
     19.75000    155.25000      0.00713
     20.00000    155.25000      0.00686
     20.25000    155.25000      0.00718
     20.50000    155.25000      0.00791
     20.75000    155.25000      0.00881
     21.00000    155.25000      0.00925
     21.25000    155.25000      0.00924
     21.50000    155.25000      0.00897
     21.75000    155.25000      0.00869
     22.00000    155.25000      0.00914
     22.25000    155.25000      0.01015
     22.50000    155.25000      0.01171
     22.75000    155.25000      0.01301
     23.00000    155.25000      0.01371
     13.00000    155.00000      0.00887
     13.25000    155.00000      0.00889
     13.50000    155.00000      0.00858
     13.75000    155.00000      0.00839
     14.00000    155.00000      0.00878
     16.00000    155.00000      0.01687
     16.25000    155.00000      0.01571
     16.50000    155.00000      0.01364
     16.75000    155.00000      0.01103
     17.00000    155.00000      0.00961
     17.25000    155.00000      0.00939
     17.50000    155.00000      0.01034
     17.75000    155.00000      0.01020
     18.00000    155.00000      0.01021
     18.25000    155.00000      0.01039
     18.50000    155.00000      0.01107
     18.75000    155.00000      0.01136
     19.00000    155.00000      0.01049
     19.25000    155.00000      0.00940
     19.50000    155.00000      0.00827
     19.75000    155.00000      0.00712
     20.00000    155.00000      0.00673
     20.25000    155.00000      0.00693
     20.50000    155.00000      0.00752
     20.75000    155.00000      0.00829
     21.00000    155.00000      0.00876
     21.25000    155.00000      0.00878
     21.50000    155.00000      0.00851
     21.75000    155.00000      0.00825
     22.00000    155.00000      0.00845
     22.25000    155.00000      0.00898
     22.50000    155.00000      0.01083
     22.75000    155.00000      0.01233
     23.00000    155.00000      0.01299
     23.25000    155.00000      0.01332
     23.50000    155.00000      0.01298
     23.75000    155.00000      0.01163
     14.00000    154.75000      0.00846
     16.00000    154.75000      0.01651
     16.25000    154.75000      0.01558
     16.50000    154.75000      0.01374
     16.75000    154.75000      0.01171
     17.00000    154.75000      0.01065
     17.25000    154.75000      0.01072
     17.50000    154.75000      0.01115
     17.75000    154.75000      0.01110
     18.00000    154.75000      0.01117
     18.25000    154.75000      0.01155
     18.50000    154.75000      0.01204
     18.75000    154.75000      0.01225
     19.00000    154.75000      0.01123
     19.25000    154.75000      0.01000
     19.50000    154.75000      0.00872
     19.75000    154.75000      0.00744
     20.00000    154.75000      0.00691
     20.25000    154.75000      0.00695
     20.50000    154.75000      0.00757
     20.75000    154.75000      0.00801
     21.00000    154.75000      0.00830
     21.25000    154.75000      0.00814
     21.50000    154.75000      0.00760
     21.75000    154.75000      0.00704
     22.00000    154.75000      0.00681
     14.00000    154.50000      0.00844
     16.00000    154.50000      0.01603
     16.25000    154.50000      0.01537
     16.50000    154.50000      0.01433
     16.75000    154.50000      0.01293
     17.00000    154.50000      0.01238
     17.25000    154.50000      0.01194
     17.50000    154.50000      0.01216
     17.75000    154.50000      0.01221
     18.00000    154.50000      0.01243
     18.25000    154.50000      0.01267
     18.50000    154.50000      0.01291
     18.75000    154.50000      0.01313
     19.00000    154.50000      0.01217
     19.25000    154.50000      0.01080
     19.50000    154.50000      0.00953
     19.75000    154.50000      0.00825
     20.00000    154.50000      0.00755
     20.25000    154.50000      0.00725
     20.50000    154.50000      0.00752
     20.75000    154.50000      0.00779
     21.00000    154.50000      0.00772
     21.25000    154.50000      0.00726
     21.50000    154.50000      0.00644
     21.75000    154.50000      0.00573
     22.00000    154.50000      0.00469
     14.00000    154.25000      0.00825
     16.00000    154.25000      0.01453
     16.25000    154.25000      0.01424
     16.50000    154.25000      0.01368
     16.75000    154.25000      0.01295
     17.00000    154.25000      0.01251
     17.25000    154.25000      0.01253
     17.50000    154.25000      0.01284
     17.75000    154.25000      0.01314
     18.00000    154.25000      0.01334
     18.25000    154.25000      0.01361
     18.50000    154.25000      0.01394
     18.75000    154.25000      0.01401
     19.00000    154.25000      0.01294
     19.25000    154.25000      0.01177
     19.50000    154.25000      0.01034
     19.75000    154.25000      0.00890
     20.00000    154.25000      0.00819
     20.25000    154.25000      0.00772
     20.50000    154.25000      0.00765
     20.75000    154.25000      0.00756
     21.00000    154.25000      0.00712
     21.25000    154.25000      0.00619
     21.50000    154.25000      0.00540
     21.75000    154.25000      0.00445
     22.00000    154.25000      0.00301
     14.00000    154.00000      0.00832
     14.25000    154.00000      0.01012
     14.50000    154.00000      0.01148
     14.75000    154.00000      0.01283
     15.00000    154.00000      0.01372
     15.25000    154.00000      0.01413
     15.50000    154.00000      0.01434
     15.75000    154.00000      0.01421
     16.00000    154.00000      0.01396
     16.25000    154.00000      0.01375
     16.50000    154.00000      0.01341
     16.75000    154.00000      0.01290
     17.00000    154.00000      0.01277
     17.25000    154.00000      0.01286
     17.50000    154.00000      0.01332
     17.75000    154.00000      0.01379
     18.00000    154.00000      0.01408
     18.25000    154.00000      0.01437
     18.50000    154.00000      0.01448
     18.75000    154.00000      0.01457
     19.00000    154.00000      0.01383
     19.25000    154.00000      0.01252
     19.50000    154.00000      0.01110
     19.75000    154.00000      0.00966
     20.00000    154.00000      0.00877
     20.25000    154.00000      0.00810
     20.50000    154.00000      0.00799
     20.75000    154.00000      0.00753
     21.00000    154.00000      0.00667
     21.25000    154.00000      0.00560
     21.50000    154.00000      0.00456
     21.75000    154.00000      0.00348
     22.00000    154.00000      0.00223
     14.00000    153.75000      0.00847
     14.25000    153.75000      0.01012
     14.50000    153.75000      0.01168
     14.75000    153.75000      0.01289
     15.00000    153.75000      0.01378
     15.25000    153.75000      0.01438
     15.50000    153.75000      0.01443
     15.75000    153.75000      0.01413
     16.00000    153.75000      0.01385
     16.25000    153.75000      0.01373
     16.50000    153.75000      0.01346
     16.75000    153.75000      0.01318
     17.00000    153.75000      0.01317
     17.25000    153.75000      0.01343
     17.50000    153.75000      0.01380
     17.75000    153.75000      0.01416
     18.00000    153.75000      0.01449
     18.25000    153.75000      0.01461
     18.50000    153.75000      0.01468
     18.75000    153.75000      0.01475
     19.00000    153.75000      0.01443
     19.25000    153.75000      0.01338
     19.50000    153.75000      0.01180
     19.75000    153.75000      0.01037
     20.00000    153.75000      0.00930
     20.25000    153.75000      0.00875
     20.50000    153.75000      0.00839
     20.75000    153.75000      0.00776
     21.00000    153.75000      0.00655
     21.25000    153.75000      0.00533
     21.50000    153.75000      0.00409
     21.75000    153.75000      0.00289
     22.00000    153.75000      0.00195
     14.00000    153.50000      0.00838
     14.25000    153.50000      0.00991
     14.50000    153.50000      0.01137
     14.75000    153.50000      0.01249
     15.00000    153.50000      0.01342
     15.25000    153.50000      0.01400
     15.50000    153.50000      0.01420
     15.75000    153.50000      0.01413
     16.00000    153.50000      0.01403
     16.25000    153.50000      0.01404
     16.50000    153.50000      0.01384
     16.75000    153.50000      0.01380
     17.00000    153.50000      0.01372
     17.25000    153.50000      0.01392
     17.50000    153.50000      0.01426
     17.75000    153.50000      0.01443
     18.00000    153.50000      0.01473
     18.25000    153.50000      0.01483
     18.50000    153.50000      0.01473
     18.75000    153.50000      0.01479
     19.00000    153.50000      0.01430
     19.25000    153.50000      0.01342
     19.50000    153.50000      0.01249
     19.75000    153.50000      0.01103
     20.00000    153.50000      0.01009
     20.25000    153.50000      0.00930
     20.50000    153.50000      0.00883
     20.75000    153.50000      0.00810
     21.00000    153.50000      0.00694
     21.25000    153.50000      0.00553
     21.50000    153.50000      0.00388
     21.75000    153.50000      0.00246
     22.00000    153.50000      0.00181
     14.00000    153.25000      0.00828
     14.25000    153.25000      0.00969
     14.50000    153.25000      0.01090
     14.75000    153.25000      0.01209
     15.00000    153.25000      0.01288
     15.25000    153.25000      0.01349
     15.50000    153.25000      0.01381
     15.75000    153.25000      0.01413
     16.00000    153.25000      0.01420
     16.25000    153.25000      0.01417
     16.50000    153.25000      0.01421
     16.75000    153.25000      0.01425
     17.00000    153.25000      0.01426
     17.25000    153.25000      0.01441
     17.50000    153.25000      0.01455
     17.75000    153.25000      0.01468
     18.00000    153.25000      0.01479
     18.25000    153.25000      0.01488
     18.50000    153.25000      0.01477
     18.75000    153.25000      0.01466
     19.00000    153.25000      0.01416
     19.25000    153.25000      0.01328
     19.50000    153.25000      0.01218
     19.75000    153.25000      0.01107
     20.00000    153.25000      0.01035
     20.25000    153.25000      0.00951
     20.50000    153.25000      0.00889
     20.75000    153.25000      0.00827
     21.00000    153.25000      0.00716
     21.25000    153.25000      0.00556
     21.50000    153.25000      0.00367
     21.75000    153.25000      0.00204
     22.00000    153.25000      0.00111
     14.25000    153.00000      0.00954
     14.50000    153.00000      0.01077
     14.75000    153.00000      0.01199
     15.00000    153.00000      0.01277
     15.25000    153.00000      0.01347
     15.50000    153.00000      0.01382
     15.75000    153.00000      0.01418
     16.00000    153.00000      0.01443
     16.25000    153.00000      0.01457
     16.50000    153.00000      0.01460
     16.75000    153.00000      0.01462
     17.00000    153.00000      0.01459
     17.25000    153.00000      0.01470
     17.50000    153.00000      0.01476
     17.75000    153.00000      0.01483
     18.00000    153.00000      0.01488
     18.25000    153.00000      0.01490
     18.50000    153.00000      0.01474
     18.75000    153.00000      0.01457
     19.00000    153.00000      0.01404
     19.25000    153.00000      0.01314
     19.50000    153.00000      0.01204
     19.75000    153.00000      0.01094
     20.00000    153.00000      0.01025
     20.25000    153.00000      0.00964
     20.50000    153.00000      0.00912
     20.75000    153.00000      0.00876
     21.00000    153.00000      0.00769
     21.25000    153.00000      0.00625
     21.50000    153.00000      0.00445
     21.75000    153.00000      0.00255
     22.00000    153.00000      0.00155
     15.00000    152.75000      0.01309
     15.25000    152.75000      0.01370
     15.50000    152.75000      0.01423
     15.75000    152.75000      0.01460
     16.00000    152.75000      0.01488
     16.25000    152.75000      0.01490
     16.50000    152.75000      0.01499
     16.75000    152.75000      0.01507
     17.00000    152.75000      0.01506
     17.25000    152.75000      0.01512
     17.50000    152.75000      0.01508
     17.75000    152.75000      0.01504
     18.00000    152.75000      0.01498
     18.25000    152.75000      0.01490
     18.50000    152.75000      0.01464
     18.75000    152.75000      0.01438
     19.00000    152.75000      0.01378
     19.25000    152.75000      0.01302
     19.50000    152.75000      0.01193
     19.75000    152.75000      0.01099
     20.00000    152.75000      0.01033
     20.25000    152.75000      0.00978
     20.50000    152.75000      0.00967
     20.75000    152.75000      0.00939
     21.00000    152.75000      0.00887
     21.25000    152.75000      0.00760
     21.50000    152.75000      0.00592
     21.75000    152.75000      0.00426
     22.00000    152.75000      0.00350
     15.00000    152.50000      0.01360
     15.25000    152.50000      0.01408
     15.50000    152.50000      0.01471
     15.75000    152.50000      0.01506
     16.00000    152.50000      0.01521
     16.25000    152.50000      0.01548
     16.50000    152.50000      0.01554
     16.75000    152.50000      0.01560
     17.00000    152.50000      0.01548
     17.25000    152.50000      0.01549
     17.50000    152.50000      0.01532
     17.75000    152.50000      0.01514
     18.00000    152.50000      0.01494
     18.25000    152.50000      0.01489
     18.50000    152.50000      0.01448
     18.75000    152.50000      0.01424
     19.00000    152.50000      0.01372
     19.25000    152.50000      0.01292
     19.50000    152.50000      0.01199
     19.75000    152.50000      0.01123
     20.00000    152.50000      0.01059
     20.25000    152.50000      0.01042
     20.50000    152.50000      0.01055
     20.75000    152.50000      0.01067
     21.00000    152.50000      0.01036
     21.25000    152.50000      0.00979
     21.50000    152.50000      0.00861
     21.75000    152.50000      0.00759
     22.00000    152.50000      0.00718
     15.00000    152.25000      0.01412
     15.25000    152.25000      0.01441
     15.50000    152.25000      0.01507
     15.75000    152.25000      0.01552
     16.00000    152.25000      0.01570
     16.25000    152.25000      0.01589
     16.50000    152.25000      0.01592
     16.75000    152.25000      0.01613
     17.00000    152.25000      0.01605
     17.25000    152.25000      0.01586
     17.50000    152.25000      0.01556
     17.75000    152.25000      0.01541
     18.00000    152.25000      0.01507
     18.25000    152.25000      0.01470
     18.50000    152.25000      0.01449
     18.75000    152.25000      0.01411
     19.00000    152.25000      0.01349
     19.25000    152.25000      0.01280
     19.50000    152.25000      0.01222
     19.75000    152.25000      0.01146
     20.00000    152.25000      0.01102
     20.25000    152.25000      0.01106
     20.50000    152.25000      0.01159
     20.75000    152.25000      0.01211
     21.00000    152.25000      0.01218
     21.25000    152.25000      0.01213
     21.50000    152.25000      0.01179
     21.75000    152.25000      0.01128
     22.00000    152.25000      0.01125
     15.00000    152.00000      0.01442
     15.25000    152.00000      0.01470
     15.50000    152.00000      0.01504
     15.75000    152.00000      0.01554
     16.00000    152.00000      0.01601
     16.25000    152.00000      0.01611
     16.50000    152.00000      0.01619
     16.75000    152.00000      0.01627
     17.00000    152.00000      0.01621
     17.25000    152.00000      0.01602
     17.50000    152.00000      0.01569
     17.75000    152.00000      0.01517
     18.00000    152.00000      0.01495
     18.25000    152.00000      0.01450
     18.50000    152.00000      0.01419
     18.75000    152.00000      0.01387
     19.00000    152.00000      0.01334
     19.25000    152.00000      0.01278
     19.50000    152.00000      0.01217
     19.75000    152.00000      0.01156
     20.00000    152.00000      0.01129
     20.25000    152.00000      0.01167
     20.50000    152.00000      0.01222
     20.75000    152.00000      0.01294
     21.00000    152.00000      0.01318
     21.25000    152.00000      0.01347
     21.50000    152.00000      0.01329
     21.75000    152.00000      0.01310
     15.00000    151.75000      0.01451
     15.25000    151.75000      0.01462
     15.50000    151.75000      0.01496
     15.75000    151.75000      0.01530
     16.00000    151.75000      0.01563
     16.25000    151.75000      0.01594
     16.50000    151.75000      0.01617
     16.75000    151.75000      0.01620
     17.00000    151.75000      0.01614
     17.25000    151.75000      0.01581
     17.50000    151.75000      0.01538
     17.75000    151.75000      0.01477
     18.00000    151.75000      0.01441
     18.25000    151.75000      0.01412
     18.50000    151.75000      0.01374
     18.75000    151.75000      0.01353
     19.00000    151.75000      0.01312
     19.25000    151.75000      0.01267
     19.50000    151.75000      0.01202
     19.75000    151.75000      0.01154
     20.00000    151.75000      0.01140
     20.25000    151.75000      0.01159
     20.50000    151.75000      0.01229
     20.75000    151.75000      0.01298
     21.00000    151.75000      0.01321
     21.25000    151.75000      0.01332
     21.50000    151.75000      0.01313
     21.75000    151.75000      0.01277
     15.25000    151.50000      0.01465
     15.50000    151.50000      0.01466
     15.75000    151.50000      0.01484
     16.00000    151.50000      0.01505
     16.25000    151.50000      0.01545
     16.50000    151.50000      0.01587
     16.75000    151.50000      0.01594
     17.00000    151.50000      0.01584
     17.25000    151.50000      0.01541
     17.50000    151.50000      0.01481
     17.75000    151.50000      0.01403
     18.00000    151.50000      0.01361
     18.25000    151.50000      0.01320
     18.50000    151.50000      0.01315
     18.75000    151.50000      0.01309
     19.00000    151.50000      0.01298
     19.25000    151.50000      0.01249
     19.50000    151.50000      0.01194
     19.75000    151.50000      0.01140
     20.00000    151.50000      0.01119
     20.25000    151.50000      0.01131
     20.50000    151.50000      0.01178
     20.75000    151.50000      0.01241
     21.00000    151.50000      0.01243
     21.25000    151.50000      0.01201
     21.50000    151.50000      0.01114
     21.75000    151.50000      0.01010
     15.50000    151.25000      0.01436
     15.75000    151.25000      0.01438
     16.00000    151.25000      0.01447
     16.25000    151.25000      0.01496
     16.50000    151.25000      0.01552
     16.75000    151.25000      0.01567
     17.00000    151.25000      0.01537
     17.25000    151.25000      0.01484
     17.50000    151.25000      0.01407
     17.75000    151.25000      0.01312
     18.00000    151.25000      0.01247
     18.25000    151.25000      0.01228
     18.50000    151.25000      0.01255
     18.75000    151.25000      0.01282
     19.00000    151.25000      0.01268
     19.25000    151.25000      0.01248
     19.50000    151.25000      0.01186
     19.75000    151.25000      0.01125
     20.00000    151.25000      0.01097
     20.25000    151.25000      0.01104
     20.50000    151.25000      0.01144
     20.75000    151.25000      0.01184
     21.00000    151.25000      0.01165
     21.25000    151.25000      0.01087
     21.50000    151.25000      0.00931
     21.75000    151.25000      0.00740
     16.00000    151.00000      0.01418
     16.25000    151.00000      0.01436
     16.50000    151.00000      0.01512
     16.75000    151.00000      0.01504
     17.00000    151.00000      0.01476
     17.25000    151.00000      0.01412
     17.50000    151.00000      0.01330
     17.75000    151.00000      0.01230
     18.00000    151.00000      0.01204
     18.25000    151.00000      0.01185
     18.50000    151.00000      0.01205
     18.75000    151.00000      0.01242
     19.00000    151.00000      0.01241
     19.25000    151.00000      0.01217
     19.50000    151.00000      0.01154
     19.75000    151.00000      0.01107
     20.00000    151.00000      0.01070
     20.25000    151.00000      0.01081
     20.50000    151.00000      0.01108
     20.75000    151.00000      0.01145
     21.00000    151.00000      0.01131
     21.25000    151.00000      0.01049
     15.75000    150.75000      0.01448
     16.00000    150.75000      0.01419
     18.00000    150.75000      0.01215
     18.25000    150.75000      0.01207
     18.50000    150.75000      0.01199
     18.75000    150.75000      0.01208
     19.00000    150.75000      0.01182
     19.25000    150.75000      0.01156
     19.50000    150.75000      0.01113
     19.75000    150.75000      0.01071
     20.00000    150.75000      0.01046
     15.75000    150.50000      0.01522
     16.00000    150.50000      0.01467
     18.00000    150.50000      0.01314
     18.25000    150.50000      0.01295
     18.50000    150.50000      0.01238
     18.75000    150.50000      0.01162
     19.00000    150.50000      0.01110
     19.25000    150.50000      0.01067
     19.50000    150.50000      0.01049
     19.75000    150.50000      0.01014
     20.00000    150.50000      0.01004
     15.75000    150.25000      0.01595
     16.00000    150.25000      0.01531
     18.00000    150.25000      0.01334
     18.25000    150.25000      0.01362
     18.50000    150.25000      0.01259
     18.75000    150.25000      0.01133
     19.00000    150.25000      0.01038
     19.25000    150.25000      0.00977
     19.50000    150.25000      0.00967
     19.75000    150.25000      0.00974
     20.00000    150.25000      0.00968
     15.75000    150.00000      0.01547
     16.00000    150.00000      0.01461
     18.00000    150.00000      0.01274
     18.25000    150.00000      0.01301
     18.50000    150.00000      0.01250
     18.75000    150.00000      0.01070
     19.00000    150.00000      0.00968
     19.25000    150.00000      0.00938
     19.50000    150.00000      0.00964
     19.75000    150.00000      0.00975
     20.00000    150.00000      0.00981
     18.00000    149.75000      0.01162
     18.25000    149.75000      0.01182
     18.50000    149.75000      0.01133
     18.75000    149.75000      0.01024
     19.00000    149.75000      0.00928
     18.00000    149.50000      0.01047
     18.25000    149.50000      0.01002
     18.50000    149.50000      0.00930
     18.75000    149.50000      0.00824
     19.00000    149.50000      0.00787
     18.00000    149.25000      0.00917
     18.25000    149.25000      0.00853
     18.50000    149.25000      0.00723
     18.75000    149.25000      0.00610
     19.00000    149.25000      0.00542
