     38.50000   -106.00000      0.00000
     38.00000   -106.00000      0.00072
     39.00000   -106.00000      0.00221
     42.50000   -124.00000      0.00723
     38.00000   -105.50000      0.00425
     39.50000   -106.00000      0.00395
     38.50000   -105.50000      0.00376
     40.00000   -106.00000      0.00170
     42.00000   -124.00000      0.01208
     45.00000   -111.50000      0.00070
     37.50000   -106.00000      0.00341
     41.50000   -124.00000      0.00907
     45.00000   -111.00000      0.00176
     43.50000   -111.50000      0.00108
     44.50000   -111.50000      0.00317
     39.00000   -106.50000      0.00592
     45.00000   -112.00000      0.00049
     44.50000   -111.00000      0.00309
     44.00000   -111.50000      0.00261
     44.50000   -112.00000      0.00216
     45.50000   -111.50000      0.00034
     43.50000   -112.00000      0.00365
     43.50000   -111.00000      0.00467
     44.00000   -110.00000      0.00394
     45.50000   -112.00000      0.00088
     39.00000   -105.00000      0.00893
     46.00000   -111.50000      0.00209
     42.00000   -123.00000      0.00990
     39.50000   -105.50000      0.00903
     44.50000   -110.50000      0.00545
     45.50000   -109.00000      0.00545
     45.50000   -111.00000      0.00247
     46.00000   -111.00000      0.00333
     41.50000   -121.00000      0.00543
     41.50000   -123.00000      0.01432
     48.50000   -118.00000      0.00528
     43.50000   -110.50000      0.00310
     41.00000   -123.00000      0.01207
     44.00000   -106.00000      0.01034
     41.50000   -120.00000      0.00341
     44.00000   -110.50000      0.00329
     39.50000   -104.50000      0.01233
     38.50000   -106.50000      0.01114
     40.50000   -106.00000      0.00528
     44.00000   -112.00000      0.00463
     45.50000   -110.50000      0.00463
     44.00000   -109.50000      0.00349
     40.00000   -105.00000      0.00468
     38.50000   -105.00000      0.01073
     46.00000   -110.50000      0.00467
     39.00000   -107.00000      0.00851
     44.50000   -109.00000      0.00594
     46.00000   -109.00000      0.00791
     38.00000   -107.00000      0.00879
     45.00000   -109.50000      0.00505
     44.50000   -109.50000      0.00714
     46.00000   -112.00000      0.00179
     43.50000   -110.00000      0.00579
     35.50000   -106.00000      0.00645
     45.00000   -110.00000      0.00618
     36.50000   -111.50000      0.00671
     42.00000   -119.50000      0.00688
     36.00000   -104.00000      0.00438
     46.50000   -111.00000      0.00646
     41.00000   -120.00000      0.00786
     46.00000   -124.00000      0.00296
     42.00000   -120.00000      0.00592
     36.50000   -103.50000      0.00667
     42.00000   -119.00000      0.00585
     36.50000   -104.00000      0.00673
     41.00000   -121.00000      0.00688
     44.50000   -110.00000      0.00904
     39.50000   -105.00000      0.01694
     43.00000   -113.50000      0.00444
     45.50000   -109.50000      0.00792
     46.00000   -110.00000      0.00570
     43.50000   -113.50000      0.00484
     45.50000   -110.00000      0.00762
     40.00000   -104.50000      0.00780
     45.50000   -108.50000      0.00598
     47.00000   -106.50000      0.00668
     42.00000   -121.00000      0.00414
     38.50000   -107.00000      0.01127
     43.00000   -122.50000      0.01016
     45.50000   -115.50000      0.00511
     41.50000   -119.00000      0.00581
     44.50000   -108.50000      0.00620
     46.00000   -109.50000      0.00677
     43.00000   -111.50000      0.00526
     40.50000   -105.50000      0.00700
     35.50000   -111.00000      0.00462
     39.50000   -107.00000      0.00664
     42.00000   -122.00000      0.00699
     43.00000   -117.50000      0.01082
     43.00000   -118.00000      0.00791
     46.50000   -110.50000      0.00861
     46.00000   -123.50000      0.00605
     36.00000   -111.00000      0.00645
     41.50000   -105.00000      0.01391
     36.00000   -112.50000      0.00546
     36.50000   -111.00000      0.00843
     40.50000   -105.00000      0.00743
     41.50000   -123.50000      0.02327
     37.00000   -112.00000      0.00563
     35.50000   -112.50000      0.00649
     46.50000   -111.50000      0.00737
     37.50000   -105.00000      0.00807
     47.00000   -110.50000      0.00841
     41.50000   -119.50000      0.00859
     35.50000   -110.00000      0.00379
     47.00000   -112.00000      0.00602
     34.00000   -111.00000      0.00637
     44.00000   -109.00000      0.00690
     46.50000   -110.00000      0.00934
     36.00000   -104.50000      0.00623
     46.50000   -109.50000      0.00800
     46.50000   -117.00000      0.01193
     44.50000   -121.00000      0.00921
     46.50000   -112.00000      0.00664
     40.50000   -104.50000      0.00996
     47.00000   -110.00000      0.01013
     46.50000   -109.00000      0.01082
     46.00000   -108.50000      0.00949
     46.00000   -117.00000      0.01567
     46.00000   -116.50000      0.01652
     40.50000   -120.00000      0.00815
     45.00000   -124.00000      0.00954
     43.00000   -110.00000      0.01024
     42.50000   -122.50000      0.01116
     42.00000   -123.50000      0.01628
     37.00000   -111.50000      0.01100
     43.50000   -118.00000      0.00948
     43.50000   -109.50000      0.00936
     43.00000   -111.00000      0.01092
     41.00000   -119.50000      0.00907
     35.50000   -105.00000      0.00735
     44.50000   -112.50000      0.00616
     46.00000   -108.00000      0.00743
     47.00000   -111.00000      0.00714
     47.00000   -109.50000      0.00975
     41.00000   -105.00000      0.01288
     43.50000   -105.00000      0.01561
     45.50000   -108.00000      0.00615
     45.50000   -123.50000      0.00998
     35.00000   -111.00000      0.00574
     42.50000   -105.00000      0.01404
     46.00000   -123.00000      0.01014
     47.00000   -109.00000      0.01170
     36.00000   -103.50000      0.00724
     47.00000   -112.50000      0.00578
     34.00000   -110.50000      0.00857
     43.50000   -117.50000      0.01561
     45.00000   -123.50000      0.01204
     47.00000   -111.50000      0.00810
     44.00000   -112.50000      0.00897
     46.00000   -121.00000      0.01174
     35.00000   -109.50000      0.00676
     47.00000   -107.00000      0.00729
     41.00000   -123.50000      0.01923
     39.50000   -113.00000      0.00595
     47.50000   -108.00000      0.00804
     43.50000   -109.00000      0.01047
     46.00000   -122.00000      0.01362
     49.00000   -122.50000      0.01498
     35.00000   -112.50000      0.00849
     46.50000   -117.50000      0.01075
     45.00000   -112.50000      0.01081
     42.50000   -121.00000      0.00411
     46.50000   -108.00000      0.00843
     35.00000   -110.00000      0.00588
     47.00000   -108.00000      0.00935
     43.00000   -110.50000      0.01057
     46.00000   -122.50000      0.01541
     45.50000   -115.00000      0.00703
     47.50000   -109.50000      0.00964
     42.00000   -118.50000      0.01068
     43.00000   -112.00000      0.00862
     39.50000   -107.50000      0.00900
     46.50000   -121.00000      0.00969
     37.00000   -111.00000      0.01044
     48.50000   -109.50000      0.01096
     35.00000   -106.00000      0.00946
     46.00000   -121.50000      0.01545
     49.00000   -122.00000      0.01680
     42.00000   -105.00000      0.01667
     47.00000   -107.50000      0.00899
     44.00000   -108.50000      0.00986
     46.00000   -120.00000      0.01466
     47.50000   -109.00000      0.01095
     43.00000   -117.00000      0.01488
     45.00000   -123.00000      0.01269
     46.00000   -115.50000      0.00719
     46.50000   -120.00000      0.01204
     46.50000   -108.50000      0.00916
     34.50000   -110.50000      0.00916
     45.00000   -115.00000      0.00968
     46.00000   -117.50000      0.01482
     45.00000   -121.00000      0.01572
     46.00000   -119.50000      0.00941
     34.00000   -109.50000      0.00927
     48.50000   -122.00000      0.01117
     43.50000   -108.50000      0.01135
     47.50000   -108.50000      0.01255
     40.50000   -113.50000      0.00568
     34.50000   -113.00000      0.00794
     48.00000   -122.00000      0.01054
     41.50000   -105.50000      0.01105
     39.00000   -107.50000      0.01436
     45.00000   -122.50000      0.01855
     43.00000   -109.50000      0.01065
     46.50000   -116.50000      0.01576
     46.00000   -120.50000      0.01208
     46.00000   -107.00000      0.01208
     47.00000   -113.00000      0.00677
     47.00000   -108.50000      0.01110
     48.00000   -107.00000      0.01219
     41.50000   -106.00000      0.01287
     47.50000   -110.50000      0.01087
     47.00000   -117.00000      0.01294
     41.00000   -105.50000      0.01414
     39.50000   -113.50000      0.00972
     46.50000   -115.50000      0.00972
     47.50000   -110.00000      0.01264
     34.00000   -112.50000      0.00960
     40.00000   -119.50000      0.00977
     43.00000   -109.00000      0.01132
     46.00000   -116.00000      0.01321
     46.50000   -107.50000      0.00792
     46.00000   -115.00000      0.00711
     39.50000   -112.50000      0.00988
     43.00000   -108.50000      0.00786
     46.50000   -120.50000      0.01343
     49.00000   -121.50000      0.01663
     34.00000   -114.00000      0.01091
     44.50000   -114.50000      0.01228
     44.50000   -122.50000      0.02296
     43.00000   -114.00000      0.00922
     34.00000   -113.00000      0.01028
     42.50000   -122.00000      0.01285
     34.50000   -107.00000      0.01540
     45.50000   -121.00000      0.02072
     45.00000   -122.00000      0.02060
     44.50000   -108.00000      0.00463
     48.50000   -119.50000      0.00826
     48.00000   -107.50000      0.00860
     44.50000   -123.00000      0.02028
     39.50000   -114.00000      0.00953
     47.00000   -118.50000      0.00988
     44.00000   -118.50000      0.01091
     39.00000   -121.50000      0.01365
     42.50000   -119.00000      0.01199
     34.50000   -109.50000      0.01085
     39.50000   -112.00000      0.01102
     40.50000   -119.50000      0.01119
     45.50000   -122.00000      0.02062
     39.00000   -110.50000      0.01073
     42.50000   -118.00000      0.01090
     46.00000   -118.50000      0.01176
     41.00000   -106.00000      0.01330
     38.00000   -107.50000      0.01398
     45.00000   -120.00000      0.00937
     45.00000   -119.50000      0.00975
     40.00000   -119.00000      0.01096
     45.50000   -123.00000      0.01369
     40.00000   -114.00000      0.00721
     48.00000   -109.50000      0.01067
     47.00000   -120.50000      0.01205
     35.00000   -107.00000      0.01443
     41.50000   -115.00000      0.00826
     42.50000   -109.00000      0.01004
     44.00000   -106.50000      0.01176
     42.50000   -117.00000      0.01295
     46.50000   -121.50000      0.01516
     47.50000   -119.00000      0.00715
     34.50000   -110.00000      0.01009
     45.00000   -114.50000      0.01026
     40.00000   -112.00000      0.01164
     43.00000   -121.00000      0.00634
     43.50000   -114.00000      0.01015
     48.00000   -108.00000      0.01015
     47.00000   -118.00000      0.01032
     48.00000   -120.00000      0.01050
     34.00000   -113.50000      0.01101
     45.00000   -120.50000      0.01324
     39.00000   -113.50000      0.01124
     48.00000   -121.50000      0.01209
     47.00000   -120.00000      0.01363
     40.50000   -114.00000      0.00675
     35.50000   -103.00000      0.00992
     46.50000   -119.50000      0.00992
     39.00000   -110.00000      0.01078
     35.00000   -106.50000      0.01420
     35.00000   -104.50000      0.01113
     42.50000   -118.50000      0.01319
     46.50000   -116.00000      0.01425
     42.50000   -119.50000      0.01295
     38.50000   -107.50000      0.01549
     48.00000   -119.50000      0.00957
     43.50000   -118.50000      0.01095
     47.50000   -119.50000      0.01009
     41.00000   -114.00000      0.00668
     38.00000   -109.00000      0.01458
     47.50000   -111.00000      0.01141
     46.50000   -122.00000      0.01430
     49.00000   -121.00000      0.01665
     45.50000   -114.50000      0.00888
     46.50000   -107.00000      0.00905
     35.00000   -105.00000      0.01486
     45.50000   -122.50000      0.01721
     43.00000   -119.50000      0.00928
     44.00000   -113.00000      0.01135
     43.50000   -117.00000      0.02155
     47.50000   -121.00000      0.01430
     38.00000   -109.50000      0.01497
     43.50000   -106.00000      0.01448
     46.50000   -115.00000      0.00974
     37.50000   -112.00000      0.01047
     46.50000   -114.50000      0.00841
     46.50000   -122.50000      0.01339
     43.00000   -122.00000      0.01626
     44.00000   -122.50000      0.01759
     43.00000   -116.50000      0.01979
     47.50000   -120.00000      0.01129
     42.50000   -109.50000      0.01214
     46.00000   -118.00000      0.01519
     48.00000   -109.00000      0.01043
     39.00000   -113.00000      0.00941
     41.50000   -114.00000      0.00859
     40.50000   -106.50000      0.01407
     40.50000   -107.00000      0.01208
     44.50000   -115.00000      0.01277
     41.00000   -114.50000      0.00663
     35.50000   -108.00000      0.01146
     46.50000   -118.50000      0.01180
     34.50000   -104.50000      0.01452
     48.00000   -121.00000      0.01200
     40.50000   -114.50000      0.00772
     45.00000   -115.50000      0.01151
     46.50000   -118.00000      0.01168
     44.50000   -121.50000      0.01929
     42.50000   -113.50000      0.00974
     44.50000   -114.00000      0.01145
     48.00000   -110.00000      0.01485
     49.00000   -111.50000      0.01402
     45.00000   -121.50000      0.02215
     35.00000   -103.50000      0.00945
     47.50000   -111.50000      0.01099
     48.00000   -108.50000      0.01338
     38.00000   -108.00000      0.01725
     45.50000   -121.50000      0.02477
     45.50000   -120.00000      0.01630
     42.00000   -106.00000      0.01231
     34.00000   -104.50000      0.01231
     48.50000   -121.50000      0.01383
     39.00000   -109.00000      0.01400
     39.00000   -108.50000      0.01868
     45.50000   -120.50000      0.01806
     47.50000   -114.00000      0.00997
     47.50000   -113.00000      0.01151
     34.00000   -102.50000      0.01355
     34.00000   -105.00000      0.01225
     47.00000   -119.00000      0.01179
     47.50000   -113.50000      0.01146
     48.50000   -110.00000      0.01434
     34.50000   -105.00000      0.01636
     48.00000   -120.50000      0.01202
     43.00000   -120.50000      0.00933
     47.50000   -112.50000      0.01174
     45.00000   -113.00000      0.01496
     44.00000   -121.50000      0.01248
     40.00000   -114.50000      0.00945
     34.00000   -103.00000      0.01774
     38.50000   -108.00000      0.01988
     37.50000   -111.50000      0.01496
     43.00000   -115.00000      0.01567
     41.50000   -115.50000      0.01128
     34.50000   -103.50000      0.01180
     44.50000   -113.00000      0.01231
     47.50000   -112.00000      0.01248
     44.00000   -108.00000      0.01265
     47.50000   -122.00000      0.01468
     38.50000   -108.50000      0.01835
     35.00000   -103.00000      0.01270
     39.50000   -108.50000      0.01355
     39.50000   -110.50000      0.01406
     38.50000   -109.00000      0.01724
     38.00000   -108.50000      0.01790
     41.50000   -113.50000      0.01071
     44.00000   -107.50000      0.01361
     48.50000   -121.00000      0.01529
     39.00000   -108.00000      0.02043
     46.50000   -119.00000      0.01059
     42.50000   -110.00000      0.01722
     42.00000   -114.00000      0.01066
     42.00000   -118.00000      0.01308
     48.00000   -110.50000      0.01298
     42.00000   -117.00000      0.01094
     44.50000   -107.50000      0.01128
     39.00000   -109.50000      0.01162
     47.00000   -119.50000      0.01186
     47.50000   -120.50000      0.01288
     42.50000   -116.50000      0.01657
     45.00000   -119.00000      0.01390
     44.00000   -107.00000      0.01440
     43.00000   -115.50000      0.01694
     37.50000   -111.00000      0.01282
     49.00000   -111.00000      0.01669
     43.50000   -121.00000      0.00930
     41.50000   -118.00000      0.01021
     43.50000   -122.00000      0.01277
     42.00000   -115.00000      0.01328
     42.00000   -115.50000      0.01378
     41.50000   -114.50000      0.01041
     40.50000   -107.50000      0.01197
     34.00000   -103.50000      0.01417
     43.50000   -107.50000      0.01507
     41.50000   -106.50000      0.01641
     41.00000   -111.50000      0.01680
     35.00000   -104.00000      0.01299
     45.50000   -119.50000      0.01485
     44.00000   -114.50000      0.01521
     42.50000   -114.00000      0.01254
     42.50000   -108.00000      0.01260
     38.00000   -111.00000      0.01277
     39.50000   -110.00000      0.01345
     39.50000   -114.50000      0.01364
     42.00000   -113.50000      0.01249
     37.50000   -107.50000      0.01982
     45.00000   -113.50000      0.01470
     47.00000   -115.50000      0.01221
     43.50000   -116.50000      0.02587
     48.50000   -110.50000      0.01559
     41.00000   -112.00000      0.01429
     48.50000   -120.50000      0.01351
     44.00000   -117.50000      0.02162
     42.00000   -108.50000      0.01186
     38.50000   -110.00000      0.01407
     45.50000   -114.00000      0.01226
     38.50000   -113.50000      0.01243
     44.00000   -114.00000      0.01362
     41.50000   -113.00000      0.01429
     40.00000   -108.50000      0.01199
     43.50000   -107.00000      0.01669
     38.50000   -109.50000      0.01669
     43.50000   -115.00000      0.01785
     39.50000   -108.00000      0.01591
     39.50000   -111.00000      0.01741
     43.50000   -108.00000      0.01553
     39.50000   -111.50000      0.01966
     41.00000   -106.50000      0.01714
     34.50000   -104.00000      0.01614
     40.00000   -110.50000      0.01664
     44.00000   -115.00000      0.01681
     38.00000   -112.00000      0.01382
     43.00000   -108.00000      0.01536
     44.00000   -113.50000      0.01457
     42.50000   -115.00000      0.01609
     40.00000   -111.00000      0.01742
     34.50000   -103.00000      0.01758
     39.00000   -112.00000      0.01279
     48.00000   -113.00000      0.01380
     41.00000   -107.00000      0.01498
     43.00000   -107.50000      0.01620
     41.50000   -107.00000      0.01498
     42.50000   -115.50000      0.01681
     43.00000   -116.00000      0.01896
     45.50000   -113.50000      0.01234
     44.50000   -106.50000      0.01687
     34.50000   -106.50000      0.01803
     38.50000   -112.00000      0.01426
     43.50000   -114.50000      0.01493
     42.00000   -109.50000      0.01610
     43.50000   -106.50000      0.01709
     40.50000   -108.00000      0.01297
     48.00000   -113.50000      0.01314
     42.50000   -112.50000      0.01331
     42.50000   -107.00000      0.01632
     48.50000   -111.00000      0.01682
     42.50000   -107.50000      0.01488
     48.00000   -111.00000      0.01409
     39.50000   -109.00000      0.01443
     42.00000   -109.00000      0.01443
     42.00000   -106.50000      0.01549
     42.50000   -106.50000      0.01549
     44.50000   -113.50000      0.01566
     41.50000   -117.00000      0.01269
     41.50000   -116.50000      0.01286
     42.00000   -116.50000      0.01505
     40.50000   -111.50000      0.01638
     44.50000   -115.50000      0.01688
     40.50000   -112.00000      0.01444
     42.00000   -107.00000      0.01483
     41.50000   -109.00000      0.01436
     40.00000   -110.00000      0.01523
     42.00000   -108.00000      0.01343
     43.00000   -107.00000      0.01810
     42.00000   -110.00000      0.01957
     43.00000   -114.50000      0.01433
     42.50000   -116.00000      0.01716
     43.50000   -115.50000      0.02158
     38.50000   -112.50000      0.01540
     39.00000   -111.00000      0.01573
     40.00000   -109.50000      0.01344
     48.00000   -111.50000      0.01513
     39.00000   -112.50000      0.01517
     40.50000   -109.50000      0.01356
     48.50000   -113.00000      0.01590
     41.50000   -109.50000      0.01656
     38.50000   -114.50000      0.01543
     42.50000   -110.50000      0.01909
     39.50000   -109.50000      0.01502
     42.00000   -116.00000      0.01613
     41.50000   -110.00000      0.01861
     43.00000   -106.50000      0.01932
     42.50000   -111.00000      0.02046
     48.00000   -112.50000      0.01541
     41.50000   -108.00000      0.01410
     48.00000   -112.00000      0.01597
     44.00000   -115.50000      0.01959
     41.50000   -108.50000      0.01436
     38.50000   -121.50000      0.02130
     41.00000   -110.50000      0.01774
     45.50000   -116.00000      0.01774
     45.50000   -119.00000      0.01795
     38.50000   -111.00000      0.01614
     41.50000   -112.50000      0.01977
     41.50000   -107.50000      0.01482
     41.00000   -110.00000      0.01654
     41.50000   -116.00000      0.01510
     42.00000   -113.00000      0.01665
     40.50000   -110.50000      0.01797
     38.00000   -111.50000      0.01684
     42.00000   -114.50000      0.01428
     41.00000   -109.50000      0.01644
     48.50000   -112.50000      0.01634
     45.50000   -116.50000      0.02174
     42.00000   -107.50000      0.01389
     43.50000   -116.00000      0.02451
     44.50000   -118.50000      0.01875
     41.00000   -111.00000      0.01827
     38.50000   -111.50000      0.01673
     45.00000   -116.00000      0.01794
     37.50000   -108.50000      0.02235
     44.00000   -116.50000      0.02463
     40.50000   -110.00000      0.01691
     48.50000   -111.50000      0.01871
     44.00000   -116.00000      0.02185
     41.00000   -108.50000      0.01609
     41.00000   -116.00000      0.01309
     42.00000   -112.50000      0.01877
     44.00000   -117.00000      0.02719
     41.00000   -109.00000      0.01527
     44.50000   -118.00000      0.02614
     42.50000   -111.50000      0.02126
     42.50000   -114.50000      0.01683
     41.00000   -107.50000      0.01801
     42.50000   -112.00000      0.01905
     42.00000   -110.50000      0.02213
     41.00000   -108.00000      0.01776
     45.50000   -117.50000      0.02755
     45.00000   -116.50000      0.02273
     44.50000   -116.00000      0.02231
     42.00000   -111.00000      0.02429
     41.50000   -112.00000      0.02387
     44.50000   -117.50000      0.03405
     41.50000   -111.00000      0.02501
     41.50000   -111.50000      0.02656
     45.00000   -118.50000      0.02234
     37.00000   -107.50000      0.02364
     44.50000   -116.50000      0.02764
     42.00000   -111.50000      0.02613
     36.00000   -108.00000      0.02248
     37.00000   -108.50000      0.02379
     42.00000   -112.00000      0.02459
     45.00000   -118.00000      0.02889
     44.50000   -117.00000      0.03465
     45.00000   -117.00000      0.03248
     45.50000   -118.50000      0.02744
     36.50000   -108.00000      0.02699
     45.00000   -117.50000      0.03352
     38.00000   -121.50000      0.03377
     45.50000   -117.00000      0.03742
     45.50000   -118.00000      0.03374
