     38.50000   -106.00000      0.00000
     38.00000   -106.00000      0.00039
     39.00000   -106.00000      0.00134
     42.50000   -124.00000      0.00477
     38.00000   -105.50000      0.00271
     39.50000   -106.00000      0.00250
     38.50000   -105.50000      0.00237
     40.00000   -106.00000      0.00100
     42.00000   -124.00000      0.00820
     45.00000   -111.50000      0.00038
     37.50000   -106.00000      0.00213
     41.50000   -124.00000      0.00606
     45.00000   -111.00000      0.00104
     43.50000   -111.50000      0.00061
     44.50000   -111.50000      0.00197
     39.00000   -106.50000      0.00386
     45.00000   -112.00000      0.00026
     44.50000   -111.00000      0.00192
     44.00000   -111.50000      0.00160
     44.50000   -112.00000      0.00130
     45.50000   -111.50000      0.00017
     43.50000   -112.00000      0.00230
     43.50000   -111.00000      0.00299
     44.00000   -110.00000      0.00249
     45.50000   -112.00000      0.00049
     39.00000   -105.00000      0.00596
     46.00000   -111.50000      0.00125
     42.00000   -123.00000      0.00665
     39.50000   -105.50000      0.00603
     44.50000   -110.50000      0.00353
     45.50000   -109.00000      0.00353
     45.50000   -111.00000      0.00150
     46.00000   -111.00000      0.00208
     41.50000   -121.00000      0.00352
     41.50000   -123.00000      0.00980
     48.50000   -118.00000      0.00341
     43.50000   -110.50000      0.00192
     41.00000   -123.00000      0.00819
     44.00000   -106.00000      0.00696
     41.50000   -120.00000      0.00213
     44.00000   -110.50000      0.00205
     39.50000   -104.50000      0.00838
     38.50000   -106.50000      0.00753
     40.50000   -106.00000      0.00341
     44.00000   -112.00000      0.00296
     45.50000   -110.50000      0.00296
     44.00000   -109.50000      0.00219
     40.00000   -105.00000      0.00300
     38.50000   -105.00000      0.00724
     46.00000   -110.50000      0.00299
     39.00000   -107.00000      0.00566
     44.50000   -109.00000      0.00386
     46.00000   -109.00000      0.00524
     38.00000   -107.00000      0.00586
     45.00000   -109.50000      0.00325
     44.50000   -109.50000      0.00470
     46.00000   -112.00000      0.00106
     43.50000   -110.00000      0.00377
     35.50000   -106.00000      0.00422
     45.00000   -110.00000      0.00403
     36.50000   -111.50000      0.00440
     42.00000   -119.50000      0.00452
     36.00000   -104.00000      0.00279
     46.50000   -111.00000      0.00423
     41.00000   -120.00000      0.00521
     46.00000   -124.00000      0.00183
     42.00000   -120.00000      0.00385
     36.50000   -103.50000      0.00437
     42.00000   -119.00000      0.00381
     36.50000   -104.00000      0.00441
     41.00000   -121.00000      0.00452
     44.50000   -110.00000      0.00603
     39.50000   -105.00000      0.01170
     43.00000   -113.50000      0.00283
     45.50000   -109.50000      0.00525
     46.00000   -110.00000      0.00370
     43.50000   -113.50000      0.00311
     45.50000   -110.00000      0.00504
     40.00000   -104.50000      0.00516
     45.50000   -108.50000      0.00389
     47.00000   -106.50000      0.00438
     42.00000   -121.00000      0.00263
     38.50000   -107.00000      0.00762
     43.00000   -122.50000      0.00683
     45.50000   -115.50000      0.00329
     41.50000   -119.00000      0.00378
     44.50000   -108.50000      0.00404
     46.00000   -109.50000      0.00444
     43.00000   -111.50000      0.00340
     40.50000   -105.50000      0.00461
     35.50000   -111.00000      0.00296
     39.50000   -107.00000      0.00435
     42.00000   -122.00000      0.00460
     43.00000   -117.50000      0.00730
     43.00000   -118.00000      0.00524
     46.50000   -110.50000      0.00574
     46.00000   -123.50000      0.00394
     36.00000   -111.00000      0.00422
     41.50000   -105.00000      0.00951
     36.00000   -112.50000      0.00354
     36.50000   -111.00000      0.00561
     40.50000   -105.00000      0.00491
     41.50000   -123.50000      0.01632
     37.00000   -112.00000      0.00365
     35.50000   -112.50000      0.00425
     46.50000   -111.50000      0.00486
     37.50000   -105.00000      0.00535
     47.00000   -110.50000      0.00560
     41.50000   -119.50000      0.00572
     35.50000   -110.00000      0.00239
     47.00000   -112.00000      0.00392
     34.00000   -111.00000      0.00417
     44.00000   -109.00000      0.00453
     46.50000   -110.00000      0.00625
     36.00000   -104.50000      0.00407
     46.50000   -109.50000      0.00530
     46.50000   -117.00000      0.00809
     44.50000   -121.00000      0.00616
     46.50000   -112.00000      0.00436
     40.50000   -104.50000      0.00668
     47.00000   -110.00000      0.00681
     46.50000   -109.00000      0.00730
     46.00000   -108.50000      0.00636
     46.00000   -117.00000      0.01078
     46.00000   -116.50000      0.01139
     40.50000   -120.00000      0.00541
     45.00000   -124.00000      0.00639
     43.00000   -110.00000      0.00689
     42.50000   -122.50000      0.00754
     42.00000   -123.50000      0.01122
     37.00000   -111.50000      0.00743
     43.50000   -118.00000      0.00635
     43.50000   -109.50000      0.00626
     43.00000   -111.00000      0.00737
     41.00000   -119.50000      0.00606
     35.50000   -105.00000      0.00485
     44.50000   -112.50000      0.00402
     46.00000   -108.00000      0.00491
     47.00000   -111.00000      0.00470
     47.00000   -109.50000      0.00654
     41.00000   -105.00000      0.00877
     43.50000   -105.00000      0.01073
     45.50000   -108.00000      0.00401
     45.50000   -123.50000      0.00670
     35.00000   -111.00000      0.00372
     42.50000   -105.00000      0.00960
     46.00000   -123.00000      0.00682
     47.00000   -109.00000      0.00792
     36.00000   -103.50000      0.00477
     47.00000   -112.50000      0.00376
     34.00000   -110.50000      0.00570
     43.50000   -117.50000      0.01073
     45.00000   -123.50000      0.00817
     47.00000   -111.50000      0.00537
     44.00000   -112.50000      0.00599
     46.00000   -121.00000      0.00795
     35.00000   -109.50000      0.00444
     47.00000   -107.00000      0.00480
     41.00000   -123.50000      0.01336
     39.50000   -113.00000      0.00387
     47.50000   -108.00000      0.00533
     43.50000   -109.00000      0.00705
     46.00000   -122.00000      0.00930
     49.00000   -122.50000      0.01028
     35.00000   -112.50000      0.00565
     46.50000   -117.50000      0.00725
     45.00000   -112.50000      0.00729
     42.50000   -121.00000      0.00261
     46.50000   -108.00000      0.00561
     35.00000   -110.00000      0.00382
     47.00000   -108.00000      0.00626
     43.00000   -110.50000      0.00712
     46.00000   -122.50000      0.01059
     45.50000   -115.00000      0.00462
     47.50000   -109.50000      0.00646
     42.00000   -118.50000      0.00720
     43.00000   -112.00000      0.00574
     39.50000   -107.50000      0.00601
     46.50000   -121.00000      0.00650
     37.00000   -111.00000      0.00703
     48.50000   -109.50000      0.00740
     35.00000   -106.00000      0.00633
     46.00000   -121.50000      0.01062
     49.00000   -122.00000      0.01159
     42.00000   -105.00000      0.01150
     47.00000   -107.50000      0.00600
     44.00000   -108.50000      0.00662
     46.00000   -120.00000      0.01005
     47.50000   -109.00000      0.00739
     43.00000   -117.00000      0.01021
     45.00000   -123.00000      0.00863
     46.00000   -115.50000      0.00473
     46.50000   -120.00000      0.00816
     46.50000   -108.50000      0.00612
     34.50000   -110.50000      0.00612
     45.00000   -115.00000      0.00649
     46.00000   -117.50000      0.01016
     45.00000   -121.00000      0.01081
     46.00000   -119.50000      0.00630
     34.00000   -109.50000      0.00620
     48.50000   -122.00000      0.00755
     43.50000   -108.50000      0.00767
     47.50000   -108.50000      0.00853
     40.50000   -113.50000      0.00368
     34.50000   -113.00000      0.00526
     48.00000   -122.00000      0.00710
     41.50000   -105.50000      0.00746
     39.00000   -107.50000      0.00983
     45.00000   -122.50000      0.01287
     43.00000   -109.50000      0.00717
     46.50000   -116.50000      0.01084
     46.00000   -120.50000      0.00819
     46.00000   -107.00000      0.00819
     47.00000   -113.00000      0.00444
     47.00000   -108.50000      0.00750
     48.00000   -107.00000      0.00827
     41.50000   -106.00000      0.00876
     47.50000   -110.50000      0.00733
     47.00000   -117.00000      0.00881
     41.00000   -105.50000      0.00967
     39.50000   -113.50000      0.00651
     46.50000   -115.50000      0.00651
     47.50000   -110.00000      0.00860
     34.00000   -112.50000      0.00643
     40.00000   -119.50000      0.00655
     43.00000   -109.00000      0.00765
     46.00000   -116.00000      0.00900
     46.50000   -107.50000      0.00525
     46.00000   -115.00000      0.00468
     39.50000   -112.50000      0.00663
     43.00000   -108.50000      0.00521
     46.50000   -120.50000      0.00916
     49.00000   -121.50000      0.01147
     34.00000   -114.00000      0.00736
     44.50000   -114.50000      0.00834
     44.50000   -122.50000      0.01609
     43.00000   -114.00000      0.00616
     34.00000   -113.00000      0.00691
     42.50000   -122.00000      0.00875
     34.50000   -107.00000      0.01058
     45.50000   -121.00000      0.01445
     45.00000   -122.00000      0.01436
     44.50000   -108.00000      0.00296
     48.50000   -119.50000      0.00548
     48.00000   -107.50000      0.00573
     44.50000   -123.00000      0.01413
     39.50000   -114.00000      0.00638
     47.00000   -118.50000      0.00663
     44.00000   -118.50000      0.00736
     39.00000   -121.50000      0.00932
     42.50000   -119.00000      0.00813
     34.50000   -109.50000      0.00731
     39.50000   -112.00000      0.00744
     40.50000   -119.50000      0.00756
     45.50000   -122.00000      0.01437
     39.00000   -110.50000      0.00723
     42.50000   -118.00000      0.00736
     46.00000   -118.50000      0.00797
     41.00000   -106.00000      0.00907
     38.00000   -107.50000      0.00956
     45.00000   -120.00000      0.00627
     45.00000   -119.50000      0.00654
     40.00000   -119.00000      0.00739
     45.50000   -123.00000      0.00935
     40.00000   -114.00000      0.00475
     48.00000   -109.50000      0.00719
     47.00000   -120.50000      0.00817
     35.00000   -107.00000      0.00988
     41.50000   -115.00000      0.00548
     42.50000   -109.00000      0.00674
     44.00000   -106.50000      0.00796
     42.50000   -117.00000      0.00882
     46.50000   -121.50000      0.01040
     47.50000   -119.00000      0.00471
     34.50000   -110.00000      0.00678
     45.00000   -114.50000      0.00690
     40.00000   -112.00000      0.00788
     43.00000   -121.00000      0.00414
     43.50000   -114.00000      0.00682
     48.00000   -108.00000      0.00682
     47.00000   -118.00000      0.00694
     48.00000   -120.00000      0.00707
     34.00000   -113.50000      0.00743
     45.00000   -120.50000      0.00902
     39.00000   -113.50000      0.00759
     48.00000   -121.50000      0.00821
     47.00000   -120.00000      0.00930
     40.50000   -114.00000      0.00443
     35.50000   -103.00000      0.00666
     46.50000   -119.50000      0.00666
     39.00000   -110.00000      0.00727
     35.00000   -106.50000      0.00971
     35.00000   -104.50000      0.00752
     42.50000   -118.50000      0.00899
     46.50000   -116.00000      0.00975
     42.50000   -119.50000      0.00882
     38.50000   -107.50000      0.01064
     48.00000   -119.50000      0.00641
     43.50000   -118.50000      0.00739
     47.50000   -119.50000      0.00678
     41.00000   -114.00000      0.00438
     38.00000   -109.00000      0.00999
     47.50000   -111.00000      0.00771
     46.50000   -122.00000      0.00979
     49.00000   -121.00000      0.01149
     45.50000   -114.50000      0.00592
     46.50000   -107.00000      0.00604
     35.00000   -105.00000      0.01019
     45.50000   -122.50000      0.01189
     43.00000   -119.50000      0.00621
     44.00000   -113.00000      0.00767
     43.50000   -117.00000      0.01506
     47.50000   -121.00000      0.00978
     38.00000   -109.50000      0.01027
     43.50000   -106.00000      0.00991
     46.50000   -115.00000      0.00653
     37.50000   -112.00000      0.00705
     46.50000   -114.50000      0.00559
     46.50000   -122.50000      0.00913
     43.00000   -122.00000      0.01120
     44.00000   -122.50000      0.01217
     43.00000   -116.50000      0.01377
     47.50000   -120.00000      0.00763
     42.50000   -109.50000      0.00824
     46.00000   -118.00000      0.01043
     48.00000   -109.00000      0.00702
     39.00000   -113.00000      0.00630
     41.50000   -114.00000      0.00571
     40.50000   -106.50000      0.00962
     40.50000   -107.00000      0.00819
     44.50000   -115.00000      0.00869
     41.00000   -114.50000      0.00434
     35.50000   -108.00000      0.00775
     46.50000   -118.50000      0.00799
     34.50000   -104.50000      0.00994
     48.00000   -121.00000      0.00813
     40.50000   -114.50000      0.00510
     45.00000   -115.50000      0.00779
     46.50000   -118.00000      0.00791
     44.50000   -121.50000      0.01340
     42.50000   -113.50000      0.00653
     44.50000   -114.00000      0.00775
     48.00000   -110.00000      0.01018
     49.00000   -111.50000      0.00958
     45.00000   -121.50000      0.01549
     35.00000   -103.50000      0.00632
     47.50000   -111.50000      0.00742
     48.00000   -108.50000      0.00913
     38.00000   -108.00000      0.01191
     45.50000   -121.50000      0.01742
     45.50000   -120.00000      0.01123
     42.00000   -106.00000      0.00835
     34.00000   -104.50000      0.00835
     48.50000   -121.50000      0.00945
     39.00000   -109.00000      0.00957
     39.00000   -108.50000      0.01296
     45.50000   -120.50000      0.01251
     47.50000   -114.00000      0.00669
     47.50000   -113.00000      0.00779
     34.00000   -102.50000      0.00925
     34.00000   -105.00000      0.00831
     47.00000   -119.00000      0.00798
     47.50000   -113.50000      0.00775
     48.50000   -110.00000      0.00982
     34.50000   -105.00000      0.01127
     48.00000   -120.50000      0.00815
     43.00000   -120.50000      0.00624
     47.50000   -112.50000      0.00795
     45.00000   -113.00000      0.01026
     44.00000   -121.50000      0.00848
     40.00000   -114.50000      0.00632
     34.00000   -103.00000      0.01227
     38.50000   -108.00000      0.01383
     37.50000   -111.50000      0.01026
     43.00000   -115.00000      0.01077
     41.50000   -115.50000      0.00762
     34.50000   -103.50000      0.00799
     44.50000   -113.00000      0.00836
     47.50000   -112.00000      0.00848
     44.00000   -108.00000      0.00860
     47.50000   -122.00000      0.01006
     38.50000   -108.50000      0.01271
     35.00000   -103.00000      0.00864
     39.50000   -108.50000      0.00925
     39.50000   -110.50000      0.00961
     38.50000   -109.00000      0.01191
     38.00000   -108.50000      0.01239
     41.50000   -113.50000      0.00722
     44.00000   -107.50000      0.00929
     48.50000   -121.00000      0.01050
     39.00000   -108.00000      0.01423
     46.50000   -119.00000      0.00713
     42.50000   -110.00000      0.01189
     42.00000   -114.00000      0.00718
     42.00000   -118.00000      0.00891
     48.00000   -110.50000      0.00884
     42.00000   -117.00000      0.00738
     44.50000   -107.50000      0.00762
     39.00000   -109.50000      0.00787
     47.00000   -119.50000      0.00803
     47.50000   -120.50000      0.00876
     42.50000   -116.50000      0.01143
     45.00000   -119.00000      0.00950
     44.00000   -107.00000      0.00986
     43.00000   -115.50000      0.01170
     37.50000   -111.00000      0.00872
     49.00000   -111.00000      0.01151
     43.50000   -121.00000      0.00622
     41.50000   -118.00000      0.00686
     43.50000   -122.00000      0.00868
     42.00000   -115.00000      0.00905
     42.00000   -115.50000      0.00941
     41.50000   -114.50000      0.00700
     40.50000   -107.50000      0.00812
     34.00000   -103.50000      0.00969
     43.50000   -107.50000      0.01034
     41.50000   -106.50000      0.01130
     41.00000   -111.50000      0.01159
     35.00000   -104.00000      0.00885
     45.50000   -119.50000      0.01018
     44.00000   -114.50000      0.01044
     42.50000   -114.00000      0.00852
     42.50000   -108.00000      0.00856
     38.00000   -111.00000      0.00869
     39.50000   -110.00000      0.00917
     39.50000   -114.50000      0.00931
     42.00000   -113.50000      0.00848
     37.50000   -107.50000      0.01379
     45.00000   -113.50000      0.01007
     47.00000   -115.50000      0.00828
     43.50000   -116.50000      0.01823
     48.50000   -110.50000      0.01071
     41.00000   -112.00000      0.00978
     48.50000   -120.50000      0.00922
     44.00000   -117.50000      0.01510
     42.00000   -108.50000      0.00804
     38.50000   -110.00000      0.00962
     45.50000   -114.00000      0.00832
     38.50000   -113.50000      0.00845
     44.00000   -114.00000      0.00929
     41.50000   -113.00000      0.00978
     40.00000   -108.50000      0.00812
     43.50000   -107.00000      0.01151
     38.50000   -109.50000      0.01151
     43.50000   -115.00000      0.01235
     39.50000   -108.00000      0.01095
     39.50000   -111.00000      0.01203
     43.50000   -108.00000      0.01067
     39.50000   -111.50000      0.01367
     41.00000   -106.50000      0.01183
     34.50000   -104.00000      0.01111
     40.00000   -110.50000      0.01147
     44.00000   -115.00000      0.01159
     38.00000   -112.00000      0.00944
     43.00000   -108.00000      0.01055
     44.00000   -113.50000      0.00998
     42.50000   -115.00000      0.01107
     40.00000   -111.00000      0.01204
     34.50000   -103.00000      0.01216
     39.00000   -112.00000      0.00870
     48.00000   -113.00000      0.00942
     41.00000   -107.00000      0.01027
     43.00000   -107.50000      0.01116
     41.50000   -107.00000      0.01027
     42.50000   -115.50000      0.01160
     43.00000   -116.00000      0.01316
     45.50000   -113.50000      0.00838
     44.50000   -106.50000      0.01164
     34.50000   -106.50000      0.01248
     38.50000   -112.00000      0.00975
     43.50000   -114.50000      0.01024
     42.00000   -109.50000      0.01108
     43.50000   -106.50000      0.01180
     40.50000   -108.00000      0.00883
     48.00000   -113.50000      0.00895
     42.50000   -112.50000      0.00907
     42.50000   -107.00000      0.01124
     48.50000   -111.00000      0.01160
     42.50000   -107.50000      0.01020
     48.00000   -111.00000      0.00963
     39.50000   -109.00000      0.00988
     42.00000   -109.00000      0.00988
     42.00000   -106.50000      0.01064
     42.50000   -106.50000      0.01064
     44.50000   -113.50000      0.01076
     41.50000   -117.00000      0.00863
     41.50000   -116.50000      0.00875
     42.00000   -116.50000      0.01032
     40.50000   -111.50000      0.01128
     44.50000   -115.50000      0.01164
     40.50000   -112.00000      0.00988
     42.00000   -107.00000      0.01016
     41.50000   -109.00000      0.00983
     40.00000   -110.00000      0.01045
     42.00000   -108.00000      0.00916
     43.00000   -107.00000      0.01253
     42.00000   -110.00000      0.01360
     43.00000   -114.50000      0.00981
     42.50000   -116.00000      0.01185
     43.50000   -115.50000      0.01508
     38.50000   -112.50000      0.01057
     39.00000   -111.00000      0.01081
     40.00000   -109.50000      0.00917
     48.00000   -111.50000      0.01038
     39.00000   -112.50000      0.01041
     40.50000   -109.50000      0.00925
     48.50000   -113.00000      0.01094
     41.50000   -109.50000      0.01142
     38.50000   -114.50000      0.01060
     42.50000   -110.50000      0.01325
     39.50000   -109.50000      0.01030
     42.00000   -116.00000      0.01110
     41.50000   -110.00000      0.01290
     43.00000   -106.50000      0.01342
     42.50000   -111.00000      0.01425
     48.00000   -112.50000      0.01058
     41.50000   -108.00000      0.00964
     48.00000   -112.00000      0.01099
     44.00000   -115.50000      0.01362
     41.50000   -108.50000      0.00983
     38.50000   -121.50000      0.01487
     41.00000   -110.50000      0.01227
     45.50000   -116.00000      0.01227
     45.50000   -119.00000      0.01242
     38.50000   -111.00000      0.01111
     41.50000   -112.50000      0.01374
     41.50000   -107.50000      0.01016
     41.00000   -110.00000      0.01140
     41.50000   -116.00000      0.01036
     42.00000   -113.00000      0.01148
     40.50000   -110.50000      0.01244
     38.00000   -111.50000      0.01161
     42.00000   -114.50000      0.00977
     41.00000   -109.50000      0.01133
     48.50000   -112.50000      0.01125
     45.50000   -116.50000      0.01519
     42.00000   -107.50000      0.00949
     43.50000   -116.00000      0.01723
     44.50000   -118.50000      0.01300
     41.00000   -111.00000      0.01265
     38.50000   -111.50000      0.01154
     45.00000   -116.00000      0.01242
     37.50000   -108.50000      0.01564
     44.00000   -116.50000      0.01731
     40.50000   -110.00000      0.01166
     48.50000   -111.50000      0.01298
     44.00000   -116.00000      0.01527
     41.00000   -108.50000      0.01107
     41.00000   -116.00000      0.00892
     42.00000   -112.50000      0.01301
     44.00000   -117.00000      0.01921
     41.00000   -109.00000      0.01048
     44.50000   -118.00000      0.01843
     42.50000   -111.50000      0.01484
     42.50000   -114.50000      0.01161
     41.00000   -107.50000      0.01246
     42.50000   -112.00000      0.01322
     42.00000   -110.50000      0.01547
     41.00000   -108.00000      0.01228
     45.50000   -117.50000      0.01947
     45.00000   -116.50000      0.01591
     44.50000   -116.00000      0.01560
     42.00000   -111.00000      0.01706
     41.50000   -112.00000      0.01675
     44.50000   -117.50000      0.02432
     41.50000   -111.00000      0.01759
     41.50000   -111.50000      0.01873
     45.00000   -118.50000      0.01563
     37.00000   -107.50000      0.01658
     44.50000   -116.50000      0.01954
     42.00000   -111.50000      0.01841
     36.00000   -108.00000      0.01573
     37.00000   -108.50000      0.01669
     42.00000   -112.00000      0.01728
     45.00000   -118.00000      0.02047
     44.50000   -117.00000      0.02477
     45.00000   -117.00000      0.02314
     45.50000   -118.50000      0.01939
     36.50000   -108.00000      0.01905
     45.00000   -117.50000      0.02392
     38.00000   -121.50000      0.02410
     45.50000   -117.00000      0.02685
     45.50000   -118.00000      0.02407
