     //Latitude    Longitude     LVL(km)     410(km)  Potential T (K)  Vs_obs(m/s)  Vs_sol(m/s) Melt fraction
 K/K0 G/G0 REsidual Amplitude
     38.50000   -106.00000    350.00000    410.00000   1799.27000   4673.52753   4647.10445      0.00000  1.67414E+11  7.78440E+10      0.00569
     -0.38000
     38.00000   -106.00000    350.00000    410.00000   2024.90000   4654.14675   4569.94441      0.00000  1.63171E+11  7.48017E+10      0.01843
     -0.50000
     39.00000   -106.00000    350.00000    410.00000   1912.40000   4647.68649   4605.71856      0.00000  1.65092E+11  7.61965E+10      0.00911
     -0.54000
     42.50000   -124.00000    350.00000    410.00000   1875.00000   4604.07974   4618.80000      0.00055  1.65816E+11  7.67136E+10      0.00000
     -0.81000
     38.00000   -105.50000    350.00000    410.00000   1846.00000   4641.22623   4629.35159      0.00000  1.66407E+11  7.71332E+10      0.00257
     -0.58000
     39.50000   -106.00000    350.00000    410.00000   1677.00000   4644.45636   4697.93585      0.00349  1.70375E+11  7.99117E+10      0.00000
     -0.56000
     38.50000   -105.50000    350.00000    410.00000   2150.00000   4647.68649   4536.46500      0.00000  1.61479E+11  7.35262E+10      0.02452
     -0.54000
     40.00000   -106.00000    350.00000    410.00000   2210.00000   4675.14260   4522.76220      0.00000  1.60830E+11  7.30149E+10      0.03369
     -0.37000
     42.00000   -124.00000    350.00000    410.00000   1799.50000   4578.23870   4647.01480      0.00491  1.67409E+11  7.78404E+10     -0.00000
     -0.97000
     45.00000   -111.50000    350.00000    410.00000   2019.70000   4689.67818   4571.47969      0.00000  1.63251E+11  7.48609E+10      0.02586
     -0.28000
     37.50000   -106.00000    350.00000    410.00000   1909.80000   4660.60701   4606.60878      0.00000  1.65141E+11  7.62316E+10      0.01172
     -0.46000
     41.50000   -124.00000    350.00000    410.00000   1873.20000   4610.54000   4619.44455      0.00025  1.65852E+11  7.67391E+10     -0.00000
     -0.77000
     45.00000   -111.00000    350.00000    410.00000   1847.00000   4679.98779   4628.98181      0.00000  1.66386E+11  7.71184E+10      0.01102
     -0.34000
     43.50000   -111.50000    350.00000    410.00000   1691.00000   4688.06312   4691.79427      0.00006  1.70012E+11  7.96595E+10      0.00000
     -0.29000
     44.50000   -111.50000    350.00000    410.00000   2150.00000   4667.06727   4536.46500      0.00000  1.61479E+11  7.35262E+10      0.02879
     -0.42000
     39.00000   -106.50000    350.00000    410.00000   2210.00000   4641.22623   4522.76220      0.00000  1.60830E+11  7.30149E+10      0.02619
     -0.58000
     45.00000   -112.00000    350.00000    410.00000   1799.41000   4697.75351   4647.04988      0.00000  1.67411E+11  7.78418E+10      0.01091
     -0.23000
     44.50000   -111.00000    350.00000    410.00000   2019.70000   4670.29740   4571.47969      0.00000  1.63251E+11  7.48609E+10      0.02162
     -0.40000
     44.00000   -111.50000    350.00000    410.00000   1909.80000   4676.75766   4606.60878      0.00000  1.65141E+11  7.62316E+10      0.01523
     -0.36000
     44.50000   -112.00000    350.00000    410.00000   1873.20000   4683.21792   4619.44455      0.00000  1.65852E+11  7.67391E+10      0.01381
     -0.32000
     45.50000   -111.50000    350.00000    410.00000   1836.00000   4705.82883   4633.07275      0.00000  1.66617E+11  7.72817E+10      0.01570
     -0.18000
     43.50000   -112.00000    350.00000    410.00000   1696.50000   4670.29740   4689.40425      0.00080  1.69871E+11  7.95615E+10      0.00000
     -0.40000
     43.50000   -111.00000    350.00000    410.00000   2150.00000   4662.22208   4536.46500      0.00000  1.61479E+11  7.35262E+10      0.02772
     -0.45000
     44.00000   -110.00000    350.00000    410.00000   2210.00000   4671.91247   4522.76220      0.00000  1.60830E+11  7.30149E+10      0.03298
     -0.39000
     45.50000   -112.00000    350.00000    410.00000   1799.67000   4704.21377   4646.94856      0.00000  1.67406E+11  7.78378E+10      0.01232
     -0.19000
     39.00000   -105.00000    350.00000    410.00000   2014.50000   4626.69065   4573.02642      0.00000  1.63333E+11  7.49207E+10      0.01173
     -0.67000
     46.00000   -111.50000    350.00000    410.00000   1907.20000   4691.29325   4607.50187      0.00000  1.65191E+11  7.62668E+10      0.01819
     -0.27000
     42.00000   -123.00000    350.00000    410.00000   1871.50000   4618.61532   4620.05455      0.00002  1.65886E+11  7.67633E+10      0.00000
     -0.72000
     39.50000   -105.50000    350.00000    410.00000   1847.00000   4626.69065   4628.98181      0.00003  1.66386E+11  7.71184E+10     -0.00000
     -0.67000
     44.50000   -110.50000    350.00000    410.00000   1687.50000   4660.60701   4693.32187      0.00177  1.70102E+11  7.97221E+10     -0.00000
     -0.46000
     45.50000   -109.00000    350.00000    410.00000   2150.00000   4660.60701   4536.46500      0.00000  1.61479E+11  7.35262E+10      0.02737
     -0.46000
     45.50000   -111.00000    350.00000    410.00000   2210.00000   4689.67818   4522.76220      0.00000  1.60830E+11  7.30149E+10      0.03691
     -0.28000
     46.00000   -111.00000    350.00000    410.00000   1799.76000   4681.60286   4646.91349      0.00000  1.67404E+11  7.78364E+10      0.00747
     -0.33000
     41.50000   -121.00000    350.00000    410.00000   2004.10000   4662.22208   4576.15429      0.00000  1.63498E+11  7.50416E+10      0.01881
     -0.45000
     41.50000   -123.00000    350.00000    410.00000   1902.00000   4579.85376   4609.29665      0.00157  1.65289E+11  7.63376E+10     -0.00000
     -0.96000
     48.50000   -118.00000    350.00000    410.00000   1868.00000   4663.83714   4621.31429      0.00000  1.65957E+11  7.68133E+10      0.00920
     -0.44000
     43.50000   -110.50000    350.00000    410.00000   1834.00000   4684.83299   4633.82207      0.00000  1.66659E+11  7.73116E+10      0.01101
     -0.31000
     41.00000   -123.00000    350.00000    410.00000   1689.50000   4602.46467   4692.44832      0.00675  1.70051E+11  7.96863E+10     -0.00000
     -0.82000
     44.00000   -106.00000    350.00000    410.00000   2150.00000   4618.61532   4536.46500      0.00000  1.61479E+11  7.35262E+10      0.01811
     -0.72000
     41.50000   -120.00000    350.00000    410.00000   2210.00000   4683.21792   4522.76220      0.00000  1.60830E+11  7.30149E+10      0.03548
     -0.32000
     44.00000   -110.50000    350.00000    410.00000   1799.60000   4684.83299   4646.97583      0.00000  1.67407E+11  7.78389E+10      0.00815
     -0.31000
     39.50000   -104.50000    350.00000    410.00000   2004.10000   4600.84961   4576.15429      0.00000  1.63498E+11  7.50416E+10      0.00540
     -0.83000
     38.50000   -106.50000    350.00000    410.00000   1902.00000   4612.15506   4609.29665      0.00000  1.65289E+11  7.63376E+10      0.00062
     -0.76000
     40.50000   -106.00000    350.00000    410.00000   1868.00000   4667.06727   4621.31429      0.00000  1.65957E+11  7.68133E+10      0.00990
     -0.42000
     44.00000   -112.00000    350.00000    410.00000   1843.50000   4673.52753   4630.27791      0.00000  1.66459E+11  7.71701E+10      0.00934
     -0.38000
     45.50000   -110.50000    350.00000    410.00000   1682.50000   4673.52753   4695.51317      0.00099  1.70232E+11  7.98121E+10     -0.00000
     -0.38000
     44.00000   -109.50000    350.00000    410.00000   2150.00000   4684.83299   4536.46500      0.00000  1.61479E+11  7.35262E+10      0.03271
     -0.31000
     40.00000   -105.00000    350.00000    410.00000   2210.00000   4673.52753   4522.76220      0.00000  1.60830E+11  7.30149E+10      0.03333
     -0.38000
     38.50000   -105.00000    350.00000    410.00000   1799.19000   4618.61532   4647.13563      0.00148  1.67416E+11  7.78453E+10     -0.00000
     -0.72000
     46.00000   -110.50000    350.00000    410.00000   2004.10000   4675.14260   4576.15429      0.00000  1.63498E+11  7.50416E+10      0.02163
     -0.37000
     39.00000   -107.00000    350.00000    410.00000   1902.00000   4639.61117   4609.29665      0.00000  1.65289E+11  7.63376E+10      0.00658
     -0.59000
     44.50000   -109.00000    350.00000    410.00000   1868.00000   4663.83714   4621.31429      0.00000  1.65957E+11  7.68133E+10      0.00920
     -0.44000
     46.00000   -109.00000    350.00000    410.00000   1845.00000   4646.07143   4629.72180      0.00000  1.66428E+11  7.71479E+10      0.00353
     -0.55000
     38.00000   -107.00000    350.00000    410.00000   1676.50000   4637.99610   4698.15673      0.00407  1.70388E+11  7.99208E+10      0.00000
     -0.60000
     45.00000   -109.50000    350.00000    410.00000   2150.00000   4673.52753   4536.46500      0.00000  1.61479E+11  7.35262E+10      0.03021
     -0.38000
     44.50000   -109.50000    350.00000    410.00000   2210.00000   4654.14675   4522.76220      0.00000  1.60830E+11  7.30149E+10      0.02905
     -0.50000
     46.00000   -112.00000    350.00000    410.00000   1799.40000   4705.82883   4647.05378      0.00000  1.67412E+11  7.78420E+10      0.01265
     -0.18000
     43.50000   -110.00000    350.00000    410.00000   2002.90000   4667.06727   4576.51815      0.00000  1.63517E+11  7.50557E+10      0.01979
     -0.42000
     35.50000   -106.00000    350.00000    410.00000   1901.50000   4662.22208   4609.46983      0.00000  1.65299E+11  7.63444E+10      0.01144
     -0.45000
     45.00000   -110.00000    350.00000    410.00000   1867.60000   4665.45221   4621.45859      0.00000  1.65965E+11  7.68191E+10      0.00952
     -0.43000
     36.50000   -111.50000    350.00000    410.00000   1847.00000   4660.60701   4628.98181      0.00000  1.66386E+11  7.71184E+10      0.00683
     -0.46000
     42.00000   -119.50000    350.00000    410.00000   1688.50000   4658.99195   4692.88489      0.00187  1.70076E+11  7.97042E+10     -0.00000
     -0.47000
     36.00000   -104.00000    350.00000    410.00000   2150.00000   4683.21792   4536.46500      0.00000  1.61479E+11  7.35262E+10      0.03235
     -0.32000
     46.50000   -111.00000    350.00000    410.00000   2210.00000   4663.83714   4522.76220      0.00000  1.60830E+11  7.30149E+10      0.03119
     -0.44000
     41.00000   -120.00000    350.00000    410.00000   1799.63000   4650.91662   4646.96414      0.00000  1.67406E+11  7.78384E+10      0.00085
     -0.52000
     46.00000   -124.00000    350.00000    410.00000   1998.90000   4697.75351   4577.73543      0.00000  1.63581E+11  7.51029E+10      0.02622
     -0.23000
     42.00000   -120.00000    350.00000    410.00000   1899.40000   4670.29740   4610.19834      0.00000  1.65339E+11  7.63732E+10      0.01304
     -0.40000
     36.50000   -103.50000    350.00000    410.00000   1866.30000   4663.83714   4621.92804      0.00000  1.65991E+11  7.68377E+10      0.00907
     -0.44000
     42.00000   -119.00000    350.00000    410.00000   1844.00000   4671.91247   4630.09243      0.00000  1.66449E+11  7.71627E+10      0.00903
     -0.39000
     36.50000   -104.00000    350.00000    410.00000   1687.50000   4663.83714   4693.32187      0.00153  1.70102E+11  7.97221E+10     -0.00000
     -0.44000
     41.00000   -121.00000    350.00000    410.00000   2150.00000   4663.83714   4536.46500      0.00000  1.61479E+11  7.35262E+10      0.02808
     -0.44000
     44.50000   -110.00000    350.00000    410.00000   2210.00000   4644.45636   4522.76220      0.00000  1.60830E+11  7.30149E+10      0.02691
     -0.56000
     39.50000   -105.00000    350.00000    410.00000   1799.58000   4570.16337   4646.98363      0.00563  1.67408E+11  7.78392E+10     -0.00000
     -1.02000
     43.00000   -113.50000    350.00000    410.00000   1998.90000   4688.06312   4577.73543      0.00000  1.63581E+11  7.51029E+10      0.02410
     -0.29000
     45.50000   -109.50000    350.00000    410.00000   1899.40000   4655.76182   4610.19834      0.00000  1.65339E+11  7.63732E+10      0.00988
     -0.49000
     46.00000   -110.00000    350.00000    410.00000   1866.30000   4676.75766   4621.92804      0.00000  1.65991E+11  7.68377E+10      0.01186
     -0.36000
     43.50000   -113.50000    350.00000    410.00000   1846.00000   4684.83299   4629.35159      0.00000  1.66407E+11  7.71332E+10      0.01198
     -0.31000
     45.50000   -110.00000    350.00000    410.00000   1679.00000   4658.99195   4697.05339      0.00220  1.70323E+11  7.98754E+10     -0.00000
     -0.47000
     40.00000   -104.50000    350.00000    410.00000   2150.00000   4657.37688   4536.46500      0.00000  1.61479E+11  7.35262E+10      0.02665
     -0.48000
     45.50000   -108.50000    350.00000    410.00000   2210.00000   4675.14260   4522.76220      0.00000  1.60830E+11  7.30149E+10      0.03369
     -0.37000
     47.00000   -106.50000    350.00000    410.00000   1799.42000   4668.68234   4647.04598      0.00000  1.67411E+11  7.78417E+10      0.00466
     -0.41000
     42.00000   -121.00000    350.00000    410.00000   1998.90000   4692.90831   4577.73543      0.00000  1.63581E+11  7.51029E+10      0.02516
     -0.26000
     38.50000   -107.00000    350.00000    410.00000   1899.40000   4626.69065   4610.19834      0.00000  1.65339E+11  7.63732E+10      0.00358
     -0.67000
     43.00000   -122.50000    350.00000    410.00000   1866.30000   4637.99610   4621.92804      0.00000  1.65991E+11  7.68377E+10      0.00348
     -0.60000
     45.50000   -115.50000    350.00000    410.00000   1835.00000   4684.83299   4633.44720      0.00000  1.66638E+11  7.72966E+10      0.01109
     -0.31000
     41.50000   -119.00000    350.00000    410.00000   1690.50000   4678.37273   4692.01218      0.00047  1.70025E+11  7.96684E+10     -0.00000
     -0.35000
     44.50000   -108.50000    350.00000    410.00000   2150.00000   4675.14260   4536.46500      0.00000  1.61479E+11  7.35262E+10      0.03057
     -0.37000
     46.00000   -109.50000    350.00000    410.00000   2210.00000   4670.29740   4522.76220      0.00000  1.60830E+11  7.30149E+10      0.03262
     -0.40000
     43.00000   -111.50000    350.00000    410.00000   1799.71000   4684.83299   4646.93297      0.00000  1.67405E+11  7.78371E+10      0.00816
     -0.31000
     40.50000   -105.50000    350.00000    410.00000   1993.60000   4668.68234   4579.35876      0.00000  1.63667E+11  7.51658E+10      0.01951
     -0.41000
     35.50000   -111.00000    350.00000    410.00000   1896.80000   4691.29325   4611.10289      0.00000  1.65389E+11  7.64089E+10      0.01739
     -0.27000
     39.50000   -107.00000    350.00000    410.00000   1864.50000   4673.52753   4622.57922      0.00000  1.66027E+11  7.68636E+10      0.01102
     -0.38000
     42.00000   -122.00000    350.00000    410.00000   1847.00000   4670.29740   4628.98181      0.00000  1.66386E+11  7.71184E+10      0.00893
     -0.40000
     43.00000   -117.50000    350.00000    410.00000   1693.00000   4634.76597   4690.92369      0.00373  1.69961E+11  7.96237E+10      0.00000
     -0.62000
     43.00000   -118.00000    350.00000    410.00000   2150.00000   4662.22208   4536.46500      0.00000  1.61479E+11  7.35262E+10      0.02772
     -0.45000
     46.50000   -110.50000    350.00000    410.00000   2210.00000   4655.76182   4522.76220      0.00000  1.60830E+11  7.30149E+10      0.02941
     -0.49000
     46.00000   -123.50000    350.00000    410.00000   1799.68000   4679.98779   4646.94466      0.00000  1.67405E+11  7.78376E+10      0.00711
     -0.34000
     36.00000   -111.00000    350.00000    410.00000   1993.60000   4676.75766   4579.35876      0.00000  1.63667E+11  7.51658E+10      0.02127
     -0.36000
     41.50000   -105.00000    350.00000    410.00000   1896.80000   4607.30987   4611.10289      0.00007  1.65389E+11  7.64089E+10     -0.00000
     -0.79000
     36.00000   -112.50000    350.00000    410.00000   1864.50000   4686.44805   4622.57922      0.00000  1.66027E+11  7.68636E+10      0.01382
     -0.30000
     36.50000   -111.00000    350.00000    410.00000   1841.00000   4658.99195   4631.20687      0.00000  1.66512E+11  7.72072E+10      0.00600
     -0.47000
     40.50000   -105.00000    350.00000    410.00000   1676.50000   4668.68234   4698.15673      0.00152  1.70388E+11  7.99208E+10     -0.00000
     -0.41000
     41.50000   -123.50000    350.00000    410.00000   2150.00000   4518.48129   4536.46500      0.00077  1.61479E+11  7.35262E+10      0.00000
     -1.34000
     37.00000   -112.00000    350.00000    410.00000   2210.00000   4686.44805   4522.76220      0.00000  1.60830E+11  7.30149E+10      0.03619
     -0.30000
     35.50000   -112.50000    350.00000    410.00000   1798.98000   4678.37273   4647.21751      0.00000  1.67421E+11  7.78486E+10      0.00670
     -0.35000
     46.50000   -111.50000    350.00000    410.00000   1993.60000   4670.29740   4579.35876      0.00000  1.63667E+11  7.51658E+10      0.01986
     -0.40000
     37.50000   -105.00000    350.00000    410.00000   1896.80000   4663.83714   4611.10289      0.00000  1.65389E+11  7.64089E+10      0.01144
     -0.44000
     47.00000   -110.50000    350.00000    410.00000   1864.50000   4660.60701   4622.57922      0.00000  1.66027E+11  7.68636E+10      0.00823
     -0.46000
     41.50000   -119.50000    350.00000    410.00000   1839.50000   4658.99195   4631.76552      0.00000  1.66543E+11  7.72295E+10      0.00588
     -0.47000
     35.50000   -110.00000    350.00000    410.00000   1687.00000   4704.21377   4693.54053      0.00000  1.70115E+11  7.97311E+10      0.00227
     -0.19000
     47.00000   -112.00000    350.00000    410.00000   2150.00000   4683.21792   4536.46500      0.00000  1.61479E+11  7.35262E+10      0.03235
     -0.32000
     34.00000   -111.00000    350.00000    410.00000   2210.00000   4679.98779   4522.76220      0.00000  1.60830E+11  7.30149E+10      0.03476
     -0.34000
     44.00000   -109.00000    350.00000    410.00000   1799.76000   4675.14260   4646.91349      0.00000  1.67404E+11  7.78364E+10      0.00607
     -0.37000
     46.50000   -110.00000    350.00000    410.00000   1988.40000   4652.53169   4580.96305      0.00000  1.63753E+11  7.52281E+10      0.01562
     -0.51000
     36.00000   -104.50000    350.00000    410.00000   1894.20000   4681.60286   4612.01031      0.00000  1.65439E+11  7.64447E+10      0.01509
     -0.33000
     46.50000   -109.50000    350.00000    410.00000   1862.80000   4665.45221   4623.19549      0.00000  1.66062E+11  7.68881E+10      0.00914
     -0.43000
     46.50000   -117.00000    350.00000    410.00000   1847.50000   4629.92078   4628.79707      0.00000  1.66376E+11  7.71111E+10      0.00024
     -0.65000
     44.50000   -121.00000    350.00000    410.00000   1692.00000   4655.76182   4691.35877      0.00200  1.69986E+11  7.96416E+10     -0.00000
     -0.49000
     46.50000   -112.00000    350.00000    410.00000   2150.00000   4679.98779   4536.46500      0.00000  1.61479E+11  7.35262E+10      0.03164
     -0.34000
     40.50000   -104.50000    350.00000    410.00000   2210.00000   4649.30156   4522.76220      0.00000  1.60830E+11  7.30149E+10      0.02798
     -0.53000
     47.00000   -110.00000    350.00000    410.00000   1799.64000   4647.68649   4646.96025      0.00000  1.67406E+11  7.78382E+10      0.00016
     -0.54000
     46.50000   -109.00000    350.00000    410.00000   1988.40000   4641.22623   4580.96305      0.00000  1.63753E+11  7.52281E+10      0.01316
     -0.58000
     46.00000   -108.50000    350.00000    410.00000   1894.20000   4654.14675   4612.01031      0.00000  1.65439E+11  7.64447E+10      0.00914
     -0.50000
     46.00000   -117.00000    350.00000    410.00000   1862.80000   4596.00441   4623.19549      0.00139  1.66062E+11  7.68881E+10      0.00000
     -0.86000
     46.00000   -116.50000    350.00000    410.00000   1843.50000   4587.92909   4630.27791      0.00260  1.66459E+11  7.71701E+10      0.00000
     -0.91000
     40.50000   -120.00000    350.00000    410.00000   1691.00000   4667.06727   4691.79427      0.00118  1.70012E+11  7.96595E+10      0.00000
     -0.42000
     45.00000   -124.00000    350.00000    410.00000   2150.00000   4654.14675   4536.46500      0.00000  1.61479E+11  7.35262E+10      0.02594
     -0.50000
     43.00000   -110.00000    350.00000    410.00000   2210.00000   4647.68649   4522.76220      0.00000  1.60830E+11  7.30149E+10      0.02762
     -0.54000
     42.50000   -122.50000    350.00000    410.00000   1799.50000   4639.61117   4647.01480      0.00019  1.67409E+11  7.78404E+10     -0.00000
     -0.59000
     42.00000   -123.50000    350.00000    410.00000   1988.40000   4591.15922   4580.96305      0.00000  1.63753E+11  7.52281E+10      0.00223
     -0.89000
     37.00000   -111.50000    350.00000    410.00000   1894.20000   4641.22623   4612.01031      0.00000  1.65439E+11  7.64447E+10      0.00633
     -0.58000
     43.50000   -118.00000    350.00000    410.00000   1862.80000   4655.76182   4623.19549      0.00000  1.66062E+11  7.68881E+10      0.00704
     -0.49000
     43.50000   -109.50000    350.00000    410.00000   1846.00000   4657.37688   4629.35159      0.00000  1.66407E+11  7.71332E+10      0.00605
     -0.48000
     43.00000   -111.00000    350.00000    410.00000   1678.00000   4642.84130   4697.49441      0.00359  1.70349E+11  7.98936E+10      0.00000
     -0.57000
     41.00000   -119.50000    350.00000    410.00000   2150.00000   4660.60701   4536.46500      0.00000  1.61479E+11  7.35262E+10      0.02737
     -0.46000
     35.50000   -105.00000    350.00000    410.00000   2210.00000   4676.75766   4522.76220      0.00000  1.60830E+11  7.30149E+10      0.03405
     -0.36000
     44.50000   -112.50000    350.00000    410.00000   1799.32000   4688.06312   4647.08496      0.00000  1.67413E+11  7.78433E+10      0.00882
     -0.29000
     46.00000   -108.00000    350.00000    410.00000   1983.20000   4676.75766   4582.57879      0.00000  1.63839E+11  7.52909E+10      0.02055
     -0.36000
     47.00000   -111.00000    350.00000    410.00000   1891.60000   4679.98779   4612.92060      0.00000  1.65490E+11  7.64807E+10      0.01454
     -0.34000
     47.00000   -109.50000    350.00000    410.00000   1861.10000   4655.76182   4623.81299      0.00000  1.66096E+11  7.69126E+10      0.00691
     -0.49000
     41.00000   -105.00000    350.00000    410.00000   1849.00000   4626.69065   4628.24351      0.00002  1.66345E+11  7.70890E+10     -0.00000
     -0.67000
     43.50000   -105.00000    350.00000    410.00000   1677.50000   4600.84961   4697.71508      0.00736  1.70362E+11  7.99026E+10     -0.00000
     -0.83000
     45.50000   -108.00000    350.00000    410.00000   2150.00000   4689.67818   4536.46500      0.00000  1.61479E+11  7.35262E+10      0.03377
     -0.28000
     45.50000   -123.50000    350.00000    410.00000   2210.00000   4654.14675   4522.76220      0.00000  1.60830E+11  7.30149E+10      0.02905
     -0.50000
     35.00000   -111.00000    350.00000    410.00000   1799.24000   4694.52338   4647.11614      0.00000  1.67415E+11  7.78445E+10      0.01020
     -0.25000
     42.50000   -105.00000    350.00000    410.00000   1983.20000   4617.00026   4582.57879      0.00000  1.63839E+11  7.52909E+10      0.00751
     -0.73000
     46.00000   -123.00000    350.00000    410.00000   1891.60000   4654.14675   4612.92060      0.00000  1.65490E+11  7.64807E+10      0.00894
     -0.50000
     47.00000   -109.00000    350.00000    410.00000   1861.10000   4639.61117   4623.81299      0.00000  1.66096E+11  7.69126E+10      0.00342
     -0.59000
     36.00000   -103.50000    350.00000    410.00000   1835.00000   4681.60286   4633.44720      0.00000  1.66638E+11  7.72966E+10      0.01039
     -0.33000
     47.00000   -112.50000    350.00000    410.00000   1687.50000   4696.13844   4693.32187      0.00000  1.70102E+11  7.97221E+10      0.00060
     -0.24000
     34.00000   -110.50000    350.00000    410.00000   2150.00000   4670.29740   4536.46500      0.00000  1.61479E+11  7.35262E+10      0.02950
     -0.40000
     43.50000   -117.50000    350.00000    410.00000   2210.00000   4604.07974   4522.76220      0.00000  1.60830E+11  7.30149E+10      0.01798
     -0.81000
     45.00000   -123.50000    350.00000    410.00000   1799.62000   4637.99610   4646.96804      0.00025  1.67407E+11  7.78386E+10     -0.00000
     -0.60000
     47.00000   -111.50000    350.00000    410.00000   1978.00000   4675.14260   4584.20601      0.00000  1.63926E+11  7.53542E+10      0.01984
     -0.37000
     44.00000   -112.50000    350.00000    410.00000   1889.00000   4667.06727   4613.83375      0.00000  1.65540E+11  7.65168E+10      0.01154
     -0.42000
     46.00000   -121.00000    350.00000    410.00000   1859.30000   4641.22623   4624.46815      0.00000  1.66133E+11  7.69387E+10      0.00362
     -0.58000
     35.00000   -109.50000    350.00000    410.00000   1846.50000   4688.06312   4629.16665      0.00000  1.66397E+11  7.71258E+10      0.01272
     -0.29000
     47.00000   -107.00000    350.00000    410.00000   1682.50000   4683.21792   4695.51317      0.00040  1.70232E+11  7.98121E+10     -0.00000
     -0.32000
     41.00000   -123.50000    350.00000    410.00000   2150.00000   4570.16337   4536.46500      0.00000  1.61479E+11  7.35262E+10      0.00743
     -1.02000
     39.50000   -113.00000    350.00000    410.00000   2210.00000   4696.13844   4522.76220      0.00000  1.60830E+11  7.30149E+10      0.03833
     -0.24000
     47.50000   -108.00000    350.00000    410.00000   1799.49000   4676.75766   4647.01870      0.00000  1.67410E+11  7.78406E+10      0.00640
     -0.36000
     43.50000   -109.00000    350.00000    410.00000   1978.00000   4654.14675   4584.20601      0.00000  1.63926E+11  7.53542E+10      0.01526
     -0.50000
     46.00000   -122.00000    350.00000    410.00000   1889.00000   4625.07558   4613.83375      0.00000  1.65540E+11  7.65168E+10      0.00244
     -0.68000
     49.00000   -122.50000    350.00000    410.00000   1859.30000   4612.15506   4624.46815      0.00041  1.66133E+11  7.69387E+10      0.00000
     -0.76000
     35.00000   -112.50000    350.00000    410.00000   1845.00000   4673.52753   4629.72180      0.00000  1.66428E+11  7.71479E+10      0.00946
     -0.38000
     46.50000   -117.50000    350.00000    410.00000   1687.50000   4652.53169   4693.32187      0.00242  1.70102E+11  7.97221E+10      0.00000
     -0.51000
     45.00000   -112.50000    350.00000    410.00000   2150.00000   4652.53169   4536.46500      0.00000  1.61479E+11  7.35262E+10      0.02559
     -0.51000
     42.50000   -121.00000    350.00000    410.00000   2210.00000   4715.51922   4522.76220      0.00000  1.60830E+11  7.30149E+10      0.04262
     -0.12000
     46.50000   -108.00000    350.00000    410.00000   1799.49000   4675.14260   4647.01870      0.00000  1.67410E+11  7.78406E+10      0.00605
     -0.37000
     35.00000   -110.00000    350.00000    410.00000   1972.40000   4699.36857   4585.97121      0.00000  1.64020E+11  7.54229E+10      0.02473
     -0.22000
     47.00000   -108.00000    350.00000    410.00000   1886.20000   4667.06727   4614.82035      0.00000  1.65595E+11  7.65559E+10      0.01132
     -0.42000
     43.00000   -110.50000    350.00000    410.00000   1857.50000   4655.76182   4625.12467      0.00000  1.66170E+11  7.69648E+10      0.00662
     -0.49000
     46.00000   -122.50000    350.00000    410.00000   1842.50000   4610.54000   4630.64918      0.00088  1.66480E+11  7.71849E+10      0.00000
     -0.77000
     45.50000   -115.00000    350.00000    410.00000   1679.00000   4689.67818   4697.05339      0.00018  1.70323E+11  7.98754E+10      0.00000
     -0.28000
     47.50000   -109.50000    350.00000    410.00000   2150.00000   4665.45221   4536.46500      0.00000  1.61479E+11  7.35262E+10      0.02843
     -0.43000
     42.00000   -118.50000    350.00000    410.00000   2210.00000   4655.76182   4522.76220      0.00000  1.60830E+11  7.30149E+10      0.02941
     -0.49000
     43.00000   -112.00000    350.00000    410.00000   1799.88000   4675.14260   4646.86674      0.00000  1.67401E+11  7.78345E+10      0.00608
     -0.37000
     39.50000   -107.50000    350.00000    410.00000   1967.60000   4671.91247   4587.49483      0.00000  1.64102E+11  7.54823E+10      0.01840
     -0.39000
     46.50000   -121.00000    350.00000    410.00000   1883.80000   4665.45221   4615.66866      0.00000  1.65642E+11  7.65895E+10      0.01079
     -0.43000
     37.00000   -111.00000    350.00000    410.00000   1855.90000   4658.99195   4625.70941      0.00000  1.66203E+11  7.69881E+10      0.00720
     -0.47000
     48.50000   -109.50000    350.00000    410.00000   1846.50000   4654.14675   4629.16665      0.00000  1.66397E+11  7.71258E+10      0.00540
     -0.50000
     35.00000   -106.00000    350.00000    410.00000   1692.00000   4668.68234   4691.35877      0.00103  1.69986E+11  7.96416E+10      0.00000
     -0.41000
     46.00000   -121.50000    350.00000    410.00000   2150.00000   4612.15506   4536.46500      0.00000  1.61479E+11  7.35262E+10      0.01668
     -0.76000
     49.00000   -122.00000    350.00000    410.00000   2210.00000   4599.23454   4522.76220      0.00000  1.60830E+11  7.30149E+10      0.01691
     -0.84000
     42.00000   -105.00000    350.00000    410.00000   1799.63000   4600.84961   4646.96414      0.00291  1.67406E+11  7.78384E+10      0.00000
     -0.83000
     47.00000   -107.50000    350.00000    410.00000   1967.60000   4673.52753   4587.49483      0.00000  1.64102E+11  7.54823E+10      0.01875
     -0.38000
     44.00000   -108.50000    350.00000    410.00000   1883.80000   4665.45221   4615.66866      0.00000  1.65642E+11  7.65895E+10      0.01079
     -0.43000
     46.00000   -120.00000    350.00000    410.00000   1855.90000   4620.23039   4625.70941      0.00012  1.66203E+11  7.69881E+10      0.00000
     -0.71000
     47.50000   -109.00000    350.00000    410.00000   1835.00000   4655.76182   4633.44720      0.00000  1.66638E+11  7.72966E+10      0.00482
     -0.49000
     43.00000   -117.00000    350.00000    410.00000   1690.00000   4618.61532   4692.23020      0.00528  1.70038E+11  7.96773E+10     -0.00000
     -0.72000
     45.00000   -123.00000    350.00000    410.00000   2150.00000   4639.61117   4536.46500      0.00000  1.61479E+11  7.35262E+10      0.02274
     -0.59000
     46.00000   -115.50000    350.00000    410.00000   2210.00000   4691.29325   4522.76220      0.00000  1.60830E+11  7.30149E+10      0.03726
     -0.27000
     46.50000   -120.00000    350.00000    410.00000   1799.78000   4646.07143   4646.90570      0.00001  1.67403E+11  7.78360E+10     -0.00000
     -0.55000
     46.50000   -108.50000    350.00000    410.00000   1962.40000   4673.52753   4589.15644      0.00000  1.64191E+11  7.55471E+10      0.01838
     -0.38000
     34.50000   -110.50000    350.00000    410.00000   1881.20000   4673.52753   4616.59041      0.00000  1.65693E+11  7.66260E+10      0.01233
     -0.38000
     45.00000   -115.00000    350.00000    410.00000   1854.10000   4668.68234   4626.36853      0.00000  1.66240E+11  7.70143E+10      0.00915
     -0.41000
     46.00000   -117.50000    350.00000    410.00000   1847.00000   4620.23039   4628.98181      0.00024  1.66386E+11  7.71184E+10     -0.00000
     -0.71000
     45.00000   -121.00000    350.00000    410.00000   1692.00000   4612.15506   4691.35877      0.00578  1.69986E+11  7.96416E+10     -0.00000
     -0.76000
     46.00000   -119.50000    350.00000    410.00000   2150.00000   4671.91247   4536.46500      0.00000  1.61479E+11  7.35262E+10      0.02986
     -0.39000
     34.00000   -109.50000    350.00000    410.00000   2210.00000   4673.52753   4522.76220      0.00000  1.60830E+11  7.30149E+10      0.03333
     -0.38000
     48.50000   -122.00000    350.00000    410.00000   1799.58000   4655.76182   4646.98363      0.00000  1.67408E+11  7.78392E+10      0.00189
     -0.49000
     43.50000   -108.50000    350.00000    410.00000   1962.40000   4654.14675   4589.15644      0.00000  1.64191E+11  7.55471E+10      0.01416
     -0.50000
     47.50000   -108.50000    350.00000    410.00000   1881.20000   4642.84130   4616.59041      0.00000  1.65693E+11  7.66260E+10      0.00569
     -0.57000
     40.50000   -113.50000    350.00000    410.00000   1854.10000   4707.44390   4626.36853      0.00000  1.66240E+11  7.70143E+10      0.01752
     -0.17000
     34.50000   -113.00000    350.00000    410.00000   1843.00000   4686.44805   4630.46349      0.00000  1.66470E+11  7.71775E+10      0.01209
     -0.30000
     48.00000   -122.00000    350.00000    410.00000   1689.50000   4662.22208   4692.44832      0.00158  1.70051E+11  7.96863E+10     -0.00000
     -0.45000
     41.50000   -105.50000    350.00000    410.00000   2150.00000   4657.37688   4536.46500      0.00000  1.61479E+11  7.35262E+10      0.02665
     -0.48000
     39.00000   -107.50000    350.00000    410.00000   2210.00000   4626.69065   4522.76220      0.00000  1.60830E+11  7.30149E+10      0.02298
     -0.67000
     45.00000   -122.50000    350.00000    410.00000   1799.51000   4586.31402   4647.01091      0.00418  1.67409E+11  7.78403E+10      0.00000
     -0.92000
     43.00000   -109.50000    350.00000    410.00000   1962.40000   4662.22208   4589.15644      0.00000  1.64191E+11  7.55471E+10      0.01592
     -0.45000
     46.50000   -116.50000    350.00000    410.00000   1881.20000   4613.77013   4616.59041      0.00004  1.65693E+11  7.66260E+10      0.00000
     -0.75000
     46.00000   -120.50000    350.00000    410.00000   1854.10000   4649.30156   4626.36853      0.00000  1.66240E+11  7.70143E+10      0.00496
     -0.53000
     46.00000   -107.00000    350.00000    410.00000   1846.00000   4649.30156   4629.35159      0.00000  1.66407E+11  7.71332E+10      0.00431
     -0.53000
     47.00000   -113.00000    350.00000    410.00000   1677.50000   4699.36857   4697.71508      0.00000  1.70362E+11  7.99026E+10      0.00035
     -0.22000
     47.00000   -108.50000    350.00000    410.00000   2150.00000   4658.99195   4536.46500      0.00000  1.61479E+11  7.35262E+10      0.02701
     -0.47000
     48.00000   -107.00000    350.00000    410.00000   2210.00000   4649.30156   4522.76220      0.00000  1.60830E+11  7.30149E+10      0.02798
     -0.53000
     41.50000   -106.00000    350.00000    410.00000   1799.23000   4642.84130   4647.12004      0.00008  1.67415E+11  7.78447E+10     -0.00000
     -0.57000
     47.50000   -110.50000    350.00000    410.00000   1957.20000   4662.22208   4590.82951      0.00000  1.64281E+11  7.56124E+10      0.01555
     -0.45000
     47.00000   -117.00000    350.00000    410.00000   1878.60000   4642.84130   4617.51503      0.00000  1.65745E+11  7.66626E+10      0.00548
     -0.57000
     41.00000   -105.50000    350.00000    410.00000   1852.40000   4631.53584   4626.99230      0.00000  1.66275E+11  7.70391E+10      0.00098
     -0.64000
     39.50000   -113.50000    350.00000    410.00000   1845.50000   4673.52753   4629.53664      0.00000  1.66418E+11  7.71405E+10      0.00950
     -0.38000
     46.50000   -115.50000    350.00000    410.00000   1685.00000   4673.52753   4694.41620      0.00091  1.70167E+11  7.97671E+10     -0.00000
     -0.38000
     47.50000   -110.00000    350.00000    410.00000   2150.00000   4646.07143   4536.46500      0.00000  1.61479E+11  7.35262E+10      0.02416
     -0.55000
     34.00000   -112.50000    350.00000    410.00000   2210.00000   4675.14260   4522.76220      0.00000  1.60830E+11  7.30149E+10      0.03369
     -0.37000
     40.00000   -119.50000    350.00000    410.00000   1799.72000   4673.52753   4646.92908      0.00000  1.67404E+11  7.78370E+10      0.00572
     -0.38000
     43.00000   -109.00000    350.00000    410.00000   1952.00000   4658.99195   4592.51405      0.00000  1.64372E+11  7.56783E+10      0.01448
     -0.47000
     46.00000   -116.00000    350.00000    410.00000   1876.00000   4641.22623   4618.44251      0.00000  1.65796E+11  7.66994E+10      0.00493
     -0.58000
     46.50000   -107.50000    350.00000    410.00000   1850.70000   4691.29325   4627.61729      0.00000  1.66310E+11  7.70640E+10      0.01376
     -0.27000
     46.00000   -115.00000    350.00000    410.00000   1847.50000   4699.36857   4628.79707      0.00000  1.66376E+11  7.71111E+10      0.01525
     -0.22000
     39.50000   -112.50000    350.00000    410.00000   1690.50000   4673.52753   4692.01218      0.00076  1.70025E+11  7.96684E+10      0.00000
     -0.38000
     43.00000   -108.50000    350.00000    410.00000   2150.00000   4692.90831   4536.46500      0.00000  1.61479E+11  7.35262E+10      0.03449
     -0.26000
     46.50000   -120.50000    350.00000    410.00000   2210.00000   4641.22623   4522.76220      0.00000  1.60830E+11  7.30149E+10      0.02619
     -0.58000
     49.00000   -121.50000    350.00000    410.00000   1799.57000   4610.54000   4646.98752      0.00210  1.67408E+11  7.78393E+10     -0.00000
     -0.77000
     34.00000   -114.00000    350.00000    410.00000   1952.00000   4665.45221   4592.51405      0.00000  1.64372E+11  7.56783E+10      0.01588
     -0.43000
     44.50000   -114.50000    350.00000    410.00000   1876.00000   4652.53169   4618.44251      0.00000  1.65796E+11  7.66994E+10      0.00738
     -0.51000
     44.50000   -122.50000    350.00000    410.00000   1850.70000   4549.16753   4627.61729      0.00581  1.66310E+11  7.70640E+10     -0.00000
     -1.15000
     43.00000   -114.00000    350.00000    410.00000   1842.00000   4681.60286   4630.83497      0.00000  1.66491E+11  7.71923E+10      0.01096
     -0.33000
     34.00000   -113.00000    350.00000    410.00000   1681.50000   4671.91247   4695.95271      0.00113  1.70258E+11  7.98302E+10      0.00000
     -0.39000
     42.50000   -122.00000    350.00000    410.00000   2150.00000   4647.68649   4536.46500      0.00000  1.61479E+11  7.35262E+10      0.02452
     -0.54000
     34.50000   -107.00000    350.00000    410.00000   2210.00000   4623.46052   4522.76220      0.00000  1.60830E+11  7.30149E+10      0.02226
     -0.69000
     45.50000   -121.00000    350.00000    410.00000   1799.51000   4571.77844   4647.01091      0.00549  1.67409E+11  7.78403E+10     -0.00000
     -1.01000
     45.00000   -122.00000    350.00000    410.00000   1952.00000   4573.39350   4592.51405      0.00083  1.64372E+11  7.56783E+10      0.00000
     -1.00000
     44.50000   -108.00000    350.00000    410.00000   1876.00000   4725.20961   4618.44251      0.00000  1.65796E+11  7.66994E+10      0.02312
     -0.06000
     48.50000   -119.50000    350.00000    410.00000   1850.70000   4691.29325   4627.61729      0.00000  1.66310E+11  7.70640E+10      0.01376
     -0.27000
     48.00000   -107.50000    350.00000    410.00000   1843.00000   4688.06312   4630.46349      0.00000  1.66470E+11  7.71775E+10      0.01244
     -0.29000
     44.50000   -123.00000    350.00000    410.00000   1688.00000   4576.62363   4693.10333      0.00914  1.70089E+11  7.97132E+10      0.00000
     -0.98000
     39.50000   -114.00000    350.00000    410.00000   2150.00000   4679.98779   4536.46500      0.00000  1.61479E+11  7.35262E+10      0.03164
     -0.34000
     47.00000   -118.50000    350.00000    410.00000   2210.00000   4676.75766   4522.76220      0.00000  1.60830E+11  7.30149E+10      0.03405
     -0.36000
     44.00000   -118.50000    350.00000    410.00000   1799.63000   4667.06727   4646.96414      0.00000  1.67406E+11  7.78384E+10      0.00433
     -0.42000
     39.00000   -121.50000    350.00000    410.00000   1949.30000   4641.22623   4593.39323      0.00000  1.64420E+11  7.57126E+10      0.01041
     -0.58000
     42.50000   -119.00000    350.00000    410.00000   1874.60000   4657.37688   4618.94311      0.00000  1.65824E+11  7.67192E+10      0.00832
     -0.48000
     34.50000   -109.50000    350.00000    410.00000   1849.80000   4668.68234   4627.94867      0.00000  1.66328E+11  7.70772E+10      0.00880
     -0.41000
     39.50000   -112.00000    350.00000    410.00000   1839.50000   4667.06727   4631.76552      0.00000  1.66543E+11  7.72295E+10      0.00762
     -0.42000
     40.50000   -119.50000    350.00000    410.00000   1692.50000   4665.45221   4691.14117      0.00125  1.69974E+11  7.96327E+10      0.00000
     -0.43000
     45.50000   -122.00000    350.00000    410.00000   2150.00000   4575.00857   4536.46500      0.00000  1.61479E+11  7.35262E+10      0.00850
     -0.99000
     39.00000   -110.50000    350.00000    410.00000   2210.00000   4670.29740   4522.76220      0.00000  1.60830E+11  7.30149E+10      0.03262
     -0.40000
     42.50000   -118.00000    350.00000    410.00000   1799.61000   4668.68234   4646.97194      0.00000  1.67407E+11  7.78387E+10      0.00467
     -0.41000
     46.00000   -118.50000    350.00000    410.00000   1946.80000   4660.60701   4594.21005      0.00000  1.64464E+11  7.57446E+10      0.01445
     -0.46000
     41.00000   -106.00000    350.00000    410.00000   1873.40000   4646.07143   4619.37286      0.00000  1.65848E+11  7.67363E+10      0.00578
     -0.55000
     38.00000   -107.50000    350.00000    410.00000   1848.90000   4639.61117   4628.28039      0.00000  1.66347E+11  7.70905E+10      0.00245
     -0.59000
     45.00000   -120.00000    350.00000    410.00000   1846.50000   4683.21792   4629.16665      0.00000  1.66397E+11  7.71258E+10      0.01168
     -0.32000
     45.00000   -119.50000    350.00000    410.00000   1679.00000   4679.98779   4697.05339      0.00067  1.70323E+11  7.98754E+10      0.00000
     -0.34000
     40.00000   -119.00000    350.00000    410.00000   2150.00000   4668.68234   4536.46500      0.00000  1.61479E+11  7.35262E+10      0.02915
     -0.41000
     45.50000   -123.00000    350.00000    410.00000   2210.00000   4642.84130   4522.76220      0.00000  1.60830E+11  7.30149E+10      0.02655
     -0.57000
     40.00000   -114.00000    350.00000    410.00000   1799.57000   4704.21377   4646.98752      0.00000  1.67408E+11  7.78393E+10      0.01231
     -0.19000
     48.00000   -109.50000    350.00000    410.00000   1946.80000   4671.91247   4594.21005      0.00000  1.64464E+11  7.57446E+10      0.01691
     -0.39000
     47.00000   -120.50000    350.00000    410.00000   1873.40000   4658.99195   4619.37286      0.00000  1.65848E+11  7.67363E+10      0.00858
     -0.47000
     35.00000   -107.00000    350.00000    410.00000   1848.90000   4636.38104   4628.28039      0.00000  1.66347E+11  7.70905E+10      0.00175
     -0.61000
     41.50000   -115.00000    350.00000    410.00000   1837.00000   4694.52338   4632.69873      0.00000  1.66596E+11  7.72667E+10      0.01335
     -0.25000
     42.50000   -109.00000    350.00000    410.00000   1689.00000   4678.37273   4692.66655      0.00051  1.70064E+11  7.96952E+10     -0.00000
     -0.35000
     44.00000   -106.50000    350.00000    410.00000   2150.00000   4662.22208   4536.46500      0.00000  1.61479E+11  7.35262E+10      0.02772
     -0.45000
     42.50000   -117.00000    350.00000    410.00000   2210.00000   4650.91662   4522.76220      0.00000  1.60830E+11  7.30149E+10      0.02834
     -0.52000
     46.50000   -121.50000    350.00000    410.00000   1799.53000   4629.92078   4647.00311      0.00068  1.67409E+11  7.78400E+10      0.00000
     -0.65000
     47.50000   -119.00000    350.00000    410.00000   1941.60000   4705.82883   4595.91752      0.00000  1.64557E+11  7.58115E+10      0.02391
     -0.18000
     34.50000   -110.00000    350.00000    410.00000   1870.80000   4678.37273   4620.30608      0.00000  1.65900E+11  7.67733E+10      0.01257
     -0.35000
     45.00000   -114.50000    350.00000    410.00000   1847.20000   4676.75766   4628.90790      0.00000  1.66382E+11  7.71155E+10      0.01034
     -0.36000
     40.00000   -112.00000    350.00000    410.00000   1848.50000   4663.83714   4628.42793      0.00000  1.66355E+11  7.70963E+10      0.00765
     -0.44000
     43.00000   -121.00000    350.00000    410.00000   1690.50000   4713.90416   4692.01218      0.00000  1.70025E+11  7.96684E+10      0.00467
     -0.13000
     43.50000   -114.00000    350.00000    410.00000   2150.00000   4678.37273   4536.46500      0.00000  1.61479E+11  7.35262E+10      0.03128
     -0.35000
     48.00000   -108.00000    350.00000    410.00000   2210.00000   4678.37273   4522.76220      0.00000  1.60830E+11  7.30149E+10      0.03441
     -0.35000
     47.00000   -118.00000    350.00000    410.00000   1799.50000   4676.75766   4647.01480      0.00000  1.67409E+11  7.78404E+10      0.00640
     -0.36000
     48.00000   -120.00000    350.00000    410.00000   1941.60000   4675.14260   4595.91752      0.00000  1.64557E+11  7.58115E+10      0.01724
     -0.37000
     34.00000   -113.50000    350.00000    410.00000   1870.80000   4670.29740   4620.30608      0.00000  1.65900E+11  7.67733E+10      0.01082
     -0.40000
     45.00000   -120.50000    350.00000    410.00000   1847.20000   4649.30156   4628.90790      0.00000  1.66382E+11  7.71155E+10      0.00441
     -0.53000
     39.00000   -113.50000    350.00000    410.00000   1835.00000   4668.68234   4633.44720      0.00000  1.66638E+11  7.72966E+10      0.00760
     -0.41000
     48.00000   -121.50000    350.00000    410.00000   1694.00000   4660.60701   4690.48903      0.00156  1.69935E+11  7.96059E+10     -0.00000
     -0.46000
     47.00000   -120.00000    350.00000    410.00000   2150.00000   4646.07143   4536.46500      0.00000  1.61479E+11  7.35262E+10      0.02416
     -0.55000
     40.50000   -114.00000    350.00000    410.00000   2210.00000   4710.67403   4522.76220      0.00000  1.60830E+11  7.30149E+10      0.04155
     -0.15000
     35.50000   -103.00000    350.00000    410.00000   1799.59000   4681.60286   4646.97973      0.00000  1.67407E+11  7.78390E+10      0.00745
     -0.33000
     46.50000   -119.50000    350.00000    410.00000   1936.40000   4681.60286   4597.63645      0.00000  1.64650E+11  7.58789E+10      0.01826
     -0.33000
     39.00000   -110.00000    350.00000    410.00000   1868.20000   4673.52753   4621.24216      0.00000  1.65953E+11  7.68105E+10      0.01131
     -0.38000
     35.00000   -106.50000    350.00000    410.00000   1845.50000   4641.22623   4629.53664      0.00000  1.66418E+11  7.71405E+10      0.00253
     -0.58000
     35.00000   -104.50000    350.00000    410.00000   1846.00000   4670.29740   4629.35159      0.00000  1.66407E+11  7.71332E+10      0.00884
     -0.40000
     42.50000   -118.50000    350.00000    410.00000   1678.50000   4650.91662   4697.27385      0.00288  1.70336E+11  7.98845E+10      0.00000
     -0.52000
     46.50000   -116.00000    350.00000    410.00000   2150.00000   4641.22623   4536.46500      0.00000  1.61479E+11  7.35262E+10      0.02309
     -0.58000
     42.50000   -119.50000    350.00000    410.00000   2210.00000   4654.14675   4522.76220      0.00000  1.60830E+11  7.30149E+10      0.02905
     -0.50000
     38.50000   -107.50000    350.00000    410.00000   1799.24000   4629.92078   4647.11614      0.00069  1.67415E+11  7.78445E+10      0.00000
     -0.65000
     48.00000   -119.50000    350.00000    410.00000   1936.40000   4686.44805   4597.63645      0.00000  1.64650E+11  7.58789E+10      0.01932
     -0.30000
     43.50000   -118.50000    350.00000    410.00000   1868.20000   4673.52753   4621.24216      0.00000  1.65953E+11  7.68105E+10      0.01131
     -0.38000
     47.50000   -119.50000    350.00000    410.00000   1845.50000   4681.60286   4629.53664      0.00000  1.66418E+11  7.71405E+10      0.01125
     -0.33000
     41.00000   -114.00000    350.00000    410.00000   1849.00000   4713.90416   4628.24351      0.00000  1.66345E+11  7.70890E+10      0.01851
     -0.13000
     38.00000   -109.00000    350.00000    410.00000   1678.00000   4639.61117   4697.49441      0.00388  1.70349E+11  7.98936E+10      0.00000
     -0.59000
     47.50000   -111.00000    350.00000    410.00000   2150.00000   4670.29740   4536.46500      0.00000  1.61479E+11  7.35262E+10      0.02950
     -0.40000
     46.50000   -122.00000    350.00000    410.00000   2210.00000   4642.84130   4522.76220      0.00000  1.60830E+11  7.30149E+10      0.02655
     -0.57000
     49.00000   -121.00000    350.00000    410.00000   1799.16000   4620.23039   4647.14733      0.00136  1.67417E+11  7.78458E+10      0.00000
     -0.71000
     45.50000   -114.50000    350.00000    410.00000   1936.40000   4694.52338   4597.63645      0.00000  1.64650E+11  7.58789E+10      0.02107
     -0.25000
     46.50000   -107.00000    350.00000    410.00000   1868.20000   4692.90831   4621.24216      0.00000  1.65953E+11  7.68105E+10      0.01551
     -0.26000
     35.00000   -105.00000    350.00000    410.00000   1845.50000   4637.99610   4629.53664      0.00000  1.66418E+11  7.71405E+10      0.00183
     -0.60000
     45.50000   -122.50000    350.00000    410.00000   1842.00000   4615.38519   4630.83497      0.00059  1.66491E+11  7.71923E+10      0.00000
     -0.74000
     43.00000   -119.50000    350.00000    410.00000   1695.00000   4691.29325   4690.05480      0.00000  1.69909E+11  7.95881E+10      0.00026
     -0.27000
     44.00000   -113.00000    350.00000    410.00000   2150.00000   4671.91247   4536.46500      0.00000  1.61479E+11  7.35262E+10      0.02986
     -0.39000
     43.50000   -117.00000    350.00000    410.00000   2210.00000   4573.39350   4522.76220      0.00000  1.60830E+11  7.30149E+10      0.01119
     -1.00000
     47.50000   -121.00000    350.00000    410.00000   1799.17000   4644.45636   4647.14343      0.00004  1.67417E+11  7.78456E+10      0.00000
     -0.56000
     38.00000   -109.50000    350.00000    410.00000   1932.50000   4637.99610   4598.93318      0.00000  1.64721E+11  7.59297E+10      0.00849
     -0.60000
     43.50000   -106.00000    350.00000    410.00000   1866.30000   4642.84130   4621.92804      0.00000  1.65991E+11  7.68377E+10      0.00452
     -0.57000
     46.50000   -115.00000    350.00000    410.00000   1844.20000   4688.06312   4630.01827      0.00000  1.66445E+11  7.71597E+10      0.01254
     -0.29000
     37.50000   -112.00000    350.00000    410.00000   1847.00000   4681.60286   4628.98181      0.00000  1.66386E+11  7.71184E+10      0.01137
     -0.33000
     46.50000   -114.50000    350.00000    410.00000   1692.50000   4700.98364   4691.14117      0.00000  1.69974E+11  7.96327E+10      0.00210
     -0.21000
     46.50000   -122.50000    350.00000    410.00000   2150.00000   4654.14675   4536.46500      0.00000  1.61479E+11  7.35262E+10      0.02594
     -0.50000
     43.00000   -122.00000    350.00000    410.00000   2210.00000   4626.69065   4522.76220      0.00000  1.60830E+11  7.30149E+10      0.02298
     -0.67000
     44.00000   -122.50000    350.00000    410.00000   1799.62000   4613.77013   4646.96804      0.00184  1.67407E+11  7.78386E+10     -0.00000
     -0.75000
     43.00000   -116.50000    350.00000    410.00000   1931.20000   4592.77428   4599.36685      0.00016  1.64745E+11  7.59467E+10      0.00000
     -0.88000
     47.50000   -120.00000    350.00000    410.00000   1865.60000   4675.14260   4622.18111      0.00000  1.66005E+11  7.68478E+10      0.01146
     -0.37000
     42.50000   -109.50000    350.00000    410.00000   1843.70000   4667.06727   4630.20370      0.00000  1.66455E+11  7.71671E+10      0.00796
     -0.42000
     46.00000   -118.00000    350.00000    410.00000   1844.00000   4637.99610   4630.09243      0.00000  1.66449E+11  7.71627E+10      0.00171
     -0.60000
     48.00000   -109.00000    350.00000    410.00000   1691.50000   4683.21792   4691.57647      0.00022  1.69999E+11  7.96505E+10      0.00000
     -0.32000
     39.00000   -113.00000    350.00000    410.00000   2150.00000   4692.90831   4536.46500      0.00000  1.61479E+11  7.35262E+10      0.03449
     -0.26000
     41.50000   -114.00000    350.00000    410.00000   2210.00000   4700.98364   4522.76220      0.00000  1.60830E+11  7.30149E+10      0.03941
     -0.21000
     40.50000   -106.50000    350.00000    410.00000   1799.57000   4649.30156   4646.98752      0.00000  1.67408E+11  7.78393E+10      0.00050
     -0.53000
     40.50000   -107.00000    350.00000    410.00000   1931.20000   4668.68234   4599.36685      0.00000  1.64745E+11  7.59467E+10      0.01507
     -0.41000
     44.50000   -115.00000    350.00000    410.00000   1865.60000   4662.22208   4622.18111      0.00000  1.66005E+11  7.68478E+10      0.00866
     -0.45000
     41.00000   -114.50000    350.00000    410.00000   1843.70000   4720.36442   4630.20370      0.00000  1.66455E+11  7.71671E+10      0.01947
     -0.09000
     35.50000   -108.00000    350.00000    410.00000   1846.00000   4675.14260   4629.35159      0.00000  1.66407E+11  7.71332E+10      0.00989
     -0.37000
     46.50000   -118.50000    350.00000    410.00000   1680.00000   4671.91247   4696.61280      0.00117  1.70297E+11  7.98573E+10      0.00000
     -0.39000
     34.50000   -104.50000    350.00000    410.00000   2150.00000   4646.07143   4536.46500      0.00000  1.61479E+11  7.35262E+10      0.02416
     -0.55000
     48.00000   -121.00000    350.00000    410.00000   2210.00000   4670.29740   4522.76220      0.00000  1.60830E+11  7.30149E+10      0.03262
     -0.40000
     40.50000   -114.50000    350.00000    410.00000   1799.29000   4710.67403   4647.09665      0.00000  1.67414E+11  7.78437E+10      0.01368
     -0.15000
     45.00000   -115.50000    350.00000    410.00000   1931.20000   4675.14260   4599.36685      0.00000  1.64745E+11  7.59467E+10      0.01648
     -0.37000
     46.50000   -118.00000    350.00000    410.00000   1865.60000   4673.52753   4622.18111      0.00000  1.66005E+11  7.68478E+10      0.01111
     -0.38000
     44.50000   -121.50000    350.00000    410.00000   1843.70000   4600.84961   4630.20370      0.00155  1.66455E+11  7.71671E+10     -0.00000
     -0.83000
     42.50000   -113.50000    350.00000    410.00000   1847.50000   4692.90831   4628.79707      0.00000  1.66376E+11  7.71111E+10      0.01385
     -0.26000
     44.50000   -114.00000    350.00000    410.00000   1691.00000   4676.75766   4691.79427      0.00055  1.70012E+11  7.96595E+10      0.00000
     -0.36000
     48.00000   -110.00000    350.00000    410.00000   2150.00000   4644.45636   4536.46500      0.00000  1.61479E+11  7.35262E+10      0.02381
     -0.56000
     49.00000   -111.50000    350.00000    410.00000   2210.00000   4652.53169   4522.76220      0.00000  1.60830E+11  7.30149E+10      0.02869
     -0.51000
     45.00000   -121.50000    350.00000    410.00000   1799.51000   4573.39350   4647.01091      0.00534  1.67409E+11  7.78403E+10     -0.00000
     -1.00000
     35.00000   -103.50000    350.00000    410.00000   1926.00000   4696.13844   4601.10871      0.00000  1.64840E+11  7.60151E+10      0.02065
     -0.24000
     47.50000   -111.50000    350.00000    410.00000   1863.00000   4681.60286   4623.12293      0.00000  1.66058E+11  7.68852E+10      0.01265
     -0.33000
     48.00000   -108.50000    350.00000    410.00000   1842.00000   4658.99195   4630.83497      0.00000  1.66491E+11  7.71923E+10      0.00608
     -0.47000
     38.00000   -108.00000    350.00000    410.00000   1843.00000   4621.84545   4630.46349      0.00024  1.66470E+11  7.71775E+10      0.00000
     -0.70000
     45.50000   -121.50000    350.00000    410.00000   1683.00000   4547.55246   4695.29357      0.01195  1.70219E+11  7.98031E+10      0.00000
     -1.16000
     45.50000   -120.00000    350.00000    410.00000   2150.00000   4631.53584   4536.46500      0.00000  1.61479E+11  7.35262E+10      0.02096
     -0.64000
     42.00000   -106.00000    350.00000    410.00000   2210.00000   4670.29740   4522.76220      0.00000  1.60830E+11  7.30149E+10      0.03262
     -0.40000
     34.00000   -104.50000    350.00000    410.00000   1799.28000   4670.29740   4647.10055      0.00000  1.67414E+11  7.78439E+10      0.00499
     -0.40000
     48.50000   -121.50000    350.00000    410.00000   1926.00000   4655.76182   4601.10871      0.00000  1.64840E+11  7.60151E+10      0.01188
     -0.49000
     39.00000   -109.00000    350.00000    410.00000   1863.00000   4654.14675   4623.12293      0.00000  1.66058E+11  7.68852E+10      0.00671
     -0.50000
     39.00000   -108.50000    350.00000    410.00000   1842.00000   4608.92493   4630.83497      0.00100  1.66491E+11  7.71923E+10      0.00000
     -0.78000
     45.50000   -120.50000    350.00000    410.00000   1845.00000   4615.38519   4629.72180      0.00052  1.66428E+11  7.71479E+10      0.00000
     -0.74000
     47.50000   -114.00000    350.00000    410.00000   1677.00000   4692.90831   4697.93585      0.00010  1.70375E+11  7.99117E+10     -0.00000
     -0.26000
     47.50000   -113.00000    350.00000    410.00000   2150.00000   4678.37273   4536.46500      0.00000  1.61479E+11  7.35262E+10      0.03128
     -0.35000
     34.00000   -102.50000    350.00000    410.00000   2210.00000   4658.99195   4522.76220      0.00000  1.60830E+11  7.30149E+10      0.03012
     -0.47000
     34.00000   -105.00000    350.00000    410.00000   1799.41000   4671.91247   4647.04988      0.00000  1.67411E+11  7.78418E+10      0.00535
     -0.39000
     47.00000   -119.00000    350.00000    410.00000   1924.40000   4676.75766   4601.64698      0.00000  1.64869E+11  7.60363E+10      0.01632
     -0.36000
     47.50000   -113.50000    350.00000    410.00000   1862.20000   4679.98779   4623.41329      0.00000  1.66074E+11  7.68967E+10      0.01224
     -0.34000
     48.50000   -110.00000    350.00000    410.00000   1841.50000   4652.53169   4631.02087      0.00000  1.66501E+11  7.71997E+10      0.00464
     -0.51000
     34.50000   -105.00000    350.00000    410.00000   1846.00000   4633.15091   4629.35159      0.00000  1.66407E+11  7.71332E+10      0.00082
     -0.63000
     48.00000   -120.50000    350.00000    410.00000   1684.50000   4675.14260   4694.63538      0.00082  1.70180E+11  7.97761E+10      0.00000
     -0.37000
     43.00000   -120.50000    350.00000    410.00000   2150.00000   4700.98364   4536.46500      0.00000  1.61479E+11  7.35262E+10      0.03627
     -0.21000
     47.50000   -112.50000    350.00000    410.00000   2210.00000   4678.37273   4522.76220      0.00000  1.60830E+11  7.30149E+10      0.03441
     -0.35000
     45.00000   -113.00000    350.00000    410.00000   1799.73000   4647.68649   4646.92518      0.00000  1.67404E+11  7.78368E+10      0.00016
     -0.54000
     44.00000   -121.50000    350.00000    410.00000   1920.80000   4671.91247   4602.86204      0.00000  1.64936E+11  7.60841E+10      0.01500
     -0.39000
     40.00000   -114.50000    350.00000    410.00000   1860.40000   4700.98364   4624.06761      0.00000  1.66111E+11  7.69228E+10      0.01663
     -0.21000
     34.00000   -103.00000    350.00000    410.00000   1840.30000   4621.84545   4631.46746      0.00028  1.66527E+11  7.72176E+10      0.00000
     -0.70000
     38.50000   -108.00000    350.00000    410.00000   1846.50000   4600.84961   4629.16665      0.00147  1.66397E+11  7.71258E+10     -0.00000
     -0.83000
     37.50000   -111.50000    350.00000    410.00000   1680.00000   4649.30156   4696.61280      0.00296  1.70297E+11  7.98573E+10      0.00000
     -0.53000
     43.00000   -115.00000    350.00000    410.00000   2150.00000   4642.84130   4536.46500      0.00000  1.61479E+11  7.35262E+10      0.02345
     -0.57000
     41.50000   -115.50000    350.00000    410.00000   2210.00000   4684.83299   4522.76220      0.00000  1.60830E+11  7.30149E+10      0.03583
     -0.31000
     34.50000   -103.50000    350.00000    410.00000   1799.45000   4679.98779   4647.03429      0.00000  1.67410E+11  7.78412E+10      0.00709
     -0.34000
     44.50000   -113.00000    350.00000    410.00000   1920.80000   4675.14260   4602.86204      0.00000  1.64936E+11  7.60841E+10      0.01570
     -0.37000
     47.50000   -112.00000    350.00000    410.00000   1860.40000   4673.52753   4624.06761      0.00000  1.66111E+11  7.69228E+10      0.01070
     -0.38000
     44.00000   -108.00000    350.00000    410.00000   1840.30000   4671.91247   4631.46746      0.00000  1.66527E+11  7.72176E+10      0.00873
     -0.39000
     47.50000   -122.00000    350.00000    410.00000   1846.50000   4652.53169   4629.16665      0.00000  1.66397E+11  7.71258E+10      0.00505
     -0.51000
     38.50000   -108.50000    350.00000    410.00000   1691.50000   4617.00026   4691.57647      0.00536  1.69999E+11  7.96505E+10     -0.00000
     -0.73000
     35.00000   -103.00000    350.00000    410.00000   2150.00000   4671.91247   4536.46500      0.00000  1.61479E+11  7.35262E+10      0.02986
     -0.39000
     39.50000   -108.50000    350.00000    410.00000   2210.00000   4663.83714   4522.76220      0.00000  1.60830E+11  7.30149E+10      0.03119
     -0.44000
     39.50000   -110.50000    350.00000    410.00000   1799.62000   4658.99195   4646.96804      0.00000  1.67407E+11  7.78386E+10      0.00259
     -0.47000
     38.50000   -109.00000    350.00000    410.00000   1915.60000   4628.30571   4604.62683      0.00000  1.65032E+11  7.61535E+10      0.00514
     -0.66000
     38.00000   -108.50000    350.00000    410.00000   1857.80000   4621.84545   4625.01516      0.00005  1.66164E+11  7.69604E+10     -0.00000
     -0.70000
     41.50000   -113.50000    350.00000    410.00000   1838.50000   4691.29325   4632.13849      0.00000  1.66564E+11  7.72444E+10      0.01277
     -0.27000
     44.00000   -107.50000    350.00000    410.00000   1834.50000   4663.83714   4633.63458      0.00000  1.66649E+11  7.73041E+10      0.00652
     -0.44000
     48.50000   -121.00000    350.00000    410.00000   1689.50000   4647.68649   4692.44832      0.00275  1.70051E+11  7.96863E+10      0.00000
     -0.54000
     39.00000   -108.00000    350.00000    410.00000   2150.00000   4597.61948   4536.46500      0.00000  1.61479E+11  7.35262E+10      0.01348
     -0.85000
     46.50000   -119.00000    350.00000    410.00000   2210.00000   4692.90831   4522.76220      0.00000  1.60830E+11  7.30149E+10      0.03762
     -0.26000
     42.50000   -110.00000    350.00000    410.00000   1799.62000   4629.92078   4646.96804      0.00068  1.67407E+11  7.78386E+10      0.00000
     -0.65000
     42.00000   -114.00000    350.00000    410.00000   1915.60000   4692.90831   4604.62683      0.00000  1.65032E+11  7.61535E+10      0.01917
     -0.26000
     42.00000   -118.00000    350.00000    410.00000   1857.80000   4670.29740   4625.01516      0.00000  1.66164E+11  7.69604E+10      0.00979
     -0.40000
     48.00000   -110.50000    350.00000    410.00000   1838.50000   4671.91247   4632.13849      0.00000  1.66564E+11  7.72444E+10      0.00859
     -0.39000
     42.00000   -117.00000    350.00000    410.00000   1845.00000   4691.29325   4629.72180      0.00000  1.66428E+11  7.71479E+10      0.01330
     -0.27000
     44.50000   -107.50000    350.00000    410.00000   1685.00000   4688.06312   4694.41620      0.00014  1.70167E+11  7.97671E+10     -0.00000
     -0.29000
     39.00000   -109.50000    350.00000    410.00000   2150.00000   4684.83299   4536.46500      0.00000  1.61479E+11  7.35262E+10      0.03271
     -0.31000
     47.00000   -119.50000    350.00000    410.00000   2210.00000   4683.21792   4522.76220      0.00000  1.60830E+11  7.30149E+10      0.03548
     -0.32000
     47.50000   -120.50000    350.00000    410.00000   1799.59000   4673.52753   4646.97973      0.00000  1.67407E+11  7.78390E+10      0.00571
     -0.38000
     42.50000   -116.50000    350.00000    410.00000   1915.60000   4637.99610   4604.62683      0.00000  1.65032E+11  7.61535E+10      0.00725
     -0.60000
     45.00000   -119.00000    350.00000    410.00000   1857.80000   4663.83714   4625.01516      0.00000  1.66164E+11  7.69604E+10      0.00839
     -0.44000
     44.00000   -107.00000    350.00000    410.00000   1838.50000   4658.99195   4632.13849      0.00000  1.66564E+11  7.72444E+10      0.00580
     -0.47000
     43.00000   -115.50000    350.00000    410.00000   1846.00000   4634.76597   4629.35159      0.00000  1.66407E+11  7.71332E+10      0.00117
     -0.62000
     37.50000   -111.00000    350.00000    410.00000   1682.50000   4675.14260   4695.51317      0.00088  1.70232E+11  7.98121E+10      0.00000
     -0.37000
     49.00000   -111.00000    350.00000    410.00000   2150.00000   4637.99610   4536.46500      0.00000  1.61479E+11  7.35262E+10      0.02238
     -0.60000
     43.50000   -121.00000    350.00000    410.00000   2210.00000   4709.05896   4522.76220      0.00000  1.60830E+11  7.30149E+10      0.04119
     -0.16000
     41.50000   -118.00000    350.00000    410.00000   1799.29000   4700.98364   4647.09665      0.00000  1.67414E+11  7.78437E+10      0.01160
     -0.21000
     43.50000   -122.00000    350.00000    410.00000   1915.60000   4676.75766   4604.62683      0.00000  1.65032E+11  7.61535E+10      0.01566
     -0.36000
     42.00000   -115.00000    350.00000    410.00000   1857.80000   4671.91247   4625.01516      0.00000  1.66164E+11  7.69604E+10      0.01014
     -0.39000
     42.00000   -115.50000    350.00000    410.00000   1838.50000   4667.06727   4632.13849      0.00000  1.66564E+11  7.72444E+10      0.00754
     -0.42000
     41.50000   -114.50000    350.00000    410.00000   1845.00000   4699.36857   4629.72180      0.00000  1.66428E+11  7.71479E+10      0.01504
     -0.22000
     40.50000   -107.50000    350.00000    410.00000   1679.00000   4684.83299   4697.05339      0.00040  1.70323E+11  7.98754E+10     -0.00000
     -0.31000
     34.00000   -103.50000    350.00000    410.00000   2150.00000   4663.83714   4536.46500      0.00000  1.61479E+11  7.35262E+10      0.02808
     -0.44000
     43.50000   -107.50000    350.00000    410.00000   2210.00000   4655.76182   4522.76220      0.00000  1.60830E+11  7.30149E+10      0.02941
     -0.49000
     41.50000   -106.50000    350.00000    410.00000   1799.24000   4642.84130   4647.11614      0.00008  1.67415E+11  7.78445E+10     -0.00000
     -0.57000
     41.00000   -111.50000    350.00000    410.00000   1910.40000   4639.61117   4606.40309      0.00000  1.65130E+11  7.62235E+10      0.00721
     -0.59000
     35.00000   -104.00000    350.00000    410.00000   1855.20000   4676.75766   4625.96557      0.00000  1.66217E+11  7.69983E+10      0.01098
     -0.36000
     45.50000   -119.50000    350.00000    410.00000   1836.80000   4658.99195   4632.77350      0.00000  1.66600E+11  7.72697E+10      0.00566
     -0.47000
     44.00000   -114.50000    350.00000    410.00000   1846.00000   4655.76182   4629.35159      0.00000  1.66407E+11  7.71332E+10      0.00570
     -0.49000
     42.50000   -114.00000    350.00000    410.00000   1680.50000   4681.60286   4696.39266      0.00054  1.70284E+11  7.98483E+10      0.00000
     -0.33000
     42.50000   -108.00000    350.00000    410.00000   2150.00000   4681.60286   4536.46500      0.00000  1.61479E+11  7.35262E+10      0.03199
     -0.33000
     38.00000   -111.00000    350.00000    410.00000   2210.00000   4679.98779   4522.76220      0.00000  1.60830E+11  7.30149E+10      0.03476
     -0.34000
     39.50000   -110.00000    350.00000    410.00000   1799.61000   4673.52753   4646.97194      0.00000  1.67407E+11  7.78387E+10      0.00571
     -0.38000
     39.50000   -114.50000    350.00000    410.00000   1907.80000   4671.91247   4607.29552      0.00000  1.65179E+11  7.62586E+10      0.01402
     -0.39000
     42.00000   -113.50000    350.00000    410.00000   1853.90000   4683.21792   4626.44185      0.00000  1.66244E+11  7.70172E+10      0.01227
     -0.32000
     37.50000   -107.50000    350.00000    410.00000   1835.90000   4612.15506   4633.11018      0.00094  1.66619E+11  7.72832E+10     -0.00000
     -0.76000
     45.00000   -113.50000    350.00000    410.00000   1834.00000   4662.22208   4633.82207      0.00000  1.66659E+11  7.73116E+10      0.00613
     -0.45000
     47.00000   -115.50000    350.00000    410.00000   1690.50000   4686.44805   4692.01218      0.00012  1.70025E+11  7.96684E+10      0.00000
     -0.30000
     43.50000   -116.50000    350.00000    410.00000   2150.00000   4552.39766   4536.46500      0.00000  1.61479E+11  7.35262E+10      0.00351
     -1.13000
     48.50000   -110.50000    350.00000    410.00000   2210.00000   4654.14675   4522.76220      0.00000  1.60830E+11  7.30149E+10      0.02905
     -0.50000
     41.00000   -112.00000    350.00000    410.00000   1799.62000   4667.06727   4646.96804      0.00000  1.67407E+11  7.78386E+10      0.00433
     -0.42000
     48.50000   -120.50000    350.00000    410.00000   1905.20000   4675.14260   4608.19081      0.00000  1.65228E+11  7.62939E+10      0.01453
     -0.37000
     44.00000   -117.50000    350.00000    410.00000   1852.60000   4596.00441   4626.91885      0.00167  1.66271E+11  7.70362E+10     -0.00000
     -0.86000
     42.00000   -108.50000    350.00000    410.00000   1835.10000   4691.29325   4633.40974      0.00000  1.66636E+11  7.72951E+10      0.01249
     -0.27000
     38.50000   -110.00000    350.00000    410.00000   1848.50000   4670.29740   4628.42793      0.00000  1.66355E+11  7.70963E+10      0.00905
     -0.40000
     45.50000   -114.00000    350.00000    410.00000   1678.00000   4688.06312   4697.49441      0.00027  1.70349E+11  7.98936E+10     -0.00000
     -0.29000
     38.50000   -113.50000    350.00000    410.00000   2150.00000   4686.44805   4536.46500      0.00000  1.61479E+11  7.35262E+10      0.03306
     -0.30000
     44.00000   -114.00000    350.00000    410.00000   2210.00000   4675.14260   4522.76220      0.00000  1.60830E+11  7.30149E+10      0.03369
     -0.37000
     41.50000   -113.00000    350.00000    410.00000   1799.51000   4668.68234   4647.01091      0.00000  1.67409E+11  7.78403E+10      0.00466
     -0.41000
     40.00000   -108.50000    350.00000    410.00000   1905.20000   4691.29325   4608.19081      0.00000  1.65228E+11  7.62939E+10      0.01803
     -0.27000
     43.50000   -107.00000    350.00000    410.00000   1852.60000   4646.07143   4626.91885      0.00000  1.66271E+11  7.70362E+10      0.00414
     -0.55000
     38.50000   -109.50000    350.00000    410.00000   1835.10000   4646.07143   4633.40974      0.00000  1.66636E+11  7.72951E+10      0.00273
     -0.55000
     43.50000   -115.00000    350.00000    410.00000   1843.50000   4634.76597   4630.27791      0.00000  1.66459E+11  7.71701E+10      0.00097
     -0.62000
     39.50000   -108.00000    350.00000    410.00000   1691.50000   4654.14675   4691.57647      0.00215  1.69999E+11  7.96505E+10     -0.00000
     -0.50000
     39.50000   -111.00000    350.00000    410.00000   2150.00000   4639.61117   4536.46500      0.00000  1.61479E+11  7.35262E+10      0.02274
     -0.59000
     43.50000   -108.00000    350.00000    410.00000   2210.00000   4658.99195   4522.76220      0.00000  1.60830E+11  7.30149E+10      0.03012
     -0.47000
     39.50000   -111.50000    350.00000    410.00000   1799.50000   4618.61532   4647.01480      0.00147  1.67409E+11  7.78404E+10     -0.00000
     -0.72000
     41.00000   -106.50000    350.00000    410.00000   1905.20000   4644.45636   4608.19081      0.00000  1.65228E+11  7.62939E+10      0.00787
     -0.56000
     34.50000   -104.00000    350.00000    410.00000   1852.60000   4654.14675   4626.91885      0.00000  1.66271E+11  7.70362E+10      0.00588
     -0.50000
     40.00000   -110.50000    350.00000    410.00000   1835.10000   4649.30156   4633.40974      0.00000  1.66636E+11  7.72951E+10      0.00343
     -0.53000
     44.00000   -115.00000    350.00000    410.00000   1847.50000   4647.68649   4628.79707      0.00000  1.66376E+11  7.71111E+10      0.00408
     -0.54000
     38.00000   -112.00000    350.00000    410.00000   1691.50000   4676.75766   4691.57647      0.00054  1.69999E+11  7.96505E+10      0.00000
     -0.36000
     43.00000   -108.00000    350.00000    410.00000   2150.00000   4662.22208   4536.46500      0.00000  1.61479E+11  7.35262E+10      0.02772
     -0.45000
     44.00000   -113.50000    350.00000    410.00000   2210.00000   4670.29740   4522.76220      0.00000  1.60830E+11  7.30149E+10      0.03262
     -0.40000
     42.50000   -115.00000    350.00000    410.00000   1799.43000   4655.76182   4647.04208      0.00000  1.67411E+11  7.78415E+10      0.00188
     -0.49000
     40.00000   -111.00000    350.00000    410.00000   1905.20000   4642.84130   4608.19081      0.00000  1.65228E+11  7.62939E+10      0.00752
     -0.57000
     34.50000   -103.00000    350.00000    410.00000   1852.60000   4641.22623   4626.91885      0.00000  1.66271E+11  7.70362E+10      0.00309
     -0.58000
     39.00000   -112.00000    350.00000    410.00000   1835.10000   4688.06312   4633.40974      0.00000  1.66636E+11  7.72951E+10      0.01180
     -0.29000
     48.00000   -113.00000    350.00000    410.00000   1840.50000   4678.37273   4631.39298      0.00000  1.66522E+11  7.72146E+10      0.01014
     -0.35000
     41.00000   -107.00000    350.00000    410.00000   1686.50000   4667.06727   4693.75929      0.00132  1.70128E+11  7.97401E+10      0.00000
     -0.42000
     43.00000   -107.50000    350.00000    410.00000   2150.00000   4655.76182   4536.46500      0.00000  1.61479E+11  7.35262E+10      0.02630
     -0.49000
     41.50000   -107.00000    350.00000    410.00000   2210.00000   4668.68234   4522.76220      0.00000  1.60830E+11  7.30149E+10      0.03226
     -0.41000
     42.50000   -115.50000    350.00000    410.00000   1799.83000   4650.91662   4646.88622      0.00000  1.67402E+11  7.78353E+10      0.00087
     -0.52000
     43.00000   -116.00000    350.00000    410.00000   1900.00000   4629.92078   4609.99000      0.00000  1.65328E+11  7.63649E+10      0.00432
     -0.65000
     45.50000   -113.50000    350.00000    410.00000   1850.00000   4694.52338   4627.87500      0.00000  1.66324E+11  7.70743E+10      0.01440
     -0.25000
     44.50000   -106.50000    350.00000    410.00000   1833.30000   4650.91662   4634.08473      0.00000  1.66674E+11  7.73221E+10      0.00363
     -0.52000
     34.50000   -106.50000    350.00000    410.00000   1834.50000   4639.61117   4633.63458      0.00000  1.66649E+11  7.73041E+10      0.00129
     -0.59000
     38.50000   -112.00000    350.00000    410.00000   1687.00000   4676.75766   4693.54053      0.00065  1.70115E+11  7.97311E+10      0.00000
     -0.36000
     43.50000   -114.50000    350.00000    410.00000   2150.00000   4670.29740   4536.46500      0.00000  1.61479E+11  7.35262E+10      0.02950
     -0.40000
     42.00000   -109.50000    350.00000    410.00000   2210.00000   4658.99195   4522.76220      0.00000  1.60830E+11  7.30149E+10      0.03012
     -0.47000
     43.50000   -106.50000    350.00000    410.00000   1799.70000   4649.30156   4646.93687      0.00000  1.67405E+11  7.78373E+10      0.00051
     -0.53000
     40.50000   -108.00000    350.00000    410.00000   1900.00000   4689.67818   4609.99000      0.00000  1.65328E+11  7.63649E+10      0.01729
     -0.28000
     48.00000   -113.50000    350.00000    410.00000   1850.00000   4688.06312   4627.87500      0.00000  1.66324E+11  7.70743E+10      0.01301
     -0.29000
     42.50000   -112.50000    350.00000    410.00000   1833.30000   4686.44805   4634.08473      0.00000  1.66674E+11  7.73221E+10      0.01130
     -0.30000
     42.50000   -107.00000    350.00000    410.00000   1848.00000   4657.37688   4628.61245      0.00000  1.66366E+11  7.71037E+10      0.00621
     -0.48000
     48.50000   -111.00000    350.00000    410.00000   1678.00000   4652.53169   4697.49441      0.00277  1.70349E+11  7.98936E+10      0.00000
     -0.51000
     42.50000   -107.50000    350.00000    410.00000   2150.00000   4671.91247   4536.46500      0.00000  1.61479E+11  7.35262E+10      0.02986
     -0.39000
     48.00000   -111.00000    350.00000    410.00000   2210.00000   4679.98779   4522.76220      0.00000  1.60830E+11  7.30149E+10      0.03476
     -0.34000
     39.50000   -109.00000    350.00000    410.00000   1799.55000   4676.75766   4646.99532      0.00000  1.67408E+11  7.78397E+10      0.00640
     -0.36000
     42.00000   -109.00000    350.00000    410.00000   1900.00000   4676.75766   4609.99000      0.00000  1.65328E+11  7.63649E+10      0.01448
     -0.36000
     42.00000   -106.50000    350.00000    410.00000   1850.00000   4667.06727   4627.87500      0.00000  1.66324E+11  7.70743E+10      0.00847
     -0.42000
     42.50000   -106.50000    350.00000    410.00000   1833.30000   4667.06727   4634.08473      0.00000  1.66674E+11  7.73221E+10      0.00712
     -0.42000
     44.50000   -113.50000    350.00000    410.00000   1841.50000   4665.45221   4631.02087      0.00000  1.66501E+11  7.71997E+10      0.00743
     -0.43000
     41.50000   -117.00000    350.00000    410.00000   1694.50000   4694.52338   4690.27186      0.00000  1.69922E+11  7.95970E+10      0.00091
     -0.25000
     41.50000   -116.50000    350.00000    410.00000   2150.00000   4692.90831   4536.46500      0.00000  1.61479E+11  7.35262E+10      0.03449
     -0.26000
     42.00000   -116.50000    350.00000    410.00000   2210.00000   4671.91247   4522.76220      0.00000  1.60830E+11  7.30149E+10      0.03298
     -0.39000
     40.50000   -111.50000    350.00000    410.00000   1799.52000   4658.99195   4647.00701      0.00000  1.67409E+11  7.78401E+10      0.00258
     -0.47000
     44.50000   -115.50000    350.00000    410.00000   1900.00000   4654.14675   4609.99000      0.00000  1.65328E+11  7.63649E+10      0.00958
     -0.50000
     40.50000   -112.00000    350.00000    410.00000   1850.00000   4678.37273   4627.87500      0.00000  1.66324E+11  7.70743E+10      0.01091
     -0.35000
     42.00000   -107.00000    350.00000    410.00000   1833.30000   4675.14260   4634.08473      0.00000  1.66674E+11  7.73221E+10      0.00886
     -0.37000
     41.50000   -109.00000    350.00000    410.00000   1839.00000   4679.98779   4631.95195      0.00000  1.66554E+11  7.72369E+10      0.01037
     -0.34000
     40.00000   -110.00000    350.00000    410.00000   1692.50000   4671.91247   4691.14117      0.00081  1.69974E+11  7.96327E+10      0.00000
     -0.39000
     42.00000   -108.00000    350.00000    410.00000   2150.00000   4689.67818   4536.46500      0.00000  1.61479E+11  7.35262E+10      0.03377
     -0.28000
     43.00000   -107.00000    350.00000    410.00000   2210.00000   4644.45636   4522.76220      0.00000  1.60830E+11  7.30149E+10      0.02691
     -0.56000
     42.00000   -110.00000    350.00000    410.00000   1799.33000   4629.92078   4647.08106      0.00069  1.67413E+11  7.78431E+10      0.00000
     -0.65000
     43.00000   -114.50000    350.00000    410.00000   1894.80000   4681.60286   4611.80065      0.00000  1.65428E+11  7.64365E+10      0.01514
     -0.33000
     42.50000   -116.00000    350.00000    410.00000   1847.40000   4654.14675   4628.83401      0.00000  1.66378E+11  7.71125E+10      0.00547
     -0.50000
     43.50000   -115.50000    350.00000    410.00000   1831.60000   4610.54000   4634.72349      0.00116  1.66710E+11  7.73476E+10      0.00000
     -0.77000
     38.50000   -112.50000    350.00000    410.00000   1845.00000   4671.91247   4629.72180      0.00000  1.66428E+11  7.71479E+10      0.00911
     -0.39000
     39.00000   -111.00000    350.00000    410.00000   1677.50000   4668.68234   4697.71508      0.00149  1.70362E+11  7.99026E+10     -0.00000
     -0.41000
     40.00000   -109.50000    350.00000    410.00000   2150.00000   4691.29325   4536.46500      0.00000  1.61479E+11  7.35262E+10      0.03413
     -0.27000
     48.00000   -111.50000    350.00000    410.00000   2210.00000   4675.14260   4522.76220      0.00000  1.60830E+11  7.30149E+10      0.03369
     -0.37000
     39.00000   -112.50000    350.00000    410.00000   1799.08000   4675.14260   4647.17852      0.00000  1.67419E+11  7.78470E+10      0.00602
     -0.37000
     40.50000   -109.50000    350.00000    410.00000   1894.80000   4691.29325   4611.80065      0.00000  1.65428E+11  7.64365E+10      0.01724
     -0.27000
     48.50000   -113.00000    350.00000    410.00000   1847.40000   4668.68234   4628.83401      0.00000  1.66378E+11  7.71125E+10      0.00861
     -0.41000
     41.50000   -109.50000    350.00000    410.00000   1831.60000   4662.22208   4634.72349      0.00000  1.66710E+11  7.73476E+10      0.00593
     -0.45000
     38.50000   -114.50000    350.00000    410.00000   1843.00000   4673.52753   4630.46349      0.00000  1.66470E+11  7.71775E+10      0.00930
     -0.38000
     42.50000   -110.50000    350.00000    410.00000   1690.50000   4637.99610   4692.01218      0.00354  1.70025E+11  7.96684E+10      0.00000
     -0.60000
     39.50000   -109.50000    350.00000    410.00000   2150.00000   4678.37273   4536.46500      0.00000  1.61479E+11  7.35262E+10      0.03128
     -0.35000
     42.00000   -116.00000    350.00000    410.00000   2210.00000   4668.68234   4522.76220      0.00000  1.60830E+11  7.30149E+10      0.03226
     -0.41000
     41.50000   -110.00000    350.00000    410.00000   1799.55000   4644.45636   4646.99532      0.00004  1.67408E+11  7.78397E+10     -0.00000
     -0.56000
     43.00000   -106.50000    350.00000    410.00000   1889.60000   4637.99610   4613.62277      0.00000  1.65529E+11  7.65085E+10      0.00528
     -0.60000
     42.50000   -111.00000    350.00000    410.00000   1844.80000   4626.69065   4629.79589      0.00005  1.66432E+11  7.71509E+10     -0.00000
     -0.67000
     48.00000   -112.50000    350.00000    410.00000   1829.90000   4676.75766   4635.36348      0.00000  1.66747E+11  7.73732E+10      0.00893
     -0.36000
     41.50000   -108.00000    350.00000    410.00000   1846.50000   4689.67818   4629.16665      0.00000  1.66397E+11  7.71258E+10      0.01307
     -0.28000
     48.00000   -112.00000    350.00000    410.00000   1683.50000   4671.91247   4695.07407      0.00107  1.70206E+11  7.97941E+10      0.00000
     -0.39000
     44.00000   -115.50000    350.00000    410.00000   2150.00000   4636.38104   4536.46500      0.00000  1.61479E+11  7.35262E+10      0.02203
     -0.61000
     41.50000   -108.50000    350.00000    410.00000   2210.00000   4688.06312   4522.76220      0.00000  1.60830E+11  7.30149E+10      0.03655
     -0.29000
     38.50000   -121.50000    350.00000    410.00000   1799.25000   4620.23039   4647.11224      0.00135  1.67415E+11  7.78444E+10      0.00000
     -0.71000
     41.00000   -110.50000    350.00000    410.00000   1889.60000   4655.76182   4613.62277      0.00000  1.65529E+11  7.65085E+10      0.00913
     -0.49000
     45.50000   -116.00000    350.00000    410.00000   1844.80000   4655.76182   4629.79589      0.00000  1.66432E+11  7.71509E+10      0.00561
     -0.49000
     45.50000   -119.00000    350.00000    410.00000   1829.90000   4654.14675   4635.36348      0.00000  1.66747E+11  7.73732E+10      0.00405
     -0.50000
     38.50000   -111.00000    350.00000    410.00000   1846.00000   4671.91247   4629.35159      0.00000  1.66407E+11  7.71332E+10      0.00919
     -0.39000
     41.50000   -112.50000    350.00000    410.00000   1679.50000   4637.99610   4696.83304      0.00396  1.70310E+11  7.98664E+10      0.00000
     -0.60000
     41.50000   -107.50000    350.00000    410.00000   2150.00000   4686.44805   4536.46500      0.00000  1.61479E+11  7.35262E+10      0.03306
     -0.30000
     41.00000   -110.00000    350.00000    410.00000   2210.00000   4670.29740   4522.76220      0.00000  1.60830E+11  7.30149E+10      0.03262
     -0.40000
     41.50000   -116.00000    350.00000    410.00000   1799.47000   4684.83299   4647.02649      0.00000  1.67410E+11  7.78409E+10      0.00814
     -0.31000
     42.00000   -113.00000    350.00000    410.00000   1884.30000   4670.29740   4615.49173      0.00000  1.65632E+11  7.65825E+10      0.01187
     -0.40000
     40.50000   -110.50000    350.00000    410.00000   1842.20000   4657.37688   4630.76064      0.00000  1.66487E+11  7.71894E+10      0.00575
     -0.48000
     38.00000   -111.50000    350.00000    410.00000   1828.10000   4668.68234   4636.04245      0.00000  1.66785E+11  7.74004E+10      0.00704
     -0.41000
     42.00000   -114.50000    350.00000    410.00000   1846.00000   4694.52338   4629.35159      0.00000  1.66407E+11  7.71332E+10      0.01408
     -0.25000
     41.00000   -109.50000    350.00000    410.00000   1693.00000   4673.52753   4690.92369      0.00069  1.69961E+11  7.96237E+10      0.00000
     -0.38000
     48.50000   -112.50000    350.00000    410.00000   2150.00000   4675.14260   4536.46500      0.00000  1.61479E+11  7.35262E+10      0.03057
     -0.37000
     45.50000   -116.50000    350.00000    410.00000   2210.00000   4621.84545   4522.76220      0.00000  1.60830E+11  7.30149E+10      0.02191
     -0.70000
     42.00000   -107.50000    350.00000    410.00000   1799.47000   4699.36857   4647.02649      0.00000  1.67410E+11  7.78409E+10      0.01126
     -0.22000
     43.50000   -116.00000    350.00000    410.00000   1884.30000   4594.38935   4615.49173      0.00095  1.65632E+11  7.65825E+10     -0.00000
     -0.87000
     44.50000   -118.50000    350.00000    410.00000   1842.20000   4652.53169   4630.76064      0.00000  1.66487E+11  7.71894E+10      0.00470
     -0.51000
     41.00000   -111.00000    350.00000    410.00000   1828.10000   4657.37688   4636.04245      0.00000  1.66785E+11  7.74004E+10      0.00460
     -0.48000
     38.50000   -111.50000    350.00000    410.00000   1847.00000   4673.52753   4628.98181      0.00000  1.66386E+11  7.71184E+10      0.00962
     -0.38000
     45.00000   -116.00000    350.00000    410.00000   1687.00000   4662.22208   4693.54053      0.00166  1.70115E+11  7.97311E+10     -0.00000
     -0.45000
     37.50000   -108.50000    350.00000    410.00000   2150.00000   4618.61532   4536.46500      0.00000  1.61479E+11  7.35262E+10      0.01811
     -0.72000
     44.00000   -116.50000    350.00000    410.00000   2210.00000   4596.00441   4522.76220      0.00000  1.60830E+11  7.30149E+10      0.01619
     -0.86000
     40.50000   -110.00000    350.00000    410.00000   1799.78000   4673.52753   4646.90570      0.00000  1.67403E+11  7.78360E+10      0.00573
     -0.38000
     48.50000   -111.50000    350.00000    410.00000   1879.10000   4655.76182   4617.33699      0.00000  1.65735E+11  7.66556E+10      0.00832
     -0.49000
     44.00000   -116.00000    350.00000    410.00000   1839.60000   4625.07558   4631.72825      0.00016  1.66541E+11  7.72280E+10      0.00000
     -0.68000
     41.00000   -108.50000    350.00000    410.00000   1826.40000   4683.21792   4636.68496      0.00000  1.66821E+11  7.74261E+10      0.01004
     -0.32000
     41.00000   -116.00000    350.00000    410.00000   1847.00000   4712.28909   4628.98181      0.00000  1.66386E+11  7.71184E+10      0.01800
     -0.14000
     42.00000   -112.50000    350.00000    410.00000   1691.50000   4657.37688   4691.57647      0.00189  1.69999E+11  7.96505E+10     -0.00000
     -0.48000
     44.00000   -117.00000    350.00000    410.00000   2150.00000   4573.39350   4536.46500      0.00000  1.61479E+11  7.35262E+10      0.00814
     -1.00000
     41.00000   -109.00000    350.00000    410.00000   2210.00000   4692.90831   4522.76220      0.00000  1.60830E+11  7.30149E+10      0.03762
     -0.26000
     44.50000   -118.00000    350.00000    410.00000   1799.53000   4584.69896   4647.00311      0.00433  1.67409E+11  7.78400E+10      0.00000
     -0.93000
     42.50000   -111.50000    350.00000    410.00000   1879.10000   4634.76597   4617.33699      0.00000  1.65735E+11  7.66556E+10      0.00377
     -0.62000
     42.50000   -114.50000    350.00000    410.00000   1839.60000   4679.98779   4631.72825      0.00000  1.66541E+11  7.72280E+10      0.01042
     -0.34000
     41.00000   -107.50000    350.00000    410.00000   1826.40000   4673.52753   4636.68496      0.00000  1.66821E+11  7.74261E+10      0.00795
     -0.38000
     42.50000   -112.00000    350.00000    410.00000   1848.00000   4663.83714   4628.61245      0.00000  1.66366E+11  7.71037E+10      0.00761
     -0.44000
     42.00000   -110.50000    350.00000    410.00000   1693.00000   4633.15091   4690.92369      0.00387  1.69961E+11  7.96237E+10      0.00000
     -0.63000
     41.00000   -108.00000    350.00000    410.00000   2150.00000   4678.37273   4536.46500      0.00000  1.61479E+11  7.35262E+10      0.03128
     -0.35000
     45.50000   -117.50000    350.00000    410.00000   2210.00000   4579.85376   4522.76220      0.00000  1.60830E+11  7.30149E+10      0.01262
     -0.96000
     45.00000   -116.50000    350.00000    410.00000   1799.47000   4629.92078   4647.02649      0.00068  1.67410E+11  7.78409E+10      0.00000
     -0.65000
     44.50000   -116.00000    350.00000    410.00000   1873.90000   4634.76597   4619.19373      0.00000  1.65838E+11  7.67292E+10      0.00337
     -0.62000
     42.00000   -111.00000    350.00000    410.00000   1837.00000   4617.00026   4632.69873      0.00060  1.66596E+11  7.72667E+10      0.00000
     -0.73000
     41.50000   -112.00000    350.00000    410.00000   1824.60000   4629.92078   4637.36659      0.00019  1.66860E+11  7.74534E+10     -0.00000
     -0.65000
     44.50000   -117.50000    350.00000    410.00000   1841.50000   4526.55662   4631.02087      0.00819  1.66501E+11  7.71997E+10      0.00000
     -1.29000
     41.50000   -111.00000    350.00000    410.00000   1694.00000   4621.84545   4690.48903      0.00483  1.69935E+11  7.96059E+10     -0.00000
     -0.70000
     41.50000   -111.50000    350.00000    410.00000   2150.00000   4608.92493   4536.46500      0.00000  1.61479E+11  7.35262E+10      0.01597
     -0.78000
     45.00000   -118.50000    350.00000    410.00000   2210.00000   4654.14675   4522.76220      0.00000  1.60830E+11  7.30149E+10      0.02905
     -0.50000
     37.00000   -107.50000    350.00000    410.00000   1799.43000   4641.22623   4647.04208      0.00013  1.67411E+11  7.78415E+10      0.00000
     -0.58000
     44.50000   -116.50000    350.00000    410.00000   1873.90000   4602.46467   4619.19373      0.00067  1.65838E+11  7.67292E+10      0.00000
     -0.82000
     42.00000   -111.50000    350.00000    410.00000   1837.00000   4618.61532   4632.69873      0.00051  1.66596E+11  7.72667E+10      0.00000
     -0.72000
     36.00000   -108.00000    350.00000    410.00000   1824.60000   4655.76182   4637.36659      0.00000  1.66860E+11  7.74534E+10      0.00397
     -0.49000
     37.00000   -108.50000    350.00000    410.00000   1847.50000   4642.84130   4628.79707      0.00000  1.66376E+11  7.71111E+10      0.00303
     -0.57000
     42.00000   -112.00000    350.00000    410.00000   1689.50000   4637.99610   4692.44832      0.00358  1.70051E+11  7.96863E+10      0.00000
     -0.60000
     45.00000   -118.00000    350.00000    410.00000   2150.00000   4596.00441   4536.46500      0.00000  1.61479E+11  7.35262E+10      0.01312
     -0.86000
     44.50000   -117.00000    350.00000    410.00000   2210.00000   4550.78259   4522.76220      0.00000  1.60830E+11  7.30149E+10      0.00620
     -1.14000
     45.00000   -117.00000    350.00000    410.00000   1799.55000   4578.23870   4646.99532      0.00491  1.67408E+11  7.78397E+10     -0.00000
     -0.97000
     45.50000   -118.50000    350.00000    410.00000   1868.70000   4633.15091   4621.06192      0.00000  1.65943E+11  7.68033E+10      0.00262
     -0.63000
     36.50000   -108.00000    350.00000    410.00000   1834.40000   4641.22623   4633.67207      0.00000  1.66651E+11  7.73056E+10      0.00163
     -0.58000
     45.00000   -117.50000    350.00000    410.00000   1822.90000   4573.39350   4638.01162      0.00455  1.66897E+11  7.74792E+10      0.00000
     -1.00000
     38.00000   -121.50000    350.00000    410.00000   1847.00000   4589.54415   4628.98181      0.00236  1.66386E+11  7.71184E+10      0.00000
     -0.90000
     45.50000   -117.00000    350.00000    410.00000   1683.00000   4566.93324   4695.29357      0.01021  1.70219E+11  7.98031E+10      0.00000
     -1.04000
     45.50000   -118.00000    350.00000    410.00000   2150.00000   4612.15506   4536.46500      0.00000  1.61479E+11  7.35262E+10      0.01668
     -0.76000
